Team,Game,Points,G Attempts ScoreAdj%,G% Down 3+,G For Down 3+,G Agnst Down 3+,G% Down 2,G For Down 2,G Agnst Down 2,G% Down 1,G For Down 1,G Agnst Down 1,G% Tied,G For Tied,G Agnst Tied,G% Up 1,G For Up 1,G Agnst Up 1,G% Up 2,G For Up 2,G Agnst Up 2,G% Up 3+,G For Up 3+,G Agnst Up 3+,Team,Game,Points,S Attempts ScoreAdj%,S% Down 3+,S For Down 3+,S Agnst Down 3+,S% Down 2,S For Down 2,S Agnst Down 2,S% Down 1,S For Down 1,S Agnst Down 1,S% Tied,S For Tied,S Agnst Tied,S% Up 1,S For Up 1,S Agnst Up 1,S% Up 2,S For Up 2,S Agnst Up 2,S% Up 3+,S For Up 3+,S Agnst Up 3+,Team,Game,Points,M Attempts ScoreAdj%,M% Down 3+,M For Down 3+,M Agnst Down 3+,M% Down 2,M For Down 2,M Agnst Down 2,M% Down 1,M For Down 1,M Agnst Down 1,M% Tied,M For Tied,M Agnst Tied,M% Up 1,M For Up 1,M Agnst Up 1,M% Up 2,M For Up 2,M Agnst Up 2,M% Up 3+,M For Up 3+,M Agnst Up 3+,Team,Game,Points,B Attempts Score Adj%,B% Down 3+,B For Down 3+,B Agnst Down 3+,B% Down 2,B For Down 2,B Agnst Down 2,B% Down 1,B For Down 1,B Agnst Down 1,B% Tied,B For Tied,B Agnst Tied,B% Up 1,B For Up 1,B Agnst Up 1,B% Up 2,B For Up 2,B Agnst Up 2,B% Up 3+,B For Up 3+,B Agnst Up 3+,Season End,Season Type,From / To
ANA,82,101,53.21,60.00,9,6,60.71,17,11,50.77,33,32,50.00,59,59,61.02,36,23,54.05,20,17,42.11,8,11,ANA,82,101,48.46,61.82,68,42,58.11,154,111,52.55,340,307,48.01,663,718,43.50,338,439,41.14,195,279,42.32,102,139,ANA,82,101,49.47,51.67,31,29,55.04,71,58,54.58,155,129,48.03,281,304,45.50,182,218,44.44,104,130,45.69,53,63,ANA,82,101,48.92,71.43,40,16,62.07,108,66,55.49,187,150,47.36,332,369,40.99,166,239,42.04,95,131,32.11,35,74,2018,Regular,From
ARI,82,70,45.55,50.00,11,11,47.37,18,20,43.84,32,41,45.86,61,72,35.00,21,39,54.55,12,10,72.73,8,3,ARI,82,70,47.38,54.22,135,114,52.67,197,177,53.66,381,329,47.62,729,802,41.11,296,424,42.27,93,127,38.98,46,72,ARI,82,70,45.07,51.75,59,55,47.40,82,91,55.05,180,147,44.82,355,437,38.44,133,213,40.40,40,59,31.82,21,45,ARI,82,70,51.67,60.34,70,46,57.35,117,87,54.18,214,181,53.68,445,384,45.52,193,231,45.38,54,65,42.17,35,48,2018,Regular,From
BOS,82,112,54.91,54.55,6,5,62.07,18,11,51.43,36,34,50.40,63,62,58.06,36,26,64.86,24,13,58.33,14,10,BOS,82,112,53.50,68.79,108,49,59.41,202,138,57.65,343,252,51.83,766,712,48.44,326,347,51.13,136,130,50.17,147,146,BOS,82,112,53.75,62.26,33,20,63.71,79,45,61.22,161,102,51.54,317,298,46.50,146,168,53.19,75,66,45.83,66,78,BOS,82,112,54.10,64.56,51,28,66.23,100,51,60.86,185,119,52.17,373,342,45.45,170,204,48.46,63,67,48.10,76,82,2018,Regular,From
BUF,82,62,39.92,48.65,18,19,34.69,17,32,36.25,29,51,39.83,47,71,47.92,23,25,31.25,5,11,16.67,1,5,BUF,82,62,47.63,56.27,211,164,55.01,214,175,51.45,460,434,48.52,687,729,42.93,255,339,38.51,67,107,26.25,21,59,BUF,82,62,45.20,54.09,86,73,52.76,86,77,49.74,189,191,46.00,236,277,40.27,89,132,29.23,19,46,31.25,10,22,BUF,82,62,46.41,56.65,98,75,55.88,95,75,60.10,250,166,43.34,254,332,37.36,99,166,34.09,30,58,28.57,12,30,2018,Regular,From
CAR,82,83,46.69,30.43,7,16,42.86,12,16,50.00,35,35,50.36,70,69,44.87,35,43,50.00,15,15,33.33,4,8,CAR,82,83,53.91,53.33,144,126,62.54,187,112,62.23,397,241,52.97,837,743,48.87,367,384,49.82,139,140,47.62,90,99,CAR,82,83,53.56,49.61,63,64,49.64,68,69,63.57,185,106,55.90,398,314,49.69,159,161,46.09,53,62,37.68,26,43,CAR,82,83,58.21,67.46,85,41,72.79,99,37,64.19,233,130,57.51,471,348,51.58,196,184,49.01,74,77,46.34,38,44,2018,Regular,From
CBJ,82,97,53.41,61.11,11,7,50.00,17,17,50.82,31,30,53.91,69,59,54.05,40,34,55.17,16,13,52.94,9,8,CBJ,82,97,52.19,53.90,76,65,62.09,267,163,60.31,386,254,51.99,824,761,44.86,380,467,45.45,135,162,45.12,111,135,CBJ,82,97,53.41,66.22,49,25,57.65,98,72,58.96,148,103,53.61,327,283,48.14,155,167,45.60,57,68,44.34,47,59,CBJ,82,97,48.85,62.90,39,23,58.59,116,82,55.04,191,156,50.82,373,361,37.29,154,259,33.54,53,105,45.80,60,71,2018,Regular,From
CGY,82,84,47.14,50.00,11,11,32.35,11,23,50.72,35,34,49.18,60,62,41.94,26,36,57.14,16,12,46.15,6,7,CGY,82,84,52.59,62.00,155,95,58.77,201,141,53.55,339,294,52.78,845,756,48.37,327,349,46.64,139,159,52.23,82,75,CGY,82,84,54.45,67.39,93,45,60.47,104,68,54.64,159,132,54.73,422,349,48.73,153,161,49.60,62,63,52.86,37,33,CGY,82,84,53.62,68.25,86,40,64.90,135,73,58.98,197,137,52.00,428,395,47.45,158,175,50.40,63,62,38.75,31,49,2018,Regular,From
CHI,82,76,47.67,46.51,20,23,28.13,9,23,41.38,24,34,50.83,61,59,45.31,29,35,55.56,15,12,67.74,21,10,CHI,82,76,51.20,59.47,267,182,62.09,208,127,52.70,303,272,49.47,788,805,47.52,326,360,44.53,122,152,50.55,139,136,CHI,82,76,50.59,63.48,113,65,56.38,84,65,59.79,113,76,47.75,286,313,49.38,120,123,39.78,37,56,37.74,40,66,CHI,82,76,56.21,69.84,176,76,66.05,142,73,56.89,194,147,56.12,486,380,52.14,195,179,44.70,59,73,46.07,82,96,2018,Regular,From
COL,82,95,50.36,44.44,12,15,44.83,13,16,38.89,21,33,53.98,61,52,52.11,37,34,57.14,20,15,58.62,17,12,COL,82,95,47.19,56.25,90,70,56.41,132,102,52.52,333,301,46.36,644,745,44.71,355,439,35.44,129,235,40.18,88,131,COL,82,95,46.76,43.82,39,50,48.96,47,49,51.09,140,134,44.35,251,315,49.30,141,145,43.23,67,88,41.24,40,57,COL,82,95,49.50,52.63,50,45,60.29,82,54,55.35,212,171,48.70,357,376,49.64,205,208,33.99,69,134,33.88,41,80,2018,Regular,From
DAL,82,92,53.00,58.82,10,7,37.93,11,18,51.67,31,29,50.00,57,57,54.84,34,28,60.00,15,10,70.37,19,8,DAL,82,92,51.32,60.50,144,94,58.10,165,119,56.13,348,272,52.40,742,674,44.11,292,370,37.63,70,116,47.76,128,140,DAL,82,92,51.30,60.67,54,35,54.05,60,51,54.76,161,133,52.04,293,270,47.76,128,140,41.67,40,56,44.03,59,75,DAL,82,92,51.08,56.92,74,56,63.33,114,66,57.53,214,158,51.46,422,398,45.85,177,209,27.36,29,77,42.77,71,95,2018,Regular,From
DET,82,73,45.82,33.33,6,12,52.50,21,19,43.84,32,41,43.22,51,67,49.25,33,34,53.85,14,12,37.50,3,5,DET,82,73,48.72,56.19,109,85,56.20,195,152,51.58,407,382,48.91,720,752,44.95,258,316,44.97,161,197,36.17,51,90,DET,82,73,50.49,59.30,51,35,44.97,67,82,51.81,172,160,52.88,312,278,45.49,111,133,52.32,79,72,44.26,27,34,DET,82,73,46.70,63.00,63,37,55.15,91,74,53.40,220,192,46.94,299,338,39.18,114,177,35.54,59,107,31.88,22,47,2018,Regular,From
EDM,82,78,48.38,42.11,8,11,55.56,20,16,45.33,34,41,50.00,62,62,50.00,37,37,38.89,14,22,54.55,12,10,EDM,82,78,50.32,57.67,173,127,53.66,220,190,52.22,459,420,49.97,765,766,52.58,306,276,42.80,113,151,45.65,84,100,EDM,82,78,52.17,57.94,73,53,52.41,87,79,57.42,205,152,52.94,324,288,47.01,118,133,45.26,43,52,51.90,41,38,EDM,82,78,48.38,62.50,100,60,54.67,117,97,51.40,238,225,51.17,393,375,44.01,125,159,32.26,50,105,35.16,32,59,2018,Regular,From
FLA,82,96,49.26,27.78,5,13,58.82,20,14,50.00,34,34,52.38,66,60,44.74,34,42,55.88,19,15,39.13,9,14,FLA,82,96,49.89,53.16,101,89,58.62,187,132,57.99,457,331,50.66,809,788,44.19,350,442,38.06,118,192,37.74,97,160,FLA,82,96,51.10,62.71,37,22,60.58,83,54,55.31,172,139,50.69,295,287,46.51,160,184,36.76,50,86,51.16,44,42,FLA,82,96,47.39,62.07,54,33,58.82,80,56,56.27,202,157,44.82,303,373,38.10,144,234,41.96,60,83,39.52,49,75,2018,Regular,From
L.A,82,98,53.62,63.64,14,8,54.55,18,15,47.83,33,36,46.34,57,66,60.00,33,22,69.57,16,7,73.33,11,4,L.A,82,98,49.59,50.21,117,116,56.99,212,160,53.94,390,333,51.31,684,649,45.88,284,335,36.67,110,190,44.86,96,118,L.A,82,98,48.98,62.24,61,37,52.90,82,73,52.07,189,174,51.24,331,315,43.37,108,141,37.40,49,82,38.04,35,57,L.A,82,98,50.45,59.26,64,44,50.28,89,88,59.20,222,153,51.46,369,348,51.03,173,166,32.26,50,105,29.91,32,75,2018,Regular,From
MIN,82,101,52.74,40.00,8,12,51.85,14,13,47.46,28,31,50.00,59,59,60.87,42,27,69.05,29,13,45.16,14,17,MIN,82,101,49.69,49.66,74,75,60.74,164,106,54.09,324,275,48.13,671,723,47.18,360,403,42.81,143,191,45.55,128,153,MIN,82,101,44.71,52.94,27,24,57.14,56,42,52.51,136,123,40.97,229,330,39.55,123,188,40.43,57,84,40.00,54,81,MIN,82,101,45.66,53.42,39,34,58.33,70,50,51.34,153,145,44.57,328,408,38.70,149,236,36.70,69,119,37.58,59,98,2018,Regular,From
MTL,82,71,44.42,44.83,13,16,30.30,10,23,40.98,25,36,45.61,52,62,46.43,26,30,52.00,13,12,61.54,8,5,MTL,82,71,50.33,59.89,212,142,55.83,201,159,52.62,402,362,49.91,797,800,46.83,236,268,47.77,161,176,40.70,35,51,MTL,82,71,48.76,59.03,85,59,58.22,85,61,47.74,127,139,49.29,313,322,49.55,109,111,40.29,56,83,25.58,11,32,MTL,82,71,49.99,60.00,117,78,60.35,137,90,54.55,216,180,51.97,461,426,39.49,124,190,44.81,95,117,22.95,14,47,2018,Regular,From
N.J,82,97,48.68,57.14,8,6,50.00,17,17,49.30,35,36,48.89,66,69,45.45,30,36,52.00,13,12,41.18,7,10,N.J,82,97,49.78,53.06,78,69,51.92,149,138,55.71,468,372,49.82,698,703,45.29,327,395,43.84,121,155,45.27,110,133,N.J,82,97,46.82,60.00,45,30,52.78,76,68,50.86,177,171,43.73,251,323,44.58,144,179,36.59,45,78,50.00,54,54,N.J,82,97,46.42,65.56,59,31,47.10,73,82,55.73,209,166,46.46,302,348,38.65,126,200,37.23,51,86,31.73,33,71,2018,Regular,From
NSH,82,117,56.66,42.86,3,4,68.42,13,6,57.89,33,24,61.40,70,44,56.25,45,35,45.71,16,19,48.00,12,13,NSH,82,117,50.73,55.86,62,49,55.36,93,75,58.04,343,248,51.18,762,727,42.95,381,506,45.06,178,217,46.50,153,176,NSH,82,117,54.57,68.75,33,15,66.67,50,25,57.79,141,103,58.79,351,246,44.69,164,203,45.34,73,88,41.94,52,72,NSH,82,117,52.89,67.86,38,18,58.33,56,40,60.78,186,120,52.80,386,345,43.37,206,269,43.90,90,115,45.40,74,89,2018,Regular,From
NYI,82,80,47.63,53.57,15,13,50.00,20,20,41.98,34,47,47.14,66,74,46.38,32,37,60.61,20,13,44.00,11,14,NYI,82,80,46.48,51.73,179,167,46.06,187,219,53.15,414,365,48.37,610,651,39.32,291,449,41.31,126,179,42.91,112,149,NYI,82,80,46.34,45.33,68,82,61.41,113,71,49.23,159,164,45.19,221,268,42.15,110,151,40.68,48,70,42.99,46,61,NYI,82,80,49.02,63.87,122,69,59.29,134,92,54.13,223,189,49.38,320,328,39.39,141,217,40.36,67,99,38.52,47,75,2018,Regular,From
NYR,82,77,45.22,57.69,15,11,44.19,19,24,43.53,37,48,42.75,59,79,43.55,27,35,54.55,12,10,50.00,3,3,NYR,82,77,45.25,46.71,149,170,54.73,249,206,49.84,470,473,46.03,678,795,37.58,239,397,40.34,96,142,46.46,46,53,NYR,82,77,45.95,51.24,62,59,59.24,109,75,50.46,164,161,44.03,247,314,38.43,98,157,46.43,52,60,37.21,16,27,NYR,82,77,44.43,47.18,67,75,57.48,123,91,52.67,217,195,45.51,309,370,34.67,112,211,38.24,52,84,19.57,9,37,2018,Regular,From
OTT,82,67,43.73,64.52,20,11,24.44,11,34,46.34,38,44,43.08,56,74,47.54,29,32,41.94,13,18,33.33,4,8,OTT,82,67,47.29,52.22,165,151,49.58,178,181,53.15,490,432,47.19,664,743,44.91,269,330,37.84,98,161,45.00,45,55,OTT,82,67,46.66,55.45,61,49,54.12,92,78,50.64,197,192,48.03,292,316,41.63,102,143,35.71,40,72,29.55,13,31,OTT,82,67,45.06,62.18,97,59,59.38,152,104,55.21,281,228,41.92,327,453,34.60,109,206,32.79,40,82,31.03,18,40,2018,Regular,From
PHI,82,98,52.78,69.23,9,4,40.00,12,18,54.84,34,28,54.96,72,59,51.35,38,36,56.25,18,14,42.86,9,12,PHI,82,98,50.73,53.59,97,84,57.97,171,124,56.10,322,252,50.25,802,794,47.03,333,375,43.35,150,196,47.06,72,81,PHI,82,98,47.77,62.69,42,25,51.26,61,58,51.49,121,114,48.97,357,372,41.64,122,171,39.42,54,83,37.14,26,44,PHI,82,98,48.44,64.36,65,36,61.64,90,56,56.21,181,141,48.56,405,429,36.98,142,242,40.65,63,92,33.77,26,51,2018,Regular,From
PIT,82,100,50.29,34.78,8,15,51.52,17,16,52.56,41,37,49.62,65,66,52.11,37,34,51.43,18,17,56.25,9,7,PIT,82,100,53.46,54.58,137,114,57.10,185,139,56.37,394,305,55.90,834,658,47.83,331,361,52.68,167,150,42.55,117,158,PIT,82,100,52.47,60.40,61,40,55.00,77,63,54.98,149,122,50.61,292,285,49.24,129,133,55.56,80,64,48.28,42,45,PIT,82,100,50.06,48.09,63,68,59.28,99,68,58.21,195,140,50.56,362,354,46.13,155,181,38.04,70,114,39.32,46,71,2018,Regular,From
S.J,82,100,49.25,50.00,6,6,54.55,18,15,51.39,37,35,44.62,58,72,48.57,34,36,61.11,22,14,45.00,9,11,S.J,82,100,51.98,54.36,81,68,64.65,128,70,55.04,475,388,53.71,753,649,47.29,305,340,39.26,159,246,49.37,118,121,S.J,82,100,53.11,61.19,41,26,55.24,58,47,57.95,204,148,53.52,342,297,48.87,152,159,52.27,92,84,35.40,40,73,S.J,82,100,49.44,52.81,47,42,62.86,88,52,55.60,268,214,49.02,424,441,43.78,183,235,41.22,101,144,34.93,51,95,2018,Regular,From
STL,82,94,51.96,47.83,11,12,31.03,9,20,44.23,23,29,57.66,64,47,56.52,39,30,58.33,21,15,52.00,13,12,STL,82,94,52.11,53.73,137,118,57.37,183,136,53.63,325,281,53.44,769,670,49.36,385,395,44.12,135,171,48.76,98,103,STL,82,94,54.57,64.71,66,36,62.93,73,43,56.64,145,111,56.86,311,236,45.76,151,179,45.00,63,77,58.33,35,25,STL,82,94,49.39,56.72,76,58,51.35,76,72,55.13,188,153,48.67,402,424,46.17,205,239,41.95,73,101,40.40,40,59,2018,Regular,From
T.B,82,113,56.15,69.23,9,4,44.12,15,19,58.46,38,27,54.13,59,50,65.33,49,26,56.60,30,23,46.88,15,17,T.B,82,113,50.35,55.56,95,76,48.25,124,133,58.50,375,266,51.81,714,664,45.93,316,372,40.28,205,304,43.56,159,206,T.B,82,113,55.37,61.19,41,26,62.39,73,44,56.16,155,121,57.45,297,220,54.70,157,130,45.77,92,109,43.57,61,79,T.B,82,113,53.40,61.25,49,31,58.68,71,50,57.24,174,130,52.62,362,326,49.86,183,184,44.49,101,126,44.97,67,82,2018,Regular,From
TOR,82,105,53.08,90.00,9,1,51.43,18,17,51.67,31,29,53.72,65,56,52.63,40,36,55.77,29,23,44.44,16,20,TOR,82,105,48.71,64.49,69,38,60.99,233,149,55.28,330,267,44.12,668,846,44.52,321,400,44.93,204,250,45.50,172,206,TOR,82,105,50.40,55.10,27,22,56.97,94,71,60.92,173,111,48.33,332,355,43.58,129,167,47.06,80,90,41.46,68,96,TOR,82,105,55.39,53.33,32,28,65.75,119,62,67.38,190,92,55.18,421,342,45.43,164,197,45.41,104,125,44.62,83,103,2018,Regular,From
VAN,82,73,45.68,45.00,9,11,33.33,13,26,48.65,36,38,43.09,53,70,45.83,22,26,65.38,17,9,46.67,7,8,VAN,82,73,47.30,51.46,123,116,54.40,278,233,55.58,463,370,46.69,593,677,40.04,219,328,39.02,96,150,41.10,90,129,VAN,82,73,46.72,53.70,58,50,47.37,99,110,51.72,165,154,50.80,287,278,42.03,87,120,35.79,34,61,29.59,29,69,VAN,82,73,47.16,57.55,61,45,57.68,139,102,54.98,243,199,47.87,292,318,39.20,98,152,32.00,40,85,33.03,36,73,2018,Regular,From
VGK,82,109,53.70,50.00,8,8,30.43,7,16,63.93,39,22,56.92,74,56,49.41,42,43,58.14,25,18,47.83,11,12,VGK,82,109,51.73,53.73,72,62,66.84,131,65,53.30,339,297,52.56,821,741,46.27,341,396,48.47,158,168,42.94,149,198,VGK,82,109,51.21,53.13,34,30,59.79,58,39,57.37,179,133,49.84,314,316,47.00,141,159,47.06,64,72,43.31,68,89,VGK,82,109,52.60,56.58,43,33,68.29,84,39,58.72,202,142,52.74,404,362,43.31,165,216,44.06,89,113,42.16,78,107,2018,Regular,From
WPG,82,114,55.06,38.10,8,13,43.75,7,9,52.73,29,26,60.55,66,43,63.51,47,27,48.98,24,25,52.94,18,16,WPG,82,114,52.10,51.88,124,115,59.83,137,92,56.40,251,194,51.66,655,613,47.84,398,434,49.48,238,243,45.01,158,193,WPG,82,114,52.88,65.91,58,30,55.95,47,37,51.83,99,92,46.60,247,283,52.45,203,184,54.46,116,97,51.52,68,64,WPG,82,114,52.22,64.89,85,46,64.84,59,32,58.15,132,95,49.78,342,345,47.67,194,213,42.28,115,157,40.98,75,108,2018,Regular,From
WSH,82,105,52.56,56.25,9,7,48.39,15,16,56.25,36,28,53.44,70,61,55.22,37,30,51.35,19,18,38.46,10,16,WSH,82,105,47.65,59.20,148,102,59.07,127,88,53.29,300,263,44.93,611,749,44.94,320,392,40.21,150,223,40.00,90,135,WSH,82,105,47.53,52.25,58,53,48.86,43,45,51.76,147,137,48.38,328,350,41.21,150,214,46.11,89,104,38.89,35,55,WSH,82,105,50.73,68.18,90,42,61.83,81,50,58.41,191,136,48.98,337,351,44.17,182,230,39.34,83,128,37.27,41,69,2018,Regular,From
ANA,81,99,52.94,60.00,9,6,60.71,17,11,50.77,33,32,50.00,59,59,60.34,35,23,52.78,19,17,42.11,8,11,ANA,81,99,48.48,61.82,68,42,58.11,154,111,52.55,340,307,48.04,661,715,43.77,330,424,40.75,185,269,42.32,102,139,ANA,81,99,49.40,51.67,31,29,55.04,71,58,54.58,155,129,48.12,281,303,45.27,177,214,44.24,96,121,45.69,53,63,ANA,81,99,49.03,71.43,40,16,62.07,108,66,55.49,187,150,47.56,332,366,41.52,164,231,41.40,89,126,32.11,35,74,2018,Regular,From
ARI,81,70,45.77,50.00,11,11,48.65,18,19,44.44,32,40,45.86,61,72,35.00,21,39,54.55,12,10,72.73,8,3,ARI,81,70,47.32,54.22,135,114,52.82,187,167,53.28,366,321,47.58,726,800,41.11,296,424,42.27,93,127,38.98,46,72,ARI,81,70,45.03,51.75,59,55,46.79,73,83,55.35,176,142,44.75,354,437,38.44,133,213,40.40,40,59,31.82,21,45,ARI,81,70,51.61,60.34,70,46,58.03,112,81,53.51,206,179,53.51,442,384,45.52,193,231,45.38,54,65,42.17,35,48,2018,Regular,From
BOS,81,112,55.39,54.55,6,5,62.07,18,11,52.24,35,32,51.22,63,60,58.06,36,26,64.86,24,13,58.33,14,10,BOS,81,112,53.38,68.79,108,49,58.13,186,134,57.64,332,244,51.77,762,710,48.44,326,347,51.13,136,130,50.17,147,146,BOS,81,112,53.68,62.26,33,20,63.93,78,44,61.02,155,99,51.47,315,297,46.50,146,168,53.19,75,66,45.83,66,78,BOS,81,112,53.92,64.56,51,28,64.79,92,50,60.20,177,117,52.24,373,341,45.45,170,204,48.46,63,67,48.10,76,82,2018,Regular,From
BUF,81,62,39.87,47.22,17,19,34.04,16,31,37.18,29,49,39.83,47,71,47.92,23,25,31.25,5,11,16.67,1,5,BUF,81,62,47.43,54.71,186,154,54.92,212,174,51.25,452,430,48.55,686,727,42.93,255,339,38.51,67,107,26.25,21,59,BUF,81,62,45.33,56.85,83,63,52.47,85,77,49.34,186,191,46.09,236,276,40.27,89,132,29.23,19,46,31.25,10,22,BUF,81,62,46.24,53.95,82,70,55.36,93,75,60.64,248,161,43.34,254,332,37.36,99,166,34.09,30,58,28.57,12,30,2018,Regular,From
CAR,81,81,46.53,30.43,7,16,42.86,12,16,50.00,35,35,49.64,68,69,44.74,34,42,51.72,15,14,33.33,4,8,CAR,81,81,53.81,53.33,144,126,62.54,187,112,62.23,397,241,53.02,833,738,48.57,339,359,48.72,133,140,47.62,90,99,CAR,81,81,53.43,49.61,63,64,49.64,68,69,63.57,185,106,55.85,396,313,49.20,153,158,46.09,53,62,37.68,26,43,CAR,81,81,58.10,67.46,85,41,72.79,99,37,64.19,233,130,57.42,468,347,51.24,186,177,48.65,72,76,46.34,38,44,2018,Regular,From
CBJ,81,97,53.58,58.82,10,7,50.00,17,17,51.67,31,29,54.33,69,58,54.05,40,34,55.17,16,13,52.94,9,8,CBJ,81,97,52.21,54.07,73,62,62.84,257,152,59.97,379,253,52.00,818,755,44.86,380,467,45.45,135,162,45.12,111,135,CBJ,81,97,53.59,65.75,48,25,58.97,92,64,59.51,147,100,53.62,326,282,48.14,155,167,45.60,57,68,44.34,47,59,CBJ,81,97,48.99,61.02,36,23,59.89,112,75,55.52,191,153,50.75,371,360,37.29,154,259,33.54,53,105,45.80,60,71,2018,Regular,From
CGY,81,82,46.67,50.00,11,11,32.35,11,23,50.72,35,34,48.76,59,62,40.98,25,36,55.56,15,12,45.45,5,6,CGY,81,82,52.57,62.00,155,95,58.77,201,141,53.55,339,294,52.82,843,753,48.37,327,349,46.55,135,155,52.27,69,63,CGY,81,82,54.40,67.39,93,45,60.47,104,68,54.64,159,132,54.68,421,349,48.73,153,161,49.58,59,60,54.39,31,26,CGY,81,82,53.60,68.25,86,40,64.90,135,73,58.98,197,137,51.95,427,395,47.45,158,175,48.76,59,62,40.98,25,36,2018,Regular,From
CHI,81,76,47.79,45.24,19,23,29.03,9,22,42.11,24,33,50.83,61,59,45.31,29,35,55.56,15,12,67.74,21,10,CHI,81,76,51.32,60.59,246,160,62.16,207,126,52.80,302,270,49.46,783,800,47.52,326,360,44.53,122,152,50.55,139,136,CHI,81,76,50.79,65.50,112,59,56.16,82,64,60.11,113,75,47.73,284,311,49.38,120,123,39.78,37,56,37.74,40,66,CHI,81,76,56.55,72.96,170,63,66.05,142,73,56.76,193,147,56.23,483,376,52.14,195,179,44.70,59,73,46.07,82,96,2018,Regular,From
COL,81,93,49.98,44.44,12,15,44.83,13,16,38.89,21,33,53.57,60,52,51.43,36,34,54.55,18,15,60.71,17,11,COL,81,93,47.04,56.25,90,70,56.41,132,102,52.52,333,301,46.07,633,741,44.73,348,430,34.52,116,220,40.18,88,131,COL,81,93,46.55,43.82,39,50,48.96,47,49,51.09,140,134,44.13,248,314,48.94,139,145,42.57,63,85,41.67,40,56,COL,81,93,49.50,52.63,50,45,60.29,82,54,55.35,212,171,48.35,351,375,49.75,200,202,34.39,65,124,34.75,41,77,2018,Regular,From
DAL,81,90,52.75,58.82,10,7,37.93,11,18,51.67,31,29,49.56,56,57,54.10,33,28,58.33,14,10,75.00,18,6,DAL,81,90,51.56,60.50,144,94,58.10,165,119,56.13,348,272,52.41,739,671,44.09,291,369,40.00,64,96,49.03,126,131,DAL,81,90,51.32,60.67,54,35,54.05,60,51,54.76,161,133,52.04,293,270,47.57,127,140,43.53,37,48,43.31,55,72,DAL,81,90,51.19,56.92,74,56,63.33,114,66,57.53,214,158,51.47,421,397,45.71,176,209,26.80,26,71,44.10,71,90,2018,Regular,From
DET,81,72,45.91,33.33,6,12,52.50,21,19,43.84,32,41,43.10,50,66,49.23,32,33,56.00,14,11,37.50,3,5,DET,81,72,48.63,56.19,109,85,56.20,195,152,51.58,407,382,48.99,706,735,44.22,237,299,44.94,160,196,36.17,51,90,DET,81,72,50.50,59.30,51,35,44.97,67,82,51.81,172,160,52.68,305,274,46.09,106,124,52.67,79,71,44.26,27,34,DET,81,72,46.34,63.00,63,37,55.15,91,74,53.40,220,192,46.89,294,333,37.00,101,172,35.15,58,107,31.88,22,47,2018,Regular,From
EDM,81,76,48.50,42.11,8,11,55.56,20,16,44.59,33,41,50.41,62,61,50.68,37,36,38.89,14,22,54.55,12,10,EDM,81,76,50.34,57.67,173,127,53.66,220,190,52.28,459,419,49.90,734,737,52.76,306,274,42.80,113,151,45.65,84,100,EDM,81,76,52.16,57.94,73,53,52.41,87,79,57.18,203,152,53.07,311,275,47.20,118,132,45.26,43,52,51.90,41,38,EDM,81,76,48.23,62.50,100,60,54.67,117,97,51.30,237,225,50.94,380,366,43.82,124,159,32.26,50,105,35.16,32,59,2018,Regular,From
FLA,81,94,48.85,27.78,5,13,58.82,20,14,50.00,34,34,51.61,64,60,43.84,32,41,55.88,19,15,39.13,9,14,FLA,81,94,50.04,53.16,101,89,58.62,187,132,57.99,457,331,50.72,807,784,44.24,342,431,39.31,114,176,37.74,97,160,FLA,81,94,51.19,62.71,37,22,60.58,83,54,55.31,172,139,50.78,294,285,46.87,157,178,36.57,49,85,51.16,44,42,FLA,81,94,47.61,62.07,54,33,58.82,80,56,56.27,202,157,44.74,302,373,38.59,142,226,44.03,59,75,39.52,49,75,2018,Regular,From
L.A,81,98,53.96,63.16,12,7,56.25,18,14,48.53,33,35,46.72,57,65,60.00,33,22,69.57,16,7,73.33,11,4,L.A,81,98,49.37,48.65,108,114,55.49,192,154,53.95,389,332,51.32,681,646,45.88,284,335,36.67,110,190,44.86,96,118,L.A,81,98,48.94,63.74,58,33,51.39,74,70,52.21,189,173,51.24,331,315,43.37,108,141,37.40,49,82,38.04,35,57,L.A,81,98,50.37,57.28,59,44,49.40,83,85,59.36,222,152,51.47,368,347,51.03,173,166,32.26,50,105,29.91,32,75,2018,Regular,From
MIN,81,99,52.44,40.00,8,12,51.85,14,13,47.46,28,31,49.14,57,59,60.61,40,26,69.23,27,12,46.67,14,16,MIN,81,99,49.72,49.66,74,75,60.74,164,106,54.09,324,275,48.01,662,717,47.04,357,402,43.03,142,188,46.77,123,140,MIN,81,99,44.79,52.94,27,24,57.14,56,42,52.51,136,123,41.06,225,323,39.48,122,187,40.29,56,83,40.94,52,75,MIN,81,99,45.43,53.42,39,34,58.33,70,50,51.34,153,145,44.23,314,396,38.64,148,235,36.41,67,117,36.73,54,93,2018,Regular,From
MTL,81,71,44.51,44.83,13,16,30.30,10,23,40.68,24,35,46.02,52,61,46.43,26,30,52.00,13,12,61.54,8,5,MTL,81,71,50.29,59.89,212,142,55.83,201,159,52.58,387,349,49.78,787,794,46.83,236,268,47.77,161,176,40.70,35,51,MTL,81,71,48.79,59.03,85,59,58.22,85,61,47.84,122,133,49.28,308,317,49.55,109,111,40.29,56,83,25.58,11,32,MTL,81,71,50.17,60.00,117,78,60.35,137,90,55.12,210,171,52.11,456,419,39.49,124,190,44.81,95,117,22.95,14,47,2018,Regular,From
N.J,81,97,48.90,57.14,8,6,48.48,16,17,49.25,33,34,50.00,66,66,45.45,30,36,52.00,13,12,41.18,7,10,N.J,81,97,49.82,53.06,78,69,51.84,141,131,55.74,461,366,49.89,694,697,45.29,327,395,43.84,121,155,45.27,110,133,N.J,81,97,47.17,60.00,45,30,53.73,72,62,51.33,174,165,44.25,250,315,44.58,144,179,36.59,45,78,50.00,54,54,N.J,81,97,46.41,65.56,59,31,46.58,68,78,55.59,204,163,46.50,299,344,38.65,126,200,37.23,51,86,31.73,33,71,2018,Regular,From
NSH,81,115,56.57,42.86,3,4,68.42,13,6,57.89,33,24,61.06,69,44,55.70,44,35,45.71,16,19,50.00,12,12,NSH,81,115,50.75,55.86,62,49,55.36,93,75,58.04,343,248,51.18,756,721,43.23,380,499,44.65,167,207,46.44,150,173,NSH,81,115,54.46,68.75,33,15,66.67,50,25,57.79,141,103,58.82,350,245,44.35,161,202,44.22,65,82,42.28,52,71,NSH,81,115,52.81,67.86,38,18,58.33,56,40,60.78,186,120,52.88,385,343,43.01,203,269,42.78,83,111,46.25,74,86,2018,Regular,From
NYI,81,78,47.45,53.57,15,13,48.72,19,20,41.77,33,46,47.10,65,73,46.38,32,37,60.61,20,13,44.00,11,14,NYI,81,78,46.48,51.73,179,167,46.04,186,218,53.58,397,344,48.21,593,637,39.32,291,449,41.31,126,179,42.91,112,149,NYI,81,78,46.24,45.33,68,82,61.20,112,71,48.54,150,159,45.40,217,261,42.15,110,151,40.68,48,70,42.99,46,61,NYI,81,78,49.31,63.87,122,69,59.56,134,91,55.33,218,176,49.37,315,323,39.39,141,217,40.36,67,99,38.52,47,75,2018,Regular,From
NYR,81,77,45.68,62.50,15,9,45.24,19,23,43.53,37,48,43.07,59,78,43.55,27,35,54.55,12,10,50.00,3,3,NYR,81,77,45.44,47.21,144,161,54.89,247,203,50.33,463,457,46.08,676,791,37.58,239,397,40.34,96,142,46.46,46,53,NYR,81,77,45.75,50.44,57,56,59.02,108,75,50.00,159,159,43.99,245,312,38.43,98,157,46.43,52,60,37.21,16,27,NYR,81,77,44.35,46.56,61,70,56.94,119,90,52.72,213,191,45.40,306,368,34.67,112,211,38.24,52,84,19.57,9,37,2018,Regular,From
OTT,81,67,43.85,64.52,20,11,23.26,10,33,47.50,38,42,42.97,55,73,47.54,29,32,41.94,13,18,33.33,4,8,OTT,81,67,47.36,52.22,165,151,50.14,177,176,53.20,482,424,47.21,661,739,45.00,261,319,37.84,98,161,45.00,45,55,OTT,81,67,46.81,55.45,61,49,55.21,90,73,51.18,195,186,48.02,291,315,41.25,99,141,35.71,40,72,29.55,13,31,OTT,81,67,45.20,62.18,97,59,59.84,152,102,55.56,280,224,42.01,326,450,34.29,107,205,32.79,40,82,31.03,18,40,2018,Regular,From
PHI,81,96,52.26,69.23,9,4,40.00,12,18,54.84,34,28,54.62,71,59,51.35,38,36,54.84,17,14,36.84,7,12,PHI,81,96,50.47,53.59,97,84,57.97,171,124,56.10,322,252,50.19,798,792,46.28,317,368,43.11,147,194,45.32,63,76,PHI,81,96,47.85,62.69,42,25,51.26,61,58,51.49,121,114,48.97,355,370,41.96,120,166,39.71,54,82,37.10,23,39,PHI,81,96,48.43,64.36,65,36,61.64,90,56,56.21,181,141,48.61,403,426,36.70,138,238,41.33,62,88,31.82,21,45,2018,Regular,From
PIT,81,98,49.91,34.78,8,15,51.52,17,16,52.56,41,37,49.62,65,66,51.43,36,34,50.00,17,17,53.33,8,7,PIT,81,98,53.58,54.58,137,114,57.10,185,139,56.37,394,305,55.84,827,654,47.82,329,359,53.42,164,143,43.85,114,146,PIT,81,98,52.37,60.40,61,40,55.00,77,63,54.98,149,122,50.79,291,282,49.42,128,131,54.61,77,64,46.99,39,44,PIT,81,98,50.27,48.09,63,68,59.28,99,68,58.21,195,140,50.77,361,350,46.53,154,177,38.33,69,111,39.81,43,65,2018,Regular,From
S.J,81,100,49.59,45.45,5,6,56.67,17,13,52.17,36,33,45.31,58,70,48.57,34,36,61.11,22,14,45.00,9,11,S.J,81,100,51.97,51.91,68,63,64.43,125,69,55.18,474,385,53.86,747,640,47.29,305,340,39.26,159,246,49.37,118,121,S.J,81,100,52.99,59.32,35,24,55.34,57,46,58.00,203,147,53.34,335,293,48.87,152,159,52.27,92,84,35.40,40,73,S.J,81,100,49.55,53.16,42,37,63.24,86,50,55.63,267,213,49.11,412,427,43.78,183,235,41.22,101,144,34.93,51,95,2018,Regular,From
STL,81,94,52.41,45.45,10,12,33.33,9,18,45.10,23,28,58.18,64,46,56.52,39,30,58.33,21,15,52.00,13,12,STL,81,94,52.26,53.73,137,118,57.73,168,123,53.56,316,274,53.72,765,659,49.36,385,395,44.12,135,171,48.76,98,103,STL,81,94,54.77,64.36,65,36,64.22,70,39,57.09,145,109,57.09,310,233,45.76,151,179,45.00,63,77,58.33,35,25,STL,81,94,49.40,55.73,73,58,49.25,66,68,55.15,182,148,48.96,401,418,46.17,205,239,41.95,73,101,40.40,40,59,2018,Regular,From
T.B,81,112,56.35,69.23,9,4,42.42,14,19,58.73,37,26,55.14,59,48,65.33,49,26,56.60,30,23,46.88,15,17,T.B,81,112,50.54,55.56,95,76,49.40,124,127,59.52,350,238,51.79,709,660,45.93,316,372,40.28,205,304,43.56,159,206,T.B,81,112,55.56,61.19,41,26,62.39,73,44,56.93,152,115,57.59,296,218,54.70,157,130,45.77,92,109,43.57,61,79,T.B,81,112,53.70,61.25,49,31,59.32,70,48,58.19,167,120,52.78,361,323,49.86,183,184,44.49,101,126,44.97,67,82,2018,Regular,From
TOR,81,103,52.98,90.00,9,1,51.43,18,17,51.67,31,29,53.33,64,56,52.70,39,35,55.77,29,23,44.44,16,20,TOR,81,103,48.74,64.49,69,38,60.99,233,149,55.28,330,267,44.19,662,836,44.44,308,385,44.93,204,250,45.50,172,206,TOR,81,103,50.34,55.10,27,22,56.97,94,71,60.92,173,111,48.30,327,350,43.16,123,162,47.06,80,90,41.46,68,96,TOR,81,103,55.30,53.33,32,28,65.75,119,62,67.38,190,92,55.13,414,337,44.80,155,191,45.41,104,125,44.62,83,103,2018,Regular,From
VAN,81,72,45.47,45.00,9,11,33.33,13,26,47.95,35,38,42.62,52,70,46.81,22,25,65.38,17,9,46.67,7,8,VAN,81,72,47.24,51.46,123,116,54.40,278,233,55.48,461,370,46.61,564,646,39.93,218,328,39.02,96,150,41.10,90,129,VAN,81,72,46.66,53.70,58,50,47.37,99,110,51.57,164,154,50.83,274,265,42.44,87,118,35.79,34,61,29.59,29,69,VAN,81,72,47.29,57.55,61,45,57.68,139,102,55.10,243,198,48.13,283,305,39.36,98,151,32.00,40,85,33.03,36,73,2018,Regular,From
VGK,81,109,54.15,50.00,7,7,31.82,7,15,65.00,39,21,57.36,74,55,49.41,42,43,58.14,25,18,47.83,11,12,VGK,81,109,51.79,55.05,60,49,67.55,127,61,53.30,339,297,52.54,818,739,46.27,341,396,48.47,158,168,42.94,149,198,VGK,81,109,51.30,52.94,27,24,60.44,55,36,57.37,179,133,49.92,314,315,47.00,141,159,47.06,64,72,43.31,68,89,VGK,81,109,52.71,52.63,30,27,70.59,84,35,58.72,202,142,52.81,404,361,43.31,165,216,44.06,89,113,42.16,78,107,2018,Regular,From
WPG,81,112,55.00,38.10,8,13,43.75,7,9,52.73,29,26,60.55,66,43,63.01,46,27,47.92,23,25,54.55,18,15,WPG,81,112,52.03,51.88,124,115,59.83,137,92,56.40,251,194,51.67,650,608,47.77,396,433,49.48,237,242,44.16,136,172,WPG,81,112,52.69,65.91,58,30,55.95,47,37,51.83,99,92,46.58,245,281,52.33,202,184,54.76,115,95,49.60,62,63,WPG,81,112,51.98,64.89,85,46,64.84,59,32,58.15,132,95,49.71,338,342,47.78,194,212,42.28,115,157,37.80,62,102,2018,Regular,From
WSH,81,103,52.36,56.25,9,7,48.39,15,16,56.25,36,28,52.34,67,61,55.56,35,28,52.78,19,17,38.46,10,16,WSH,81,103,47.59,59.20,148,102,59.07,127,88,53.29,300,263,44.81,605,745,44.92,314,385,39.94,143,215,40.00,90,135,WSH,81,103,47.09,52.25,58,53,48.86,43,45,51.76,147,137,47.83,320,349,40.56,144,211,45.36,83,100,38.89,35,55,WSH,81,103,50.74,68.18,90,42,61.83,81,50,58.41,191,136,48.90,333,348,44.31,179,225,39.11,79,123,37.27,41,69,2018,Regular,From
ANA,80,97,52.90,60.00,9,6,60.71,17,11,50.77,33,32,49.57,58,59,58.93,33,23,54.55,18,15,44.44,8,10,ANA,80,97,48.39,61.82,68,42,58.11,154,111,52.55,340,307,48.07,661,714,43.55,321,416,40.37,176,260,41.84,100,139,ANA,80,97,49.35,51.67,31,29,55.04,71,58,54.58,155,129,48.20,281,302,45.05,173,211,43.90,90,115,45.69,53,63,ANA,80,97,48.97,71.43,40,16,62.07,108,66,55.49,187,150,47.63,331,364,41.34,160,227,41.18,84,120,31.78,34,73,2018,Regular,From
ARI,80,69,45.76,50.00,11,11,48.65,18,19,44.44,32,40,45.04,59,72,35.09,20,37,57.14,12,9,72.73,8,3,ARI,80,69,47.49,54.22,135,114,52.82,187,167,53.28,366,321,47.84,721,786,41.51,291,410,41.98,89,123,38.98,46,72,ARI,80,69,45.08,51.75,59,55,46.79,73,83,55.35,176,142,44.77,351,433,38.64,131,208,40.40,40,59,31.82,21,45,ARI,80,69,51.64,60.34,70,46,58.03,112,81,53.51,206,179,53.41,431,376,46.19,188,219,44.92,53,65,42.17,35,48,2018,Regular,From
BOS,80,110,55.23,54.55,6,5,62.07,18,11,52.24,35,32,51.24,62,59,56.67,34,26,65.71,23,12,58.33,14,10,BOS,80,110,53.31,68.79,108,49,58.13,186,134,57.63,321,236,51.74,758,707,48.40,318,339,50.38,131,129,50.17,147,146,BOS,80,110,53.52,62.26,33,20,63.93,78,44,61.45,153,96,51.48,314,296,45.75,140,166,52.24,70,64,45.83,66,78,BOS,80,110,53.77,64.56,51,28,64.79,92,50,60.48,176,115,52.11,370,340,44.99,166,203,47.66,61,67,48.10,76,82,2018,Regular,From
BUF,80,62,40.21,47.22,17,19,32.61,15,31,36.49,27,47,41.23,47,67,48.94,23,24,31.25,5,11,16.67,1,5,BUF,80,62,47.49,54.71,186,154,54.21,206,174,51.81,443,412,48.44,682,726,43.20,254,334,38.51,67,107,26.25,21,59,BUF,80,62,45.44,56.85,83,63,53.13,85,75,49.46,182,186,46.18,236,275,40.18,88,131,29.23,19,46,31.25,10,22,BUF,80,62,46.24,53.95,82,70,56.10,92,72,60.60,243,158,43.32,253,331,37.12,98,166,34.09,30,58,28.57,12,30,2018,Regular,From
CAR,80,81,46.62,30.43,7,16,42.86,12,16,49.28,34,35,49.62,66,67,45.95,34,40,51.72,15,14,33.33,4,8,CAR,80,81,54.01,53.33,144,126,62.54,187,112,61.81,390,241,53.66,829,716,48.61,332,351,48.72,133,140,47.62,90,99,CAR,80,81,53.27,49.61,63,64,49.64,68,69,63.45,184,106,55.84,387,306,48.50,146,155,46.09,53,62,37.68,26,43,CAR,80,81,58.05,67.46,85,41,72.79,99,37,64.27,232,129,57.29,460,343,51.15,178,170,48.65,72,76,46.34,38,44,2018,Regular,From
CBJ,80,96,53.65,58.82,10,7,50.00,17,17,51.67,31,29,53.66,66,57,55.56,40,32,55.17,16,13,52.94,9,8,CBJ,80,96,52.41,54.07,73,62,62.84,257,152,59.97,379,253,52.45,803,728,44.94,373,457,45.45,135,162,45.12,111,135,CBJ,80,96,53.71,65.75,48,25,58.97,92,64,59.51,147,100,53.83,323,277,48.28,154,165,45.60,57,68,44.34,47,59,CBJ,80,96,49.14,61.02,36,23,59.89,112,75,55.52,191,153,50.97,367,353,37.62,152,252,33.54,53,105,45.80,60,71,2018,Regular,From
CGY,80,82,46.80,50.00,11,11,30.30,10,23,51.47,35,33,49.17,59,61,40.98,25,36,55.56,15,12,45.45,5,6,CGY,80,82,52.52,62.00,155,95,58.77,201,141,53.44,326,284,52.69,833,748,48.37,327,349,46.55,135,155,52.27,69,63,CGY,80,82,54.52,67.39,93,45,60.47,104,68,55.80,154,122,54.45,416,348,48.73,153,161,49.58,59,60,54.39,31,26,CGY,80,82,53.65,68.25,86,40,64.90,135,73,59.08,192,133,52.02,425,392,47.45,158,175,48.76,59,62,40.98,25,36,2018,Regular,From
CHI,80,76,48.15,45.24,19,23,30.00,9,21,41.82,23,32,51.69,61,57,45.31,29,35,55.56,15,12,67.74,21,10,CHI,80,76,51.50,60.64,245,159,62.01,204,125,53.65,294,254,49.59,778,791,47.52,326,360,44.53,122,152,50.55,139,136,CHI,80,76,50.68,65.50,112,59,55.56,80,64,60.34,108,71,47.54,280,309,49.38,120,123,39.78,37,56,37.74,40,66,CHI,80,76,56.79,72.96,170,63,65.73,140,73,57.83,181,132,56.35,479,371,52.14,195,179,44.70,59,73,46.07,82,96,2018,Regular,From
COL,80,93,50.24,44.44,12,15,42.86,12,16,40.38,21,31,54.05,60,51,51.43,36,34,54.55,18,15,60.71,17,11,COL,80,93,47.17,56.25,90,70,56.65,132,101,53.23,313,275,46.10,633,740,44.73,348,430,34.52,116,220,40.18,88,131,COL,80,93,46.48,43.82,39,50,49.47,47,48,50.79,128,124,43.93,246,314,48.94,139,145,42.57,63,85,41.67,40,56,COL,80,93,49.32,52.63,50,45,61.19,82,52,53.64,184,159,48.41,351,374,49.75,200,202,34.39,65,124,34.75,41,77,2018,Regular,From
DAL,80,90,52.93,56.25,9,7,34.62,9,17,53.45,31,27,50.00,56,56,54.10,33,28,58.33,14,10,75.00,18,6,DAL,80,90,51.67,61.02,144,92,58.65,156,110,56.38,340,263,52.38,738,671,44.09,291,369,40.00,64,96,49.03,126,131,DAL,80,90,51.41,60.67,54,35,54.55,54,45,55.05,158,129,51.96,292,270,47.57,127,140,43.53,37,48,43.31,55,72,DAL,80,90,51.25,57.03,73,55,63.91,108,61,57.69,210,154,51.41,419,396,45.71,176,209,26.80,26,71,44.10,71,90,2018,Regular,From
DET,80,72,45.99,33.33,6,12,51.28,20,19,43.66,31,40,43.36,49,64,50.00,32,32,56.00,14,11,37.50,3,5,DET,80,72,48.73,56.19,109,85,56.20,195,152,51.69,398,372,49.20,703,726,44.21,233,294,44.94,160,196,36.17,51,90,DET,80,72,50.58,59.30,51,35,44.97,67,82,52.00,169,156,52.78,304,272,46.02,104,122,52.67,79,71,44.26,27,34,DET,80,72,46.50,63.00,63,37,55.15,91,74,53.98,217,185,46.95,292,330,37.04,100,170,35.15,58,107,31.88,22,47,2018,Regular,From
EDM,80,74,48.50,42.11,8,11,55.56,20,16,43.84,32,41,50.41,61,60,50.70,36,35,40.00,14,21,54.55,12,10,EDM,80,74,50.32,57.67,173,127,53.66,220,190,52.14,451,414,50.10,730,727,52.23,293,268,43.30,113,148,45.65,84,100,EDM,80,74,52.12,57.94,73,53,52.41,87,79,57.10,201,151,53.17,310,273,46.81,110,125,45.26,43,52,51.90,41,38,EDM,80,74,48.24,62.50,100,60,54.67,117,97,51.09,235,225,51.01,378,363,44.04,122,155,32.26,50,105,35.16,32,59,2018,Regular,From
FLA,80,92,48.74,27.78,5,13,58.82,20,14,50.00,34,34,51.61,64,60,42.25,30,41,56.25,18,14,40.91,9,13,FLA,80,92,50.20,53.16,101,89,58.62,187,132,57.99,457,331,50.69,805,783,44.42,338,423,39.37,113,174,39.19,87,135,FLA,80,92,51.01,62.71,37,22,60.58,83,54,55.31,172,139,50.69,293,285,47.29,157,175,36.84,49,84,46.58,34,39,FLA,80,92,47.66,62.07,54,33,58.82,80,56,56.27,202,157,44.74,302,373,37.95,137,224,44.70,59,73,42.72,44,59,2018,Regular,From
L.A,80,96,53.94,63.16,12,7,56.25,18,14,48.53,33,35,45.76,54,64,60.38,32,21,72.73,16,6,73.33,11,4,L.A,80,96,49.41,48.65,108,114,55.49,192,154,53.73,382,329,51.48,679,640,45.98,280,329,36.64,107,185,44.86,96,118,L.A,80,96,48.93,63.74,58,33,51.39,74,70,51.97,185,171,51.65,329,308,42.91,106,141,36.72,47,81,38.04,35,57,L.A,80,96,50.39,57.28,59,44,49.40,83,85,59.28,214,147,51.69,367,343,50.90,170,164,32.24,49,103,29.91,32,75,2018,Regular,From
MIN,80,98,52.60,40.00,8,12,50.00,13,13,47.37,27,30,50.00,56,56,60.61,40,26,69.23,27,12,46.67,14,16,MIN,80,98,49.68,49.66,74,75,60.69,159,103,53.99,318,271,47.85,656,715,47.26,354,395,43.03,142,188,46.77,123,140,MIN,80,98,44.74,52.94,27,24,57.89,55,40,52.92,136,121,40.45,218,321,39.60,120,183,40.29,56,83,40.94,52,75,MIN,80,98,45.35,53.42,39,34,58.12,68,49,51.54,151,142,43.97,310,395,38.65,143,227,36.41,67,117,36.73,54,93,2018,Regular,From
MTL,80,69,44.28,44.83,13,16,30.30,10,23,39.66,23,35,45.45,50,60,46.30,25,29,54.17,13,11,61.54,8,5,MTL,80,69,50.18,59.89,212,142,55.83,201,159,52.54,382,345,49.59,778,791,46.60,226,259,47.77,161,176,40.70,35,51,MTL,80,69,48.70,59.03,85,59,58.22,85,61,47.81,120,131,49.20,306,316,49.30,105,108,40.29,56,83,25.58,11,32,MTL,80,69,50.02,60.00,117,78,60.35,137,90,55.03,208,170,52.07,453,417,38.49,117,187,44.81,95,117,22.95,14,47,2018,Regular,From
N.J,80,95,48.63,57.14,8,6,48.48,16,17,48.48,32,34,49.62,65,66,45.45,30,36,52.00,13,12,41.18,7,10,N.J,80,95,49.75,53.06,78,69,51.84,141,131,56.00,453,356,49.64,680,690,45.13,315,383,43.84,121,155,45.27,110,133,N.J,80,95,47.15,60.00,45,30,53.73,72,62,51.36,170,161,43.81,244,313,45.19,141,171,36.59,45,78,50.00,54,54,N.J,80,95,46.50,65.56,59,31,46.58,68,78,55.31,198,160,46.62,297,340,39.25,126,195,37.23,51,86,31.73,33,71,2018,Regular,From
NSH,80,113,56.45,42.86,3,4,68.42,13,6,57.14,32,24,61.26,68,43,55.70,44,35,45.71,16,19,50.00,12,12,NSH,80,113,50.84,55.86,62,49,55.36,93,75,58.51,337,239,50.99,745,716,43.62,376,486,44.65,167,207,46.44,150,173,NSH,80,113,54.55,68.75,33,15,66.67,50,25,56.96,135,102,58.97,345,240,44.92,159,195,44.22,65,82,42.28,52,71,NSH,80,113,52.79,67.86,38,18,58.33,56,40,60.80,183,118,52.65,377,339,43.20,197,259,42.78,83,111,46.25,74,86,2018,Regular,From
NYI,80,76,47.21,53.57,15,13,48.72,19,20,41.03,32,46,46.72,64,73,46.38,32,37,60.61,20,13,44.00,11,14,NYI,80,76,46.53,51.73,179,167,46.04,186,218,53.59,388,336,48.25,593,636,39.47,283,434,41.31,126,179,42.91,112,149,NYI,80,76,46.09,45.33,68,82,61.20,112,71,48.17,145,156,45.28,216,261,41.77,104,145,40.68,48,70,42.99,46,61,NYI,80,76,49.41,63.87,122,69,59.56,134,91,55.32,213,172,49.53,315,321,39.53,136,208,40.36,67,99,38.52,47,75,2018,Regular,From
NYR,80,77,45.97,62.50,15,9,45.24,19,23,43.53,37,48,43.38,59,77,44.26,27,34,54.55,12,10,50.00,3,3,NYR,80,77,45.32,47.21,144,161,54.89,247,203,49.94,448,449,46.04,675,791,37.32,231,388,40.34,96,142,46.46,46,53,NYR,80,77,45.80,50.44,57,56,59.02,108,75,50.00,153,153,44.06,245,311,38.46,95,152,46.43,52,60,37.21,16,27,NYR,80,77,44.16,46.56,61,70,56.94,119,90,52.31,204,186,45.24,304,368,34.39,108,206,38.24,52,84,19.57,9,37,2018,Regular,From
OTT,80,67,44.21,66.67,20,10,23.81,10,32,48.10,38,41,42.97,55,73,47.54,29,32,41.94,13,18,33.33,4,8,OTT,80,67,47.25,50.83,153,148,49.56,170,173,53.22,480,422,47.30,657,732,45.00,261,319,37.84,98,161,45.00,45,55,OTT,80,67,46.88,56.60,60,46,56.25,90,70,51.06,193,185,47.84,288,314,41.25,99,141,35.71,40,72,29.55,13,31,OTT,80,67,44.98,61.90,91,56,59.60,149,101,55.31,276,223,41.76,322,449,34.29,107,205,32.79,40,82,31.03,18,40,2018,Regular,From
PHI,80,94,52.16,69.23,9,4,40.00,12,18,53.33,32,28,54.76,69,57,52.05,38,35,54.84,17,14,36.84,7,12,PHI,80,94,50.34,53.59,97,84,57.97,171,124,56.17,314,245,49.62,776,788,46.76,317,361,43.11,147,194,45.32,63,76,PHI,80,94,48.06,62.69,42,25,51.26,61,58,52.44,118,107,49.08,348,361,42.11,120,165,39.71,54,82,37.10,23,39,PHI,80,94,48.58,64.36,65,36,61.64,90,56,56.68,174,133,48.84,399,418,36.63,137,237,41.33,62,88,31.82,21,45,2018,Regular,From
PIT,80,96,49.92,34.78,8,15,51.52,17,16,51.32,39,37,50.39,64,63,51.43,36,34,50.00,17,17,53.33,8,7,PIT,80,96,53.46,54.58,137,114,57.10,185,139,56.30,384,298,55.59,800,639,47.82,329,359,53.42,164,143,43.85,114,146,PIT,80,96,52.30,60.40,61,40,55.00,77,63,54.85,147,121,50.62,286,279,49.42,128,131,54.61,77,64,46.99,39,44,PIT,80,96,50.10,48.09,63,68,59.28,99,68,57.67,188,138,50.57,354,346,46.53,154,177,38.33,69,111,39.81,43,65,2018,Regular,From
S.J,80,98,49.33,45.45,5,6,56.67,17,13,52.17,36,33,44.88,57,70,47.06,32,36,62.86,22,13,45.00,9,11,S.J,80,98,51.83,51.91,68,63,64.43,125,69,55.18,474,385,53.82,746,640,46.58,279,320,39.11,158,246,49.37,118,121,S.J,80,98,53.07,59.32,35,24,55.34,57,46,58.00,203,147,53.51,335,291,49.13,142,147,52.00,91,84,35.40,40,73,S.J,80,98,49.69,53.16,42,37,63.24,86,50,55.63,267,213,49.05,411,427,45.24,171,207,40.74,99,144,34.93,51,95,2018,Regular,From
STL,80,92,52.01,45.45,10,12,33.33,9,18,45.10,23,28,57.41,62,46,56.72,38,29,57.14,20,15,52.00,13,12,STL,80,92,52.12,53.73,137,118,57.73,168,123,53.56,316,274,53.62,756,654,48.81,369,387,44.37,134,168,48.74,97,102,STL,80,92,54.96,64.36,65,36,64.22,70,39,57.09,145,109,57.36,308,229,45.79,147,174,45.65,63,75,58.33,35,25,STL,80,92,49.24,55.73,73,58,49.25,66,68,55.15,182,148,48.89,396,414,45.56,190,227,42.44,73,99,40.40,40,59,2018,Regular,From
T.B,80,110,55.97,69.23,9,4,42.42,14,19,58.06,36,26,53.40,55,48,66.20,47,24,57.69,30,22,46.88,15,17,T.B,80,110,50.46,55.56,95,76,49.40,124,127,59.28,345,237,51.91,708,656,45.08,298,363,40.76,205,298,43.56,159,206,T.B,80,110,55.47,61.19,41,26,62.39,73,44,56.98,151,114,57.50,295,218,54.68,152,126,45.23,90,109,43.57,61,79,T.B,80,110,53.71,61.25,49,31,59.32,70,48,58.39,167,119,52.79,360,322,50.14,180,179,43.95,98,125,44.97,67,82,2018,Regular,From
TOR,80,103,53.23,90.00,9,1,51.43,18,17,51.67,31,29,53.78,64,55,53.42,39,34,55.77,29,23,44.44,16,20,TOR,80,103,48.79,64.49,69,38,60.99,233,149,55.50,318,255,44.35,655,822,44.15,298,377,44.93,204,250,45.50,172,206,TOR,80,103,50.34,55.10,27,22,56.97,94,71,60.44,165,108,48.58,325,344,42.96,119,158,47.06,80,90,41.46,68,96,TOR,80,103,55.24,53.33,32,28,65.75,119,62,66.79,185,92,55.03,410,335,45.10,152,185,45.41,104,125,44.62,83,103,2018,Regular,From
VAN,80,70,45.41,45.00,9,11,31.58,12,26,47.14,33,37,43.33,52,68,46.81,22,25,65.38,17,9,46.67,7,8,VAN,80,70,47.01,51.46,123,116,54.47,274,229,55.05,447,365,46.18,550,641,39.93,218,328,39.02,96,150,41.10,90,129,VAN,80,70,46.52,53.70,58,50,47.37,99,110,51.13,159,152,50.75,270,262,42.44,87,118,35.79,34,61,29.59,29,69,VAN,80,70,47.22,57.55,61,45,57.92,139,101,54.48,231,193,48.33,275,294,39.36,98,151,32.00,40,85,33.03,36,73,2018,Regular,From
VGK,80,109,54.17,50.00,7,7,28.57,6,15,65.52,38,20,57.48,73,54,50.00,42,42,58.14,25,18,47.83,11,12,VGK,80,109,51.85,55.05,60,49,67.03,124,61,53.97,333,284,52.37,808,735,46.41,336,388,48.47,158,168,42.94,149,198,VGK,80,109,51.40,52.94,27,24,60.44,55,36,57.91,172,125,49.84,312,314,47.14,140,157,47.06,64,72,43.31,68,89,VGK,80,109,52.71,52.63,30,27,70.59,84,35,58.58,198,140,52.76,401,359,43.54,165,214,44.06,89,113,42.16,78,107,2018,Regular,From
WPG,80,110,54.87,38.10,8,13,43.75,7,9,52.73,29,26,60.19,65,43,62.50,45,27,48.94,23,24,54.55,18,15,WPG,80,110,52.13,51.88,124,115,59.83,137,92,56.40,251,194,51.89,645,598,47.89,386,420,49.48,237,242,44.16,136,172,WPG,80,110,52.68,65.91,58,30,55.95,47,37,51.83,99,92,46.92,244,276,51.75,192,179,54.76,115,95,49.60,62,63,WPG,80,110,51.96,64.89,85,46,64.84,59,32,58.15,132,95,49.63,335,340,47.86,190,207,42.28,115,157,37.80,62,102,2018,Regular,From
WSH,80,103,52.52,56.25,9,7,48.39,15,16,56.25,36,28,52.38,66,60,56.45,35,27,52.78,19,17,38.46,10,16,WSH,80,103,47.48,59.20,148,102,59.07,127,88,52.56,287,259,44.98,600,734,44.59,305,379,39.94,143,215,40.00,90,135,WSH,80,103,47.06,52.25,58,53,48.86,43,45,50.91,140,135,47.80,315,344,41.09,143,205,45.36,83,100,38.89,35,55,WSH,80,103,50.82,68.18,90,42,61.83,81,50,58.20,181,130,49.18,329,340,44.36,177,222,39.11,79,123,37.27,41,69,2018,Regular,From
ANA,79,95,52.48,60.00,9,6,60.71,17,11,50.00,32,32,49.14,57,59,58.18,32,23,54.55,18,15,44.44,8,10,ANA,79,95,48.36,61.82,68,42,58.11,154,111,52.64,339,305,47.89,637,693,43.55,321,416,40.46,176,259,41.84,100,139,ANA,79,95,48.92,51.67,31,29,55.04,71,58,54.61,154,128,46.99,265,299,44.91,172,211,43.90,90,115,45.69,53,63,ANA,79,95,48.98,71.43,40,16,62.07,108,66,55.52,186,149,47.63,321,353,41.30,159,226,41.18,84,120,31.78,34,73,2018,Regular,From
ARI,79,67,45.32,50.00,11,11,48.65,18,19,44.44,32,40,44.62,58,72,33.93,19,37,52.63,10,9,80.00,8,2,ARI,79,67,47.62,54.22,135,114,52.82,187,167,53.28,366,321,47.81,719,785,41.85,290,403,42.47,79,107,41.28,45,64,ARI,79,67,45.12,51.75,59,55,46.79,73,83,55.35,176,142,44.81,350,431,39.21,129,200,38.37,33,53,32.81,21,43,ARI,79,67,51.67,60.34,70,46,58.03,112,81,53.51,206,179,53.29,429,376,46.15,186,217,47.06,48,54,42.50,34,46,2018,Regular,From
BOS,79,110,55.57,54.55,6,5,62.07,18,11,52.31,34,31,52.10,62,57,56.67,34,26,65.71,23,12,58.33,14,10,BOS,79,110,53.39,68.79,108,49,58.04,184,133,57.78,312,228,51.89,743,689,48.40,318,339,50.38,131,129,50.17,147,146,BOS,79,110,53.76,62.26,33,20,64.17,77,43,62.87,149,88,51.60,307,288,45.75,140,166,52.24,70,64,45.83,66,78,BOS,79,110,53.92,64.56,51,28,65.71,92,48,60.07,170,113,52.50,367,332,44.99,166,203,47.66,61,67,48.10,76,82,2018,Regular,From
BUF,79,62,40.37,47.22,17,19,31.11,14,31,37.50,27,45,41.07,46,66,50.00,23,23,31.25,5,11,16.67,1,5,BUF,79,62,47.44,54.71,186,154,54.59,202,168,51.29,418,397,48.44,681,725,43.34,254,332,38.51,67,107,26.25,21,59,BUF,79,62,45.27,56.85,83,63,52.87,83,74,49.03,176,183,46.18,236,275,40.18,88,131,29.23,19,46,31.25,10,22,BUF,79,62,46.16,53.95,82,70,55.83,91,72,60.46,237,155,43.32,253,331,37.26,98,165,34.09,30,58,28.57,12,30,2018,Regular,From
CAR,79,81,46.60,30.43,7,16,42.86,12,16,48.53,33,35,49.62,65,66,46.58,34,39,51.72,15,14,33.33,4,8,CAR,79,81,54.13,53.33,144,126,62.54,187,112,61.95,381,234,53.92,811,693,48.61,332,351,48.72,133,140,47.62,90,99,CAR,79,81,53.08,49.61,63,64,49.64,68,69,64.03,178,100,55.43,378,304,48.33,145,155,46.09,53,62,37.68,26,43,CAR,79,81,58.05,67.46,85,41,72.79,99,37,64.39,226,125,57.20,453,339,51.15,178,170,48.65,72,76,46.34,38,44,2018,Regular,From
CBJ,79,94,53.70,58.82,10,7,48.48,16,17,51.67,31,29,54.17,65,55,55.56,40,32,55.17,16,13,52.94,9,8,CBJ,79,94,52.32,51.18,65,62,62.72,244,145,60.29,375,247,52.41,795,722,44.94,373,457,45.45,135,162,45.12,111,135,CBJ,79,94,53.62,67.16,45,22,58.55,89,63,59.59,146,99,53.61,319,276,48.28,154,165,45.60,57,68,44.34,47,59,CBJ,79,94,49.22,58.49,31,22,60.77,110,71,55.69,186,148,51.12,366,350,37.62,152,252,33.54,53,105,45.80,60,71,2018,Regular,From
CGY,79,82,47.19,47.62,10,11,32.26,10,21,52.24,35,32,49.58,59,60,40.98,25,36,55.56,15,12,45.45,5,6,CGY,79,82,52.39,61.00,147,94,58.54,185,131,52.99,319,283,52.72,832,746,48.37,327,349,46.55,135,155,52.27,69,63,CGY,79,82,54.42,66.91,91,45,61.64,98,61,54.89,146,120,54.40,414,347,48.73,153,161,49.58,59,60,54.39,31,26,CGY,79,82,53.68,68.29,84,39,64.58,124,68,59.19,190,131,52.15,425,390,47.45,158,175,48.76,59,62,40.98,25,36,2018,Regular,From
CHI,79,74,48.28,45.24,19,23,30.00,9,21,40.38,21,31,52.59,61,55,45.31,29,35,55.56,15,12,67.74,21,10,CHI,79,74,51.59,60.64,245,159,62.08,203,124,53.71,282,243,49.71,770,779,47.59,326,359,44.53,122,152,50.55,139,136,CHI,79,74,50.91,65.50,112,59,55.94,80,63,61.63,106,66,47.77,278,304,49.38,120,123,39.78,37,56,37.74,40,66,CHI,79,74,57.09,72.96,170,63,66.51,139,70,57.81,174,127,56.90,474,359,52.14,195,179,44.70,59,73,46.07,82,96,2018,Regular,From
COL,79,93,50.53,44.44,12,15,42.86,12,16,41.18,21,30,54.55,60,50,51.43,36,34,54.55,18,15,60.71,17,11,COL,79,93,47.18,56.25,90,70,56.67,119,91,53.22,306,269,46.17,632,737,44.73,348,430,34.52,116,220,40.18,88,131,COL,79,93,46.73,43.82,39,50,52.87,46,41,50.41,124,122,44.22,245,309,48.94,139,145,42.57,63,85,41.67,40,56,COL,79,93,49.30,52.63,50,45,59.50,72,49,54.24,179,151,48.34,350,374,49.75,200,202,34.39,65,124,34.75,41,77,2018,Regular,From
DAL,79,88,52.48,56.25,9,7,32.00,8,17,53.57,30,26,49.55,55,56,53.33,32,28,58.33,14,10,75.00,18,6,DAL,79,88,51.89,61.02,144,92,61.73,150,93,56.18,332,259,52.50,735,665,44.09,291,369,40.00,64,96,49.03,126,131,DAL,79,88,51.37,60.67,54,35,57.30,51,38,54.32,151,127,51.79,289,269,47.55,126,139,43.53,37,48,43.31,55,72,DAL,79,88,51.22,57.03,73,55,64.71,99,54,57.63,204,150,51.24,414,394,45.83,176,208,26.80,26,71,44.10,71,90,2018,Regular,From
DET,79,71,45.99,33.33,6,12,51.28,20,19,43.66,31,40,42.73,47,63,50.00,32,32,58.33,14,10,37.50,3,5,DET,79,71,48.84,56.19,109,85,56.20,195,152,51.69,398,372,49.26,697,718,43.91,227,290,45.54,153,183,38.35,51,82,DET,79,71,50.67,59.30,51,35,44.97,67,82,52.00,169,156,53.06,303,268,45.98,103,121,53.42,78,68,43.64,24,31,DET,79,71,46.32,63.00,63,37,55.15,91,74,53.98,217,185,46.76,289,329,36.54,95,165,33.96,54,105,33.33,21,42,2018,Regular,From
EDM,79,74,48.88,42.11,8,11,57.14,20,15,44.44,32,40,50.83,61,59,50.70,36,35,40.00,14,21,54.55,12,10,EDM,79,74,50.58,57.67,173,127,55.91,213,168,52.30,443,404,50.03,726,725,52.23,293,268,43.30,113,148,45.65,84,100,EDM,79,74,52.07,57.94,73,53,52.53,83,75,56.98,196,148,53.09,309,273,46.81,110,125,45.26,43,52,51.90,41,38,EDM,79,74,48.40,62.50,100,60,56.22,113,88,50.99,231,222,51.01,378,363,44.04,122,155,32.26,50,105,35.16,32,59,2018,Regular,From
FLA,79,90,48.46,27.78,5,13,58.82,20,14,50.00,34,34,50.82,62,60,42.03,29,40,56.25,18,14,40.91,9,13,FLA,79,90,50.16,53.16,101,89,58.62,187,132,57.99,457,331,50.61,787,768,44.35,330,414,39.44,112,172,39.19,87,135,FLA,79,90,50.80,62.71,37,22,60.58,83,54,55.31,172,139,50.62,285,278,46.56,149,171,36.64,48,83,46.58,34,39,FLA,79,90,47.51,62.07,54,33,58.82,80,56,56.27,202,157,44.28,294,370,38.24,135,218,43.85,57,73,42.72,44,59,2018,Regular,From
L.A,79,94,53.68,63.16,12,7,56.25,18,14,48.53,33,35,45.30,53,64,59.62,31,21,72.73,16,6,73.33,11,4,L.A,79,94,49.36,48.65,108,114,55.49,192,154,53.73,382,329,51.41,676,639,45.97,274,322,36.06,97,172,44.86,96,118,L.A,79,94,48.60,63.74,58,33,51.39,74,70,51.97,185,171,51.35,324,307,43.15,104,137,33.33,40,80,38.04,35,57,L.A,79,94,50.40,57.28,59,44,49.40,83,85,59.28,214,147,51.76,367,342,50.47,162,159,33.09,46,93,29.91,32,75,2018,Regular,From
MIN,79,98,53.05,40.00,8,12,50.00,13,13,48.21,27,29,50.45,56,55,61.54,40,25,69.23,27,12,46.67,14,16,MIN,79,98,49.69,49.66,74,75,60.54,158,103,53.99,318,271,47.89,635,691,47.18,352,394,43.03,142,188,46.77,123,140,MIN,79,98,45.11,52.94,27,24,57.89,55,40,53.13,136,120,41.35,215,305,39.53,119,182,40.29,56,83,40.94,52,75,MIN,79,98,45.26,53.42,39,34,58.12,68,49,51.55,150,141,43.71,299,385,38.59,142,226,36.41,67,117,36.73,54,93,2018,Regular,From
MTL,79,68,44.31,42.86,12,16,29.03,9,22,39.29,22,34,46.30,50,58,46.30,25,29,54.17,13,11,61.54,8,5,MTL,79,68,50.17,59.66,210,142,56.43,193,149,52.38,374,340,49.48,767,783,46.60,226,259,47.77,161,176,40.70,35,51,MTL,79,68,48.67,59.03,85,59,58.87,83,58,47.56,117,129,49.11,302,313,49.30,105,108,40.29,56,83,25.58,11,32,MTL,79,68,49.90,59.16,113,78,60.54,135,88,54.99,204,167,51.91,449,416,38.49,117,187,44.81,95,117,22.95,14,47,2018,Regular,From
N.J,79,93,48.76,57.14,8,6,48.48,16,17,48.48,32,34,49.23,64,66,45.45,30,36,52.00,13,12,46.67,7,8,N.J,79,93,49.44,53.06,78,69,51.84,141,131,56.00,453,356,49.64,680,690,45.10,313,381,41.86,108,150,42.58,89,120,N.J,79,93,47.00,60.00,45,30,53.73,72,62,51.36,170,161,43.81,244,313,45.02,140,171,36.75,43,74,50.00,46,46,N.J,79,93,46.23,65.56,59,31,46.58,68,78,55.31,198,160,46.62,297,340,39.25,126,195,33.59,43,85,31.52,29,63,2018,Regular,From
NSH,79,113,56.64,42.86,3,4,66.67,12,6,58.18,32,23,61.82,68,42,55.70,44,35,45.71,16,19,50.00,12,12,NSH,79,113,50.73,55.86,62,49,54.94,89,73,58.24,311,223,50.91,730,704,43.62,376,486,44.65,167,207,46.44,150,173,NSH,79,113,54.77,68.75,33,15,66.20,47,24,58.64,129,91,59.04,343,238,44.92,159,195,44.22,65,82,42.28,52,71,NSH,79,113,52.75,67.86,38,18,57.89,55,40,60.99,172,110,52.55,371,335,43.20,197,259,42.78,83,111,46.25,74,86,2018,Regular,From
NYI,79,74,46.95,53.57,15,13,48.72,19,20,41.03,32,46,45.93,62,73,46.97,31,35,59.38,19,13,44.00,11,14,NYI,79,74,46.36,51.73,179,167,46.04,186,218,53.59,388,336,48.07,586,633,38.99,269,421,41.41,123,174,42.46,107,145,NYI,79,74,46.13,45.33,68,82,61.20,112,71,48.17,145,156,45.24,214,259,42.62,101,136,40.00,46,69,43.27,45,59,NYI,79,74,49.28,63.87,122,69,59.56,134,91,55.32,213,172,49.29,311,320,39.09,129,201,40.85,67,97,37.93,44,72,2018,Regular,From
NYR,79,77,45.84,59.09,13,9,45.24,19,23,43.53,37,48,43.70,59,76,44.26,27,34,54.55,12,10,50.00,3,3,NYR,79,77,45.53,48.34,131,140,56.02,242,190,49.94,446,447,46.04,675,791,37.32,231,388,40.34,96,142,46.46,46,53,NYR,79,77,45.78,50.52,49,48,58.76,104,73,50.16,153,152,44.06,245,311,38.46,95,152,46.43,52,60,37.21,16,27,NYR,79,77,44.28,44.54,53,66,59.00,118,82,52.31,204,186,45.24,304,368,34.39,108,206,38.24,52,84,19.57,9,37,2018,Regular,From
OTT,79,65,43.90,66.67,20,10,23.81,10,32,47.44,37,41,42.86,54,72,45.76,27,32,43.33,13,17,33.33,4,8,OTT,79,65,47.23,50.83,153,148,49.56,170,173,53.11,478,422,47.30,656,731,45.56,246,294,36.95,92,157,45.00,45,55,OTT,79,65,46.92,56.60,60,46,56.25,90,70,51.06,193,185,47.84,288,314,41.56,96,135,35.78,39,70,29.55,13,31,OTT,79,65,44.98,61.90,91,56,59.60,149,101,55.22,275,223,41.76,322,449,34.32,104,199,33.06,40,81,31.03,18,40,2018,Regular,From
PHI,79,94,52.47,69.23,9,4,41.38,12,17,52.63,30,27,55.65,69,55,52.05,38,35,54.84,17,14,36.84,7,12,PHI,79,94,50.46,54.07,93,79,57.84,166,121,56.58,301,231,49.74,773,781,46.76,317,361,43.11,147,194,45.32,63,76,PHI,79,94,47.89,62.50,40,24,51.72,60,56,51.17,109,104,49.08,346,359,42.11,120,165,39.71,54,82,37.10,23,39,PHI,79,94,48.68,65.26,62,33,61.11,88,56,57.00,167,126,49.01,398,414,36.63,137,237,41.33,62,88,31.82,21,45,2018,Regular,From
PIT,79,96,50.19,31.82,7,15,53.13,17,15,52.00,39,36,50.79,64,62,51.43,36,34,50.00,17,17,53.33,8,7,PIT,79,96,53.51,54.43,129,108,57.19,183,137,56.33,374,290,55.66,797,635,47.82,329,359,53.42,164,143,43.85,114,146,PIT,79,96,52.52,60.20,59,39,55.00,77,63,55.89,147,116,50.80,286,277,49.42,128,131,54.61,77,64,46.99,39,44,PIT,79,96,50.20,48.00,60,65,60.00,99,66,57.91,183,133,50.50,353,346,46.53,154,177,38.33,69,111,39.81,43,65,2018,Regular,From
S.J,79,98,49.76,45.45,5,6,56.67,17,13,52.94,36,32,45.24,57,69,46.97,31,35,64.71,22,12,45.00,9,11,S.J,79,98,51.67,51.91,68,63,64.43,125,69,55.18,474,385,53.74,740,637,46.85,275,312,37.01,141,240,49.37,118,121,S.J,79,98,53.13,59.32,35,24,55.34,57,46,58.05,202,146,53.70,334,288,50.00,140,140,50.91,84,81,35.40,40,73,S.J,79,98,49.72,53.16,42,37,63.24,86,50,55.53,266,213,49.22,409,422,45.38,167,201,40.53,92,135,34.93,51,95,2018,Regular,From
STL,79,92,51.90,45.45,10,12,33.33,9,18,45.10,23,28,56.60,60,46,57.81,37,27,57.14,20,15,52.00,13,12,STL,79,92,52.07,53.73,137,118,57.73,168,123,53.48,315,274,53.53,744,646,48.84,358,375,44.33,133,167,48.74,97,102,STL,79,92,54.74,64.36,65,36,64.22,70,39,57.09,145,109,57.17,303,227,45.22,142,172,45.26,62,75,58.33,35,25,STL,79,92,49.00,55.73,73,58,49.25,66,68,55.15,182,148,48.42,384,409,45.68,185,220,41.67,70,98,40.40,40,59,2018,Regular,From
T.B,79,108,55.49,69.23,9,4,42.42,14,19,58.06,36,26,52.94,54,48,65.71,46,24,56.86,29,22,45.16,14,17,T.B,79,108,50.47,55.56,95,76,49.40,124,127,59.28,345,237,51.72,691,645,44.70,291,360,40.88,204,295,44.86,157,193,T.B,79,108,55.61,61.19,41,26,62.39,73,44,56.98,151,114,57.57,289,213,54.51,151,126,45.23,90,109,45.52,61,73,T.B,79,108,53.79,61.25,49,31,59.32,70,48,58.39,167,119,52.99,355,315,50.14,180,179,43.95,98,125,45.21,66,80,2018,Regular,From
TOR,79,101,52.87,90.00,9,1,51.43,18,17,51.67,31,29,53.39,63,55,52.78,38,34,54.90,28,23,44.44,16,20,TOR,79,101,48.69,64.49,69,38,60.99,233,149,55.50,318,255,44.29,652,820,44.11,292,370,44.74,200,247,45.14,158,192,TOR,79,101,50.47,55.10,27,22,56.97,94,71,60.44,165,108,48.87,325,340,42.12,115,158,47.02,79,89,43.42,66,86,TOR,79,101,55.29,53.33,32,28,65.75,119,62,66.79,185,92,54.99,408,334,45.18,150,182,45.74,102,121,44.94,80,98,2018,Regular,From
VAN,79,69,45.32,45.00,9,11,29.73,11,26,46.27,31,36,44.07,52,66,46.81,22,25,65.38,17,9,46.67,7,8,VAN,79,69,47.19,51.46,123,116,55.42,271,218,55.33,441,356,46.24,541,629,39.93,218,328,39.02,96,150,41.10,90,129,VAN,79,69,46.59,53.70,58,50,48.06,99,107,51.48,157,148,50.67,264,257,42.44,87,118,35.79,34,61,29.59,29,69,VAN,79,69,47.25,58.10,61,44,58.97,138,96,54.37,224,188,48.04,269,291,39.36,98,151,32.00,40,85,33.03,36,73,2018,Regular,From
VGK,79,107,54.26,50.00,7,7,28.57,6,15,65.52,38,20,56.80,71,54,50.62,41,40,59.52,25,17,47.83,11,12,VGK,79,107,51.64,55.05,60,49,67.03,124,61,53.97,333,284,52.30,796,726,46.12,327,382,47.12,147,165,42.94,149,198,VGK,79,107,51.24,52.94,27,24,60.44,55,36,57.91,172,125,49.92,307,308,46.74,136,155,45.86,61,72,43.31,68,89,VGK,79,107,52.67,52.63,30,27,70.59,84,35,58.58,198,140,53.00,398,353,43.60,160,207,42.86,84,112,41.85,77,107,2018,Regular,From
WPG,79,108,54.85,38.10,8,13,43.75,7,9,52.73,29,26,59.43,63,43,62.86,44,26,48.89,22,23,56.25,18,14,WPG,79,108,52.20,51.88,124,115,59.83,137,92,56.40,251,194,52.04,637,587,48.05,381,412,49.24,227,234,44.44,136,170,WPG,79,108,52.70,65.91,58,30,55.95,47,37,51.83,99,92,46.98,241,272,51.91,190,176,54.63,112,93,49.60,62,63,WPG,79,108,52.12,64.89,85,46,64.84,59,32,58.15,132,95,49.85,334,336,47.95,187,203,42.16,113,155,38.75,62,98,2018,Regular,From
WSH,79,101,52.43,56.25,9,7,48.39,15,16,55.56,35,28,52.42,65,59,55.74,34,27,54.29,19,16,38.46,10,16,WSH,79,101,47.43,59.20,148,102,59.07,127,88,52.61,282,254,44.89,597,733,44.38,288,361,40.11,140,209,40.00,90,135,WSH,79,101,47.15,52.25,58,53,48.86,43,45,50.56,136,133,47.79,314,343,41.44,138,195,46.11,83,97,38.89,35,55,WSH,79,101,51.04,68.18,90,42,61.83,81,50,58.47,176,125,49.32,328,337,44.59,173,215,39.90,79,119,37.27,41,69,2018,Regular,From
ANA,78,93,52.21,60.00,9,6,59.26,16,11,49.18,30,31,49.12,56,58,58.18,32,23,54.55,18,15,44.44,8,10,ANA,78,93,48.32,61.82,68,42,57.94,146,106,52.70,332,298,47.81,622,679,43.55,321,416,40.46,176,259,41.84,100,139,ANA,78,93,48.82,51.67,31,29,54.17,65,55,54.21,148,125,47.13,263,295,44.91,172,211,43.90,90,115,45.69,53,63,ANA,78,93,48.83,71.43,40,16,61.73,100,62,55.42,184,148,47.33,310,345,41.30,159,226,41.18,84,120,31.78,34,73,2018,Regular,From
ARI,78,65,44.55,50.00,11,11,48.65,18,19,44.44,32,40,44.19,57,72,32.73,18,37,52.63,10,9,71.43,5,2,ARI,78,65,47.63,54.22,135,114,52.82,187,167,53.28,366,321,47.76,713,780,41.96,287,397,41.48,73,103,44.05,37,47,ARI,78,65,45.27,51.75,59,55,46.79,73,83,55.35,176,142,45.01,347,424,39.02,128,200,39.02,32,50,34.48,20,38,ARI,78,65,51.82,60.34,70,46,58.03,112,81,53.51,206,179,53.50,428,372,46.35,184,213,46.24,43,50,45.71,32,38,2018,Regular,From
BOS,78,110,56.24,60.00,6,4,64.29,18,10,53.13,34,30,52.54,62,56,56.67,34,26,65.71,23,12,58.33,14,10,BOS,78,110,53.44,66.90,95,47,57.83,181,132,58.30,309,221,52.14,732,672,48.40,318,339,50.38,131,129,50.17,147,146,BOS,78,110,53.69,57.45,27,20,64.17,77,43,63.14,149,87,51.71,302,282,45.75,140,166,52.24,70,64,45.83,66,78,BOS,78,110,53.89,64.47,49,27,65.71,92,48,60.07,170,113,52.40,360,327,44.99,166,203,47.66,61,67,48.10,76,82,2018,Regular,From
BUF,78,62,40.74,47.22,17,19,31.82,14,30,38.03,27,44,41.44,46,65,50.00,23,23,31.25,5,11,16.67,1,5,BUF,78,62,47.49,55.13,172,140,54.82,199,164,51.25,411,391,48.47,679,722,43.34,254,332,38.51,67,107,26.25,21,59,BUF,78,62,45.03,54.48,73,61,52.90,82,73,49.58,176,179,45.76,232,275,40.18,88,131,29.23,19,46,31.25,10,22,BUF,78,62,46.10,53.47,77,67,55.41,87,70,60.47,234,153,43.37,252,329,37.26,98,165,34.09,30,58,28.57,12,30,2018,Regular,From
CAR,78,81,46.59,30.43,7,16,40.74,11,16,48.53,33,35,50.00,65,65,46.58,34,39,51.72,15,14,33.33,4,8,CAR,78,81,53.97,53.33,144,126,61.67,177,110,61.47,367,230,53.93,802,685,48.61,332,351,48.72,133,140,47.62,90,99,CAR,78,81,52.72,49.61,63,64,48.06,62,67,63.74,174,99,54.93,368,302,48.33,145,155,46.09,53,62,37.68,26,43,CAR,78,81,58.05,67.46,85,41,73.81,93,33,63.99,215,121,57.23,451,337,51.15,178,170,48.65,72,76,46.34,38,44,2018,Regular,From
CBJ,78,93,54.21,58.82,10,7,48.39,15,16,51.72,30,28,55.08,65,53,56.34,40,31,55.17,16,13,52.94,9,8,CBJ,78,93,52.27,50.79,64,62,62.66,240,143,60.00,369,246,52.42,790,717,44.98,363,444,45.45,135,162,45.12,111,135,CBJ,78,93,53.50,66.67,44,22,58.11,86,62,59.50,144,98,53.56,316,274,48.23,150,161,45.60,57,68,44.34,47,59,CBJ,78,93,48.89,58.49,31,22,60.23,106,70,55.15,182,148,50.99,360,346,36.87,146,250,33.54,53,105,45.80,60,71,2018,Regular,From
CGY,78,80,47.19,47.62,10,11,32.26,10,21,51.52,34,32,50.00,59,59,40.00,24,36,57.69,15,11,45.45,5,6,CGY,78,80,52.53,61.00,147,94,58.54,185,131,52.99,319,283,52.80,831,743,48.39,315,336,48.20,134,144,52.27,69,63,CGY,78,80,54.42,66.91,91,45,61.64,98,61,54.72,145,120,54.34,413,347,48.18,146,157,51.75,59,55,54.39,31,26,CGY,78,80,53.73,68.29,84,39,64.58,124,68,59.19,190,131,52.09,424,390,47.81,153,167,49.14,57,59,40.98,25,36,2018,Regular,From
CHI,78,74,48.57,47.50,19,21,30.00,9,21,40.38,21,31,52.59,61,55,45.31,29,35,55.56,15,12,67.74,21,10,CHI,78,74,51.64,61.03,238,152,62.70,195,116,54.07,279,237,49.51,755,770,47.59,326,359,44.53,122,152,50.55,139,136,CHI,78,74,50.94,65.27,109,58,56.62,77,59,61.40,105,66,47.84,277,302,49.38,120,123,39.78,37,56,37.74,40,66,CHI,78,74,57.29,73.21,164,60,67.50,135,65,58.16,171,123,57.00,468,353,52.14,195,179,44.70,59,73,46.07,82,96,2018,Regular,From
COL,78,92,50.88,44.44,12,15,42.86,12,16,41.18,21,30,54.63,59,49,52.24,35,32,56.25,18,14,60.71,17,11,COL,78,92,47.14,56.25,90,70,56.67,119,91,53.22,306,269,46.12,618,722,44.63,341,423,34.37,111,212,40.18,88,131,COL,78,92,46.73,43.82,39,50,52.87,46,41,50.41,124,122,43.98,241,307,49.45,136,139,43.17,60,79,41.67,40,56,COL,78,92,49.42,52.63,50,45,59.50,72,49,54.24,179,151,48.51,342,363,49.87,199,200,34.46,61,116,34.75,41,77,2018,Regular,From
DAL,78,86,52.08,56.25,9,7,32.00,8,17,53.57,30,26,49.09,54,56,52.54,31,28,56.52,13,10,75.00,18,6,DAL,78,86,51.90,61.02,144,92,61.73,150,93,56.18,332,259,52.49,727,658,43.88,283,362,40.00,54,81,49.22,126,130,DAL,78,86,51.46,60.67,54,35,57.30,51,38,54.32,151,127,51.71,287,268,47.49,123,136,46.38,32,37,43.31,55,72,DAL,78,86,51.33,57.03,73,55,64.71,99,54,57.63,204,150,51.12,411,393,46.17,175,204,27.06,23,62,44.10,71,90,2018,Regular,From
DET,78,69,45.70,33.33,6,12,51.28,20,19,43.66,31,40,42.20,46,63,49.21,31,32,58.33,14,10,37.50,3,5,DET,78,69,48.80,56.19,109,85,56.20,195,152,51.69,398,372,49.25,691,712,43.60,218,282,45.68,148,176,38.35,51,82,DET,78,69,50.58,59.30,51,35,44.97,67,82,52.00,169,156,53.18,301,265,45.95,102,120,52.48,74,67,43.64,24,31,DET,78,69,46.22,63.00,63,37,55.15,91,74,53.98,217,185,46.57,285,327,35.71,90,162,34.62,54,102,33.33,21,42,2018,Regular,From
EDM,78,74,48.88,42.11,8,11,55.88,19,15,45.07,32,39,50.42,60,59,51.43,36,34,40.00,14,21,54.55,12,10,EDM,78,74,50.48,57.67,173,127,54.74,202,167,52.31,430,392,49.97,723,724,52.23,293,268,43.30,113,148,45.65,84,100,EDM,78,74,52.14,57.94,73,53,50.98,78,75,57.66,192,141,53.18,309,272,47.01,110,124,45.26,43,52,51.90,41,38,EDM,78,74,48.39,62.50,100,60,56.12,110,86,50.68,223,217,51.08,378,362,44.04,122,155,32.26,50,105,35.16,32,59,2018,Regular,From
FLA,78,88,48.36,27.78,5,13,58.82,20,14,50.00,34,34,50.41,61,60,41.18,28,40,58.06,18,13,40.91,9,13,FLA,78,88,50.29,53.16,101,89,58.62,187,132,57.99,457,331,50.72,775,753,44.73,314,388,39.57,110,168,39.19,87,135,FLA,78,88,50.64,62.71,37,22,60.58,83,54,55.31,172,139,50.63,283,276,45.54,138,165,37.01,47,80,46.58,34,39,FLA,78,88,47.56,62.07,54,33,58.82,80,56,56.27,202,157,44.34,290,364,38.02,127,207,44.19,57,72,42.72,44,59,2018,Regular,From
L.A,78,93,53.90,63.16,12,7,56.25,18,14,48.53,33,35,45.22,52,63,60.78,31,20,72.73,16,6,73.33,11,4,L.A,78,93,49.33,48.65,108,114,55.49,192,154,53.73,382,329,51.28,662,629,46.26,260,302,36.06,97,172,44.86,96,118,L.A,78,93,48.80,63.74,58,33,51.39,74,70,51.97,185,171,51.54,318,299,44.25,100,126,33.33,40,80,38.04,35,57,L.A,78,93,50.51,57.28,59,44,49.40,83,85,59.28,214,147,51.94,362,335,51.16,155,148,33.09,46,93,29.91,32,75,2018,Regular,From
MIN,78,96,52.68,40.00,8,12,50.00,13,13,48.21,27,29,50.00,55,55,60.94,39,25,68.42,26,12,46.67,14,16,MIN,78,96,49.38,49.66,74,75,60.54,158,103,53.99,318,271,47.95,633,687,46.98,342,386,39.87,120,181,46.77,123,140,MIN,78,96,45.07,52.94,27,24,57.89,55,40,53.13,136,120,41.43,215,304,39.59,116,177,39.69,52,79,40.94,52,75,MIN,78,96,45.00,53.42,39,34,58.12,68,49,51.55,150,141,43.71,299,385,38.50,139,222,33.92,58,113,36.73,54,93,2018,Regular,From
MTL,78,68,44.47,42.86,12,16,29.03,9,22,39.29,22,34,46.30,50,58,47.17,25,28,54.17,13,11,61.54,8,5,MTL,78,68,50.20,59.66,210,142,56.43,193,149,52.31,373,340,49.44,756,773,47.03,222,250,47.77,161,176,40.70,35,51,MTL,78,68,48.62,59.03,85,59,58.87,83,58,47.56,117,129,48.85,297,311,49.76,105,106,40.29,56,83,25.58,11,32,MTL,78,68,49.92,59.16,113,78,60.54,135,88,54.62,201,167,52.00,442,408,38.72,115,182,44.81,95,117,22.95,14,47,2018,Regular,From
N.J,78,91,48.65,57.14,8,6,48.48,16,17,47.69,31,34,49.23,64,66,45.45,30,36,52.00,13,12,46.67,7,8,N.J,78,91,49.40,53.06,78,69,51.84,141,131,55.78,444,352,49.67,670,679,45.17,313,380,41.86,108,150,42.58,89,120,N.J,78,91,47.01,60.00,45,30,53.73,72,62,51.06,168,161,44.00,242,308,45.02,140,171,36.75,43,74,50.00,46,46,N.J,78,91,46.17,65.56,59,31,46.58,68,78,54.99,193,158,46.46,289,333,39.62,126,192,33.59,43,85,31.52,29,63,2018,Regular,From
NSH,78,111,56.47,42.86,3,4,66.67,12,6,58.18,32,23,61.47,67,42,55.13,43,35,45.45,15,18,50.00,12,12,NSH,78,111,50.72,55.86,62,49,54.94,89,73,58.24,311,223,51.01,730,701,43.74,367,472,43.87,161,206,46.50,146,168,NSH,78,111,54.74,68.75,33,15,66.20,47,24,58.64,129,91,59.14,343,237,44.93,155,190,43.84,64,82,41.67,50,70,NSH,78,111,52.74,67.86,38,18,57.89,55,40,60.99,172,110,52.92,371,330,43.24,192,252,41.58,79,111,45.81,71,84,2018,Regular,From
NYI,78,74,46.94,53.57,15,13,47.37,18,20,41.56,32,45,45.52,61,73,47.69,31,34,59.38,19,13,44.00,11,14,NYI,78,74,46.37,51.73,179,167,46.08,182,213,53.62,378,327,47.80,577,630,39.44,267,410,41.41,123,174,42.46,107,145,NYI,78,74,46.05,45.33,68,82,60.45,107,70,48.00,144,156,45.42,213,256,42.74,100,134,40.00,46,69,43.27,45,59,NYI,78,74,49.18,63.87,122,69,58.82,130,91,55.41,210,169,48.96,307,320,39.45,129,198,40.85,67,97,37.93,44,72,2018,Regular,From
NYR,78,75,45.86,59.09,13,9,45.24,19,23,43.53,37,48,43.28,58,76,44.26,27,34,57.14,12,9,50.00,3,3,NYR,78,75,45.68,48.34,131,140,56.02,242,190,49.94,446,447,46.03,667,782,37.77,227,374,41.59,94,132,46.46,46,53,NYR,78,75,46.16,50.52,49,48,58.76,104,73,50.16,153,152,44.67,243,301,38.84,94,148,48.08,50,54,37.21,16,27,NYR,78,75,44.34,44.54,53,66,59.00,118,82,52.31,204,186,45.21,302,366,34.78,104,195,38.10,48,78,19.57,9,37,2018,Regular,From
OTT,78,65,43.90,65.52,19,10,20.51,8,31,48.68,37,39,43.20,54,71,45.76,27,32,43.33,13,17,33.33,4,8,OTT,78,65,47.30,50.17,147,146,50.31,164,162,53.14,465,410,47.36,656,729,45.56,246,294,36.95,92,157,45.00,45,55,OTT,78,65,46.89,55.77,58,46,56.95,86,65,50.96,186,179,47.84,288,314,41.56,96,135,35.78,39,70,29.55,13,31,OTT,78,65,44.85,61.43,86,54,59.75,144,97,55.03,268,219,41.69,321,449,34.32,104,199,33.06,40,81,31.03,18,40,2018,Regular,From
PHI,78,92,52.27,69.23,9,4,41.38,12,17,52.63,30,27,54.92,67,55,51.43,36,34,56.67,17,13,36.84,7,12,PHI,78,92,50.58,54.07,93,79,57.84,166,121,56.58,301,231,49.84,769,774,47.02,308,347,43.47,143,186,45.32,63,76,PHI,78,92,48.03,62.50,40,24,51.72,60,56,51.17,109,104,49.21,343,354,42.03,116,160,40.91,54,78,37.10,23,39,PHI,78,92,48.49,65.26,62,33,61.11,88,56,57.00,167,126,48.88,393,411,35.46,128,233,42.14,59,81,31.82,21,45,2018,Regular,From
PIT,78,94,50.08,31.82,7,15,53.13,17,15,51.35,38,36,51.20,64,61,50.72,35,34,50.00,17,17,53.33,8,7,PIT,78,94,53.49,54.43,129,108,57.19,183,137,56.19,372,290,55.65,793,632,47.76,320,350,53.16,160,141,44.40,111,139,PIT,78,94,52.57,60.20,59,39,55.00,77,63,55.73,146,116,51.08,285,273,49.00,122,127,55.00,77,63,47.56,39,43,PIT,78,94,50.23,48.00,60,65,60.00,99,66,57.91,183,133,50.14,348,346,46.71,149,170,38.76,69,109,41.75,43,60,2018,Regular,From
S.J,78,98,49.78,45.45,5,6,56.67,17,13,51.52,34,32,45.97,57,67,46.97,31,35,64.71,22,12,45.00,9,11,S.J,78,98,51.72,51.91,68,63,64.43,125,69,55.17,464,377,53.92,722,617,46.85,275,312,37.01,141,240,49.37,118,121,S.J,78,98,53.19,59.32,35,24,55.34,57,46,57.77,197,144,54.08,331,281,50.00,140,140,50.91,84,81,35.40,40,73,S.J,78,98,49.92,53.16,42,37,63.24,86,50,55.77,261,207,49.57,401,408,45.38,167,201,40.53,92,135,34.93,51,95,2018,Regular,From
STL,78,92,52.09,45.45,10,12,30.77,8,18,46.00,23,27,56.73,59,45,58.73,37,26,57.14,20,15,52.00,13,12,STL,78,92,52.12,53.73,137,118,57.45,162,120,53.61,297,257,53.61,743,643,48.82,353,370,44.33,133,167,48.74,97,102,STL,78,92,54.65,64.36,65,36,63.21,67,39,56.49,135,104,57.20,302,226,45.45,140,168,45.26,62,75,58.33,35,25,STL,78,92,48.79,55.73,73,58,47.69,62,68,54.86,175,144,48.29,381,408,45.57,180,215,41.67,70,98,40.40,40,59,2018,Regular,From
T.B,78,108,55.82,69.23,9,4,41.94,13,18,59.02,36,25,53.47,54,47,65.71,46,24,56.86,29,22,45.16,14,17,T.B,78,108,50.47,55.56,90,72,50.41,123,121,59.21,331,228,51.61,688,645,44.70,291,360,40.88,204,295,44.86,157,193,T.B,78,108,55.68,62.50,40,24,62.93,73,43,57.03,146,110,57.49,288,213,54.51,151,126,45.23,90,109,45.52,61,73,T.B,78,108,53.89,62.67,47,28,61.40,70,44,58.39,160,114,52.63,350,315,50.14,180,179,43.95,98,125,45.21,66,80,2018,Regular,From
TOR,78,101,53.17,90.00,9,1,51.43,18,17,52.54,31,28,53.39,63,55,53.52,38,33,54.90,28,23,44.44,16,20,TOR,78,101,48.68,64.49,69,38,61.14,225,143,55.46,315,253,44.08,640,812,44.51,292,364,44.74,200,247,45.14,158,192,TOR,78,101,50.48,55.10,27,22,57.23,91,68,61.42,164,103,48.63,319,337,41.85,113,157,47.02,79,89,43.42,66,86,TOR,78,101,55.24,53.33,32,28,66.48,117,59,66.91,184,91,54.63,401,333,45.12,148,180,45.74,102,121,44.94,80,98,2018,Regular,From
VAN,78,67,44.82,45.00,9,11,29.73,11,26,45.45,30,36,43.10,50,66,46.67,21,24,66.67,16,8,46.67,7,8,VAN,78,67,47.22,51.46,123,116,55.42,271,218,55.30,428,346,46.21,536,624,40.26,217,322,39.17,94,146,41.28,90,128,VAN,78,67,46.71,53.70,58,50,48.06,99,107,51.52,153,144,50.78,262,254,42.57,86,116,36.26,33,58,29.90,29,68,VAN,78,67,47.57,58.10,61,44,58.97,138,96,54.95,222,182,48.18,265,285,40.00,98,147,32.50,39,81,33.03,36,73,2018,Regular,From
VGK,78,105,54.33,50.00,7,7,28.57,6,15,65.52,38,20,56.10,69,54,51.90,41,38,59.52,25,17,47.83,11,12,VGK,78,105,51.63,55.05,60,49,67.03,124,61,53.97,333,284,52.29,776,708,46.16,319,372,47.12,147,165,42.94,149,198,VGK,78,105,51.18,52.94,27,24,60.44,55,36,57.91,172,125,49.59,300,305,47.18,134,150,45.86,61,72,43.31,68,89,VGK,78,105,52.50,52.63,30,27,70.59,84,35,58.58,198,140,52.67,384,345,43.26,154,202,42.86,84,112,41.85,77,107,2018,Regular,From
WPG,78,106,54.86,38.10,8,13,43.75,7,9,52.73,29,26,59.05,62,43,61.76,42,26,50.00,21,21,58.06,18,13,WPG,78,106,52.12,51.88,124,115,59.83,137,92,56.40,251,194,51.96,635,587,48.05,369,399,48.65,216,228,44.97,134,164,WPG,78,106,52.69,65.91,58,30,55.95,47,37,51.83,99,92,46.98,241,272,52.12,184,169,54.59,107,89,50.41,62,61,WPG,78,106,52.23,64.89,85,46,64.84,59,32,58.15,132,95,49.93,334,335,48.28,183,196,42.08,109,150,39.22,60,93,2018,Regular,From
WSH,78,99,52.22,56.25,9,7,48.39,15,16,55.56,35,28,52.03,64,59,55.00,33,27,52.94,18,16,40.00,10,15,WSH,78,99,47.38,59.20,148,102,59.07,127,88,52.61,282,254,44.82,593,730,44.37,280,351,40.00,138,207,39.81,84,127,WSH,78,99,46.91,52.25,58,53,48.86,43,45,50.56,136,133,47.63,312,343,40.55,133,195,46.11,83,97,39.08,34,53,WSH,78,99,50.95,68.18,90,42,61.83,81,50,58.47,176,125,49.40,328,336,44.44,168,210,39.29,77,119,36.54,38,66,2018,Regular,From
ANA,77,91,52.07,60.00,9,6,59.26,16,11,48.33,29,31,49.11,55,57,58.18,32,23,54.55,18,15,44.44,8,10,ANA,77,91,48.33,61.82,68,42,57.94,146,106,52.35,312,284,47.92,612,665,43.55,321,416,40.46,176,259,41.84,100,139,ANA,77,91,48.59,51.67,31,29,54.17,65,55,53.10,137,121,46.88,255,289,44.91,172,211,43.90,90,115,45.69,53,63,ANA,77,91,48.70,71.43,40,16,61.73,100,62,55.10,173,141,47.12,303,340,41.30,159,226,41.18,84,120,31.78,34,73,2018,Regular,From
ARI,77,65,44.60,50.00,11,11,48.65,18,19,45.07,32,39,43.65,55,71,33.33,18,36,52.63,10,9,71.43,5,2,ARI,77,65,47.76,54.22,135,114,52.82,187,167,53.43,366,319,47.82,701,765,42.28,285,389,41.48,73,103,44.05,37,47,ARI,77,65,45.27,51.75,59,55,46.79,73,83,55.38,175,141,44.68,336,416,39.63,128,195,39.02,32,50,34.48,20,38,ARI,77,65,51.82,60.34,70,46,58.03,112,81,53.65,206,178,53.50,420,365,46.33,183,212,46.24,43,50,45.71,32,38,2018,Regular,From
BOS,77,109,56.62,60.00,6,4,62.96,17,10,54.10,33,28,53.45,62,54,56.67,34,26,65.71,23,12,58.33,14,10,BOS,77,109,53.39,66.90,95,47,57.48,173,128,58.19,295,212,52.05,725,668,48.40,318,339,50.38,131,129,50.17,147,146,BOS,77,109,53.57,57.45,27,20,62.93,73,43,63.44,144,83,51.56,297,279,45.75,140,166,52.24,70,64,45.83,66,78,BOS,77,109,54.12,64.47,49,27,65.38,85,45,61.48,166,104,52.58,357,322,44.99,166,203,47.66,61,67,48.10,76,82,2018,Regular,From
BUF,77,60,40.55,47.22,17,19,31.82,14,30,37.68,26,43,41.67,45,63,50.00,23,23,26.67,4,11,16.67,1,5,BUF,77,60,47.51,55.13,172,140,54.70,198,164,51.13,406,388,48.48,671,713,43.34,254,332,38.55,64,102,26.03,19,54,BUF,77,60,45.10,54.48,73,61,52.29,80,73,50.00,176,176,45.92,231,272,39.91,87,131,29.23,19,46,30.00,9,21,BUF,77,60,46.00,53.47,77,67,55.41,87,70,60.26,232,153,43.30,249,326,37.02,97,165,32.56,28,58,31.58,12,26,2018,Regular,From
CAR,77,79,46.12,30.43,7,16,40.74,11,16,47.76,32,35,50.00,64,64,45.83,33,39,50.00,14,14,33.33,4,8,CAR,77,79,53.92,53.33,144,126,61.67,177,110,61.34,365,230,53.70,784,676,48.96,329,343,48.53,132,140,47.62,90,99,CAR,77,79,52.92,49.61,63,64,48.06,62,67,63.74,174,99,55.11,361,294,49.15,144,149,45.61,52,62,37.68,26,43,CAR,77,79,58.04,67.46,85,41,73.81,93,33,63.99,215,121,56.98,445,336,50.89,171,165,49.66,72,73,48.10,38,41,2018,Regular,From
CBJ,77,91,53.83,58.82,10,7,48.39,15,16,51.72,30,28,54.70,64,53,55.71,39,31,53.57,15,13,53.33,8,7,CBJ,77,91,52.43,50.79,64,62,62.66,240,143,60.00,369,246,52.42,790,717,44.94,355,435,46.32,132,153,46.36,102,118,CBJ,77,91,53.82,66.67,44,22,58.11,86,62,59.50,144,98,53.56,316,274,48.18,146,157,46.28,56,65,48.39,45,48,CBJ,77,91,48.91,58.49,31,22,60.23,106,70,55.15,182,148,50.92,359,346,36.73,144,248,34.00,51,99,46.77,58,66,2018,Regular,From
CGY,77,80,47.58,47.37,9,10,33.33,10,20,52.31,34,31,50.43,59,58,40.00,24,36,57.69,15,11,45.45,5,6,CGY,77,80,52.47,60.47,130,85,57.89,176,128,52.99,310,275,52.80,831,743,48.39,315,336,48.20,134,144,52.27,69,63,CGY,77,80,54.29,65.04,80,43,61.29,95,60,54.86,141,116,54.34,413,347,48.18,146,157,51.75,59,55,54.39,31,26,CGY,77,80,53.70,68.10,79,37,64.13,118,66,59.31,188,129,52.15,424,389,47.81,153,167,49.14,57,59,40.98,25,36,2018,Regular,From
CHI,77,72,47.95,47.50,19,21,30.00,9,21,40.38,21,31,52.17,60,55,44.44,28,35,53.85,14,12,69.23,18,8,CHI,77,72,51.53,61.03,238,152,62.70,195,116,54.07,279,237,49.57,754,767,47.67,317,348,44.07,119,151,49.16,117,121,CHI,77,72,50.95,65.27,109,58,56.62,77,59,61.40,105,66,47.92,277,301,49.38,119,122,39.56,36,55,36.73,36,62,CHI,77,72,57.45,73.21,164,60,67.50,135,65,58.16,171,123,57.09,467,351,52.46,192,174,44.62,58,72,47.44,74,82,2018,Regular,From
COL,77,90,50.57,44.44,12,15,42.86,12,16,41.18,21,30,54.63,59,49,52.24,35,32,56.25,18,14,57.69,15,11,COL,77,90,47.08,56.25,90,70,56.67,119,91,53.22,306,269,46.28,609,707,44.37,335,420,33.55,103,204,39.51,81,124,COL,77,90,46.70,43.82,39,50,52.87,46,41,50.41,124,122,43.85,239,306,49.64,136,138,42.42,56,76,42.39,39,53,COL,77,90,49.28,52.63,50,45,59.50,72,49,54.24,179,151,48.48,336,357,49.74,195,197,33.33,56,112,34.86,38,71,2018,Regular,From
DAL,77,86,52.05,56.25,9,7,30.43,7,16,54.55,30,25,48.62,53,56,52.54,31,28,56.52,13,10,75.00,18,6,DAL,77,86,51.84,61.02,144,92,60.26,138,91,56.22,330,257,52.51,721,652,43.96,280,357,40.00,54,81,49.22,126,130,DAL,77,86,51.48,60.67,54,35,56.98,49,37,54.18,149,126,51.81,286,266,47.45,121,134,46.38,32,37,43.31,55,72,DAL,77,86,51.17,57.03,73,55,63.45,92,53,57.51,203,150,51.00,407,391,46.38,173,200,27.06,23,62,44.10,71,90,2018,Regular,From
DET,77,67,45.32,33.33,6,12,50.00,19,19,43.66,31,40,42.59,46,62,47.54,29,32,59.09,13,9,37.50,3,5,DET,77,67,48.87,56.19,109,85,56.20,195,152,51.72,391,365,49.43,690,706,43.46,216,281,45.48,146,175,38.46,50,80,DET,77,67,50.45,59.30,51,35,44.97,67,82,51.41,164,155,53.30,299,262,45.91,101,119,52.14,73,67,42.59,23,31,DET,77,67,46.16,63.00,63,37,55.15,91,74,53.94,212,181,46.56,284,326,34.94,87,162,35.29,54,99,33.33,20,40,2018,Regular,From
EDM,77,74,49.00,42.11,8,11,55.88,19,15,45.07,32,39,50.43,59,58,52.17,36,33,40.00,14,21,54.55,12,10,EDM,77,74,50.45,57.67,173,127,54.74,202,167,52.43,421,382,49.86,715,719,52.14,280,257,43.30,113,148,45.65,84,100,EDM,77,74,52.01,57.94,73,53,50.98,78,75,57.32,188,140,53.14,305,269,46.46,105,121,45.26,43,52,51.90,41,38,EDM,77,74,48.19,62.50,100,60,56.12,110,86,50.57,221,216,50.96,372,358,43.22,118,155,32.26,50,105,35.16,32,59,2018,Regular,From
FLA,77,86,48.33,27.78,5,13,58.82,20,14,49.25,33,34,50.42,60,59,41.79,28,39,58.06,18,13,40.91,9,13,FLA,77,86,50.25,53.16,101,89,58.62,187,132,57.99,457,331,50.57,752,735,44.75,307,379,39.57,110,168,39.19,87,135,FLA,77,86,50.91,62.71,37,22,60.58,83,54,55.48,172,138,51.28,281,267,45.36,132,159,37.01,47,80,46.58,34,39,FLA,77,86,47.62,62.07,54,33,58.82,80,56,56.27,202,157,44.48,286,357,37.96,123,201,44.19,57,72,42.72,44,59,2018,Regular,From
L.A,77,91,53.79,63.16,12,7,56.25,18,14,47.76,32,35,45.54,51,61,60.00,30,20,72.73,16,6,73.33,11,4,L.A,77,91,49.20,48.65,108,114,55.49,192,154,53.35,374,327,51.19,647,617,46.07,258,302,36.06,97,172,44.86,96,118,L.A,77,91,48.76,63.74,58,33,51.39,74,70,51.28,180,171,51.84,310,288,44.20,99,125,33.33,40,80,38.04,35,57,L.A,77,91,50.50,57.28,59,44,49.40,83,85,59.33,213,146,52.05,355,327,50.99,154,148,33.09,46,93,29.91,32,75,2018,Regular,From
MIN,77,96,53.12,40.00,8,12,52.00,13,12,49.09,27,28,50.46,55,54,60.94,39,25,68.42,26,12,46.67,14,16,MIN,77,96,49.41,49.32,73,75,60.59,143,93,54.18,311,263,47.97,626,679,46.98,342,386,39.87,120,181,46.77,123,140,MIN,77,96,44.92,52.94,27,24,55.70,44,35,53.20,133,117,41.47,214,302,39.59,116,177,39.69,52,79,40.94,52,75,MIN,77,96,44.81,53.42,39,34,56.19,59,46,51.05,146,140,43.82,298,382,38.50,139,222,33.92,58,113,36.73,54,93,2018,Regular,From
MTL,77,68,44.56,42.86,12,16,29.03,9,22,40.00,22,33,45.79,49,58,48.08,25,27,54.17,13,11,61.54,8,5,MTL,77,68,50.28,59.36,203,139,56.85,191,145,52.37,364,331,49.47,753,769,47.23,222,248,47.77,161,176,40.70,35,51,MTL,77,68,48.61,58.74,84,59,58.57,82,58,47.88,113,123,48.59,293,310,50.00,105,105,40.29,56,83,25.58,11,32,MTL,77,68,49.90,58.06,108,78,60.18,133,88,54.49,194,162,52.31,442,403,38.72,115,182,44.81,95,117,22.95,14,47,2018,Regular,From
N.J,77,89,48.63,57.14,8,6,48.48,16,17,46.88,30,34,49.61,64,65,44.62,29,36,54.17,13,11,46.67,7,8,N.J,77,89,49.35,53.06,78,69,51.84,141,131,55.30,433,350,49.89,667,670,45.10,304,370,41.37,103,146,42.58,89,120,N.J,77,89,47.06,60.00,45,30,53.73,72,62,50.92,166,160,43.77,239,307,45.16,140,170,37.84,42,69,50.00,46,46,N.J,77,89,46.23,65.56,59,31,46.58,68,78,54.60,190,158,46.76,289,329,39.42,123,189,34.68,43,81,31.52,29,63,2018,Regular,From
NSH,77,111,56.58,42.86,3,4,70.59,12,5,58.18,32,23,61.32,65,41,55.26,42,34,45.45,15,18,50.00,12,12,NSH,77,111,50.72,54.81,57,47,54.55,84,70,58.24,311,223,50.99,721,693,43.80,364,467,43.99,161,205,46.50,146,168,NSH,77,111,54.72,69.57,32,14,66.20,47,24,58.90,129,90,59.03,340,236,44.44,152,190,44.44,64,80,41.67,50,70,NSH,77,111,52.79,65.38,34,18,59.14,55,38,61.21,172,109,52.95,368,327,43.44,192,250,41.58,79,111,45.81,71,84,2018,Regular,From
NYI,77,74,47.13,53.57,15,13,47.37,18,20,41.56,32,45,45.38,59,71,49.21,31,32,59.38,19,13,44.00,11,14,NYI,77,74,46.31,51.73,179,167,46.08,182,213,53.36,373,326,47.64,565,621,39.48,259,397,41.41,123,174,42.46,107,145,NYI,77,74,46.05,45.33,68,82,60.45,107,70,47.62,140,154,45.39,207,249,42.98,98,130,40.00,46,69,43.27,45,59,NYI,77,74,49.48,63.87,122,69,58.82,130,91,55.50,207,166,49.19,304,314,40.63,128,187,40.85,67,97,37.93,44,72,2018,Regular,From
NYR,77,75,46.01,57.89,11,8,47.50,19,21,43.53,37,48,43.18,57,75,45.00,27,33,57.14,12,9,50.00,3,3,NYR,77,75,45.88,49.60,124,126,55.94,240,189,50.06,440,439,46.08,659,771,38.05,226,368,41.59,94,132,46.46,46,53,NYR,77,75,46.35,50.54,47,46,58.76,104,73,50.50,151,148,44.71,241,298,39.17,94,146,48.08,50,54,37.21,16,27,NYR,77,75,44.26,44.92,53,65,58.59,116,82,52.34,201,183,45.00,297,363,34.90,104,194,38.10,48,78,19.57,9,37,2018,Regular,From
OTT,77,65,44.11,65.52,19,10,20.51,8,31,49.33,37,38,43.55,54,70,45.76,27,32,43.33,13,17,33.33,4,8,OTT,77,65,47.32,50.17,147,146,50.00,157,157,53.26,457,401,47.34,650,723,45.56,246,294,36.95,92,157,45.00,45,55,OTT,77,65,46.99,55.77,58,46,58.22,85,61,50.96,185,178,47.74,285,312,41.56,96,135,35.78,39,70,29.55,13,31,OTT,77,65,44.87,61.43,86,54,59.24,141,97,55.32,265,214,41.75,319,445,34.32,104,199,33.06,40,81,31.03,18,40,2018,Regular,From
PHI,77,90,52.15,69.23,9,4,41.38,12,17,52.63,30,27,54.55,66,55,50.72,35,34,58.62,17,12,36.84,7,12,PHI,77,90,50.53,54.07,93,79,57.84,166,121,56.58,301,231,49.80,763,769,47.01,291,328,43.12,141,186,45.32,63,76,PHI,77,90,48.02,62.50,40,24,51.72,60,56,51.17,109,104,49.20,339,350,42.25,109,149,40.00,52,78,37.10,23,39,PHI,77,90,48.75,65.26,62,33,61.11,88,56,57.00,167,126,48.62,387,409,37.00,121,206,42.34,58,79,31.82,21,45,2018,Regular,From
PIT,77,92,49.79,31.82,7,15,53.13,17,15,50.00,36,36,51.24,62,59,50.72,35,34,50.00,17,17,53.33,8,7,PIT,77,92,53.53,54.43,129,108,57.19,183,137,56.13,371,290,55.85,773,611,47.66,316,347,53.16,160,141,44.40,111,139,PIT,77,92,52.27,60.20,59,39,55.00,77,63,55.38,144,116,50.47,271,266,48.58,120,127,55.00,77,63,47.56,39,43,PIT,77,92,50.34,48.00,60,65,60.00,99,66,57.78,182,133,50.51,346,339,46.84,148,168,38.76,69,109,41.75,43,60,2018,Regular,From
S.J,77,98,50.05,45.45,5,6,56.67,17,13,50.00,31,31,47.50,57,63,46.97,31,35,64.71,22,12,45.00,9,11,S.J,77,98,51.79,51.91,68,63,64.43,125,69,54.83,454,374,54.30,713,600,46.85,275,312,37.01,141,240,49.37,118,121,S.J,77,98,53.16,59.32,35,24,55.34,57,46,56.93,189,143,54.41,327,274,50.00,140,140,50.91,84,81,35.40,40,73,S.J,77,98,49.76,53.16,42,37,63.24,86,50,55.24,253,205,49.50,393,401,45.38,167,201,40.53,92,135,34.93,51,95,2018,Regular,From
STL,77,92,52.89,52.63,10,9,30.77,8,18,46.94,23,26,57.28,59,44,58.73,37,26,57.14,20,15,52.00,13,12,STL,77,92,52.11,52.17,120,110,58.09,158,114,53.39,291,254,53.67,738,637,48.82,353,370,44.33,133,167,48.74,97,102,STL,77,92,54.48,63.16,60,35,62.75,64,38,56.72,135,103,56.95,295,223,45.45,140,168,45.26,62,75,58.33,35,25,STL,77,92,48.63,53.72,65,56,47.93,58,63,54.63,171,142,48.09,377,407,45.57,180,215,41.67,70,98,40.40,40,59,2018,Regular,From
T.B,77,106,55.69,69.23,9,4,41.94,13,18,58.33,35,25,53.54,53,46,65.71,46,24,55.10,27,22,46.43,13,15,T.B,77,106,50.24,55.56,90,72,50.41,123,121,58.88,325,227,51.52,677,637,44.43,283,354,40.93,203,293,43.47,143,186,T.B,77,106,55.57,62.50,40,24,62.93,73,43,56.69,144,110,57.46,285,211,54.24,147,124,45.23,90,109,45.38,59,71,T.B,77,106,53.92,62.67,47,28,61.40,70,44,58.24,159,114,52.82,347,310,50.14,177,176,44.34,98,123,44.83,65,80,2018,Regular,From
TOR,77,99,52.95,90.00,9,1,51.43,18,17,50.88,29,28,53.51,61,53,53.52,38,33,54.90,28,23,44.44,16,20,TOR,77,99,48.73,64.49,69,38,61.14,225,143,55.21,302,245,44.10,631,800,44.77,291,359,44.74,200,247,45.14,158,192,TOR,77,99,50.48,55.10,27,22,57.23,91,68,61.30,160,101,48.52,312,331,42.05,111,153,47.02,79,89,43.42,66,86,TOR,77,99,54.97,53.33,32,28,66.48,117,59,65.78,173,90,54.48,395,330,45.03,145,177,45.74,102,121,44.94,80,98,2018,Regular,From
VAN,77,65,44.59,45.00,9,11,29.73,11,26,44.62,29,36,42.98,49,65,46.67,21,24,66.67,16,8,46.67,7,8,VAN,77,65,47.27,51.46,123,116,55.42,271,218,55.60,417,333,46.29,531,616,39.81,207,313,39.17,94,146,41.28,90,128,VAN,77,65,46.91,53.70,58,50,48.06,99,107,51.90,150,139,50.88,259,250,43.15,85,112,36.26,33,58,29.90,29,68,VAN,77,65,47.74,58.10,61,44,58.97,138,96,55.50,222,178,48.33,261,279,40.08,97,145,32.50,39,81,33.03,36,73,2018,Regular,From
VGK,77,103,54.41,50.00,7,7,28.57,6,15,65.52,38,20,55.46,66,53,53.25,41,36,59.52,25,17,47.83,11,12,VGK,77,103,51.62,55.05,60,49,67.03,124,61,53.97,333,284,52.38,760,691,45.83,313,370,47.12,147,165,42.94,149,198,VGK,77,103,51.32,52.94,27,24,60.44,55,36,57.91,172,125,49.83,296,298,47.33,133,148,45.86,61,72,43.31,68,89,VGK,77,103,52.59,52.63,30,27,70.59,84,35,58.58,198,140,53.13,373,329,43.02,151,200,42.86,84,112,41.85,77,107,2018,Regular,From
WPG,77,104,54.59,38.10,8,13,43.75,7,9,51.85,28,26,59.05,62,43,61.19,41,26,50.00,21,21,58.06,18,13,WPG,77,104,52.15,51.88,124,115,59.83,137,92,55.81,245,194,52.16,627,575,48.10,367,396,48.84,210,220,44.97,134,164,WPG,77,104,52.72,65.91,58,30,55.95,47,37,52.13,98,90,47.22,238,266,51.59,179,168,54.74,104,86,50.41,62,61,WPG,77,104,52.34,64.89,85,46,64.84,59,32,58.30,130,93,50.38,333,328,48.28,182,195,41.73,106,148,39.22,60,93,2018,Regular,From
WSH,77,99,52.65,56.25,9,7,50.00,15,15,56.45,35,27,52.07,63,58,55.93,33,26,52.94,18,16,40.00,10,15,WSH,77,99,47.48,59.20,148,102,59.35,127,87,52.19,274,251,45.06,584,712,44.52,280,349,40.00,138,207,39.81,84,127,WSH,77,99,46.77,52.25,58,53,49.43,43,44,49.62,130,132,47.50,304,336,40.55,133,195,46.11,83,97,39.08,34,53,WSH,77,99,51.05,67.44,87,42,60.94,78,50,59.17,171,118,49.77,327,330,44.44,168,210,39.29,77,119,36.54,38,66,2018,Regular,From
ANA,76,91,52.53,60.00,9,6,61.54,16,10,48.28,28,30,50.00,55,55,58.18,32,23,54.55,18,15,44.44,8,10,ANA,76,91,48.37,61.82,68,42,57.49,142,105,52.46,299,271,48.14,608,655,43.55,321,416,40.46,176,259,41.84,100,139,ANA,76,91,48.89,51.67,31,29,54.24,64,54,53.97,136,116,47.39,254,282,44.91,172,211,43.90,90,115,45.69,53,63,ANA,76,91,48.56,71.43,40,16,61.49,99,62,55.33,166,134,46.61,296,339,41.30,159,226,41.18,84,120,31.78,34,73,2018,Regular,From
ARI,76,63,44.22,50.00,11,11,48.65,18,19,45.07,32,39,42.28,52,71,33.96,18,35,52.63,10,9,71.43,5,2,ARI,76,63,47.58,54.22,135,114,52.82,187,167,53.43,366,319,47.63,694,763,41.61,263,369,41.48,73,103,44.05,37,47,ARI,76,63,45.36,51.75,59,55,46.79,73,83,55.38,175,141,44.65,334,414,40.26,122,181,39.02,32,50,34.48,20,38,ARI,76,63,51.85,60.34,70,46,58.03,112,81,53.65,206,178,53.40,416,363,46.76,173,197,46.24,43,50,45.71,32,38,2018,Regular,From
BOS,76,107,56.23,60.00,6,4,62.96,17,10,53.33,32,28,53.51,61,53,55.93,33,26,65.71,23,12,56.52,13,10,BOS,76,107,53.37,66.90,95,47,57.48,173,128,57.68,289,212,52.16,725,665,48.31,314,336,49.60,124,126,51.89,137,127,BOS,76,107,53.62,57.45,27,20,62.93,73,43,63.96,142,80,51.57,295,277,45.54,138,165,50.77,66,64,47.79,65,71,BOS,76,107,54.00,64.47,49,27,65.38,85,45,61.34,165,104,52.51,356,322,45.05,164,200,48.03,61,66,46.75,72,82,2018,Regular,From
BUF,76,60,40.65,47.22,17,19,30.95,13,29,38.81,26,41,41.12,44,63,50.00,23,23,28.57,4,10,16.67,1,5,BUF,76,60,47.43,55.02,170,139,54.87,197,162,51.20,405,386,48.29,665,712,43.18,247,325,38.55,64,102,26.03,19,54,BUF,76,60,45.20,54.89,73,60,52.63,80,72,50.00,175,175,45.78,228,270,40.57,86,126,29.23,19,46,30.00,9,21,BUF,76,60,45.98,53.19,75,66,54.55,84,70,60.73,232,150,43.28,248,325,36.76,93,160,32.56,28,58,31.58,12,26,2018,Regular,From
CAR,76,79,45.90,30.43,7,16,40.74,11,16,46.97,31,35,50.00,62,62,45.83,33,39,50.00,14,14,33.33,4,8,CAR,76,79,54.00,53.33,144,126,61.67,177,110,61.09,358,228,53.67,768,663,49.77,323,326,48.53,132,140,47.62,90,99,CAR,76,79,52.99,49.61,63,64,48.06,62,67,63.74,174,99,55.56,360,288,48.76,138,145,45.61,52,62,37.68,26,43,CAR,76,79,58.04,67.46,85,41,73.81,93,33,63.96,213,120,57.09,443,333,50.61,167,163,49.66,72,73,48.10,38,41,2018,Regular,From
CBJ,76,89,52.98,56.25,9,7,46.67,14,16,50.88,29,28,54.78,63,52,55.07,38,31,51.85,14,13,50.00,7,7,CBJ,76,89,52.48,50.81,63,61,62.53,237,142,60.23,368,243,52.40,785,713,44.92,354,434,46.64,132,151,46.89,98,111,CBJ,76,89,53.67,65.63,42,22,57.82,85,62,59.75,144,97,53.49,314,273,48.34,146,156,44.92,53,65,48.81,41,43,CBJ,76,89,48.68,59.62,31,21,59.54,103,70,55.18,181,147,50.64,354,345,36.92,144,246,33.78,50,98,45.22,52,63,2018,Regular,From
CGY,76,80,47.56,47.37,9,10,33.33,10,20,52.31,34,31,50.43,59,58,40.00,24,36,57.69,15,11,45.45,5,6,CGY,76,80,52.46,60.87,126,81,57.48,169,125,53.00,309,274,52.82,823,735,48.39,315,336,48.20,134,144,52.27,69,63,CGY,76,80,54.27,65.00,78,42,60.42,87,57,54.86,141,116,54.53,409,341,48.18,146,157,51.75,59,55,54.39,31,26,CGY,76,80,53.85,67.59,73,35,64.44,116,64,59.37,187,128,52.48,423,383,47.81,153,167,49.14,57,59,40.98,25,36,2018,Regular,From
CHI,76,71,47.88,47.50,19,21,30.00,9,21,38.00,19,31,52.68,59,53,45.16,28,34,53.85,14,12,69.23,18,8,CHI,76,71,51.65,61.03,238,152,62.70,195,116,54.00,277,236,49.80,741,747,47.91,310,337,44.07,119,151,49.16,117,121,CHI,76,71,51.06,65.27,109,58,56.62,77,59,61.18,104,66,48.41,274,292,49.14,114,118,39.56,36,55,36.73,36,62,CHI,76,71,57.69,73.21,164,60,67.50,135,65,59.03,170,118,57.30,455,339,52.68,187,168,44.62,58,72,47.44,74,82,2018,Regular,From
COL,76,90,50.67,44.44,12,15,40.74,11,16,42.00,21,29,55.14,59,48,52.24,35,32,56.25,18,14,57.69,15,11,COL,76,90,47.09,56.25,90,70,57.21,119,89,53.25,287,252,46.28,604,701,44.37,335,420,33.55,103,204,39.51,81,124,COL,76,90,46.61,43.82,39,50,54.12,46,39,49.56,113,115,43.76,235,302,49.64,136,138,42.42,56,76,42.39,39,53,COL,76,90,48.96,52.63,50,45,59.32,70,48,51.35,152,144,48.76,334,351,49.74,195,197,33.33,56,112,34.86,38,71,2018,Regular,From
DAL,76,84,52.06,56.25,9,7,30.43,7,16,54.55,30,25,48.11,51,55,53.45,31,27,56.52,13,10,75.00,18,6,DAL,76,84,52.00,61.02,144,92,60.26,138,91,56.36,328,254,52.77,706,632,44.20,278,351,40.00,54,81,49.22,126,130,DAL,76,84,51.65,60.67,54,35,56.98,49,37,54.78,149,123,51.87,277,257,47.81,120,131,46.38,32,37,43.31,55,72,DAL,76,84,51.18,57.03,73,55,63.45,92,53,57.18,199,149,50.83,396,383,47.01,173,195,27.06,23,62,44.10,71,90,2018,Regular,From
DET,76,65,44.93,33.33,6,12,50.00,19,19,42.86,30,40,42.99,46,61,46.67,28,32,55.00,11,9,42.86,3,4,DET,76,65,48.87,56.19,109,85,56.20,195,152,51.41,384,363,49.42,683,699,43.46,216,281,45.86,144,170,39.67,48,73,DET,76,65,50.32,59.30,51,35,44.97,67,82,51.59,162,152,53.08,293,259,45.91,101,119,51.49,69,65,43.14,22,29,DET,76,65,46.43,63.00,63,37,55.15,91,74,54.24,211,178,47.00,282,318,34.94,87,162,35.66,51,92,33.33,18,36,2018,Regular,From
EDM,76,74,49.79,44.44,8,10,57.58,19,14,45.71,32,38,50.43,58,57,52.94,36,32,41.18,14,20,57.14,12,9,EDM,76,74,50.40,57.44,166,123,54.50,200,167,52.43,420,381,49.89,711,714,51.97,277,256,43.58,112,145,45.60,83,99,EDM,76,74,52.18,58.12,68,49,52.00,78,72,57.19,187,140,53.24,304,267,46.22,104,121,45.74,43,51,53.25,41,36,EDM,76,74,48.39,64.24,97,54,56.19,109,85,50.34,219,216,51.24,371,353,43.17,117,154,32.89,50,102,34.44,31,59,2018,Regular,From
FLA,76,86,48.71,29.41,5,12,58.82,20,14,50.00,33,33,50.43,59,58,42.42,28,38,58.06,18,13,40.91,9,13,FLA,76,86,50.29,50.93,82,79,59.55,184,125,58.13,454,327,50.47,749,735,45.15,307,373,39.57,110,168,39.19,87,135,FLA,76,86,50.89,58.82,30,21,62.41,83,50,55.70,171,136,51.29,279,265,45.10,129,157,37.01,47,80,46.58,34,39,FLA,76,86,47.77,65.06,54,29,58.52,79,56,56.21,199,155,44.55,286,356,38.08,123,200,44.19,57,72,42.72,44,59,2018,Regular,From
L.A,76,89,53.78,63.16,12,7,56.25,18,14,47.76,32,35,45.54,51,61,60.00,30,20,72.73,16,6,73.33,11,4,L.A,76,89,49.21,48.65,108,114,55.49,192,154,53.35,374,327,51.20,639,609,46.06,257,301,36.29,94,165,44.66,92,114,L.A,76,89,48.79,63.74,58,33,51.39,74,70,51.28,180,171,51.70,304,284,44.20,99,125,33.94,37,72,38.20,34,55,L.A,76,89,50.41,57.28,59,44,49.40,83,85,59.33,213,146,51.70,349,326,51.00,153,147,32.59,44,91,30.30,30,69,2018,Regular,From
MIN,76,94,53.16,40.00,8,12,52.00,13,12,49.09,27,28,50.93,55,53,60.32,38,25,69.44,25,11,46.67,14,16,MIN,76,94,49.48,49.32,73,75,60.59,143,93,54.06,306,260,47.95,620,673,46.96,340,384,41.11,118,169,46.77,123,140,MIN,76,94,44.88,52.94,27,24,55.70,44,35,53.25,131,115,41.33,212,301,39.66,115,175,39.84,51,77,40.94,52,75,MIN,76,94,44.93,53.42,39,34,56.19,59,46,50.71,142,138,43.92,296,378,38.61,139,221,34.97,57,106,36.73,54,93,2018,Regular,From
MTL,76,66,44.49,42.86,12,16,29.03,9,22,40.00,22,33,45.71,48,57,47.06,24,27,56.52,13,10,61.54,8,5,MTL,76,66,50.29,59.36,203,139,56.85,191,145,51.92,352,326,49.47,750,766,47.26,216,241,48.93,160,167,40.70,35,51,MTL,76,66,48.51,58.74,84,59,58.57,82,58,48.50,113,120,48.49,290,308,49.50,99,101,39.71,54,82,25.58,11,32,MTL,76,66,49.78,58.06,108,78,60.18,133,88,54.57,191,159,52.15,437,401,37.32,106,178,45.89,95,112,22.95,14,47,2018,Regular,From
N.J,76,88,48.89,57.14,8,6,48.48,16,17,46.88,30,34,49.60,62,63,46.03,29,34,54.17,13,11,46.67,7,8,N.J,76,88,49.35,53.06,78,69,51.84,141,131,55.41,430,346,49.85,646,650,45.17,304,369,41.37,103,146,42.58,89,120,N.J,76,88,47.34,60.00,45,30,53.73,72,62,51.23,166,158,44.19,232,293,45.45,140,168,37.84,42,69,50.00,46,46,N.J,76,88,46.08,65.56,59,31,46.58,68,78,54.49,188,157,46.31,282,327,39.55,123,188,34.68,43,81,31.52,29,63,2018,Regular,From
NSH,76,109,56.41,42.86,3,4,70.59,12,5,58.18,32,23,59.80,61,41,56.94,41,31,45.45,15,18,50.00,12,12,NSH,76,109,50.68,54.81,57,47,54.55,84,70,58.24,311,223,50.72,704,684,44.13,361,457,43.99,161,205,46.50,146,168,NSH,76,109,54.87,69.57,32,14,66.20,47,24,58.90,129,90,58.94,333,232,45.35,151,182,44.44,64,80,41.67,50,70,NSH,76,109,52.98,65.38,34,18,59.14,55,38,61.21,172,109,53.09,361,319,43.98,190,242,41.58,79,111,45.81,71,84,2018,Regular,From
NYI,76,72,46.95,53.57,15,13,47.37,18,20,40.79,31,45,44.88,57,70,50.00,31,31,59.38,19,13,44.00,11,14,NYI,76,72,46.28,51.73,179,167,46.08,182,213,53.25,369,324,47.42,551,611,39.91,253,381,41.41,123,174,42.46,107,145,NYI,76,72,46.16,45.33,68,82,60.45,107,70,47.26,138,154,45.72,203,241,43.64,96,124,40.00,46,69,43.27,45,59,NYI,76,72,49.64,63.87,122,69,58.82,130,91,55.59,204,163,49.58,296,301,40.66,124,181,40.85,67,97,37.93,44,72,2018,Regular,From
NYR,76,74,46.24,57.89,11,8,47.50,19,21,43.53,37,48,43.08,56,74,46.55,27,31,57.14,12,9,50.00,3,3,NYR,76,74,45.84,49.60,124,126,55.94,240,189,50.06,440,439,45.98,640,752,38.10,224,364,41.59,94,132,46.46,46,53,NYR,76,74,46.33,50.54,47,46,58.76,104,73,50.50,151,148,44.44,232,290,39.57,93,142,48.08,50,54,37.21,16,27,NYR,76,74,44.32,44.92,53,65,58.59,116,82,52.34,201,183,45.19,291,353,34.80,103,193,38.10,48,78,19.57,9,37,2018,Regular,From
OTT,76,63,43.91,65.52,19,10,20.51,8,31,48.65,36,38,43.44,53,69,45.76,27,32,43.33,13,17,33.33,4,8,OTT,76,63,47.24,50.17,147,146,50.00,157,157,53.07,450,398,47.34,632,703,45.35,244,294,36.95,92,157,45.00,45,55,OTT,76,63,46.96,55.77,58,46,58.22,85,61,51.11,184,176,47.76,277,303,41.30,95,135,35.78,39,70,29.55,13,31,OTT,76,63,44.81,61.43,86,54,59.24,141,97,55.18,261,212,41.74,311,434,33.89,102,199,33.06,40,81,31.03,18,40,2018,Regular,From
PHI,76,89,52.14,69.23,9,4,41.38,12,17,51.79,29,27,55.08,65,53,50.72,35,34,58.62,17,12,36.84,7,12,PHI,76,89,50.39,54.07,93,79,57.84,166,121,56.30,295,229,49.63,743,754,46.91,288,326,43.12,141,186,45.32,63,76,PHI,76,89,47.80,62.50,40,24,51.72,60,56,50.72,106,103,49.18,330,341,41.57,106,149,40.00,52,78,37.10,23,39,PHI,76,89,48.77,65.26,62,33,61.11,88,56,56.25,162,126,48.78,379,398,37.27,120,202,42.34,58,79,31.82,21,45,2018,Regular,From
PIT,76,92,50.02,28.57,6,15,56.67,17,13,50.70,36,35,50.83,61,59,51.47,35,33,50.00,17,17,53.33,8,7,PIT,76,92,53.53,53.51,122,106,56.87,178,135,56.13,371,290,55.91,766,604,48.01,314,340,53.16,160,141,44.40,111,139,PIT,76,92,52.42,60.00,57,38,55.97,75,59,55.38,144,116,50.76,268,260,48.35,117,125,55.00,77,63,47.56,39,43,PIT,76,92,50.05,47.06,56,63,59.35,92,63,57.78,182,133,50.07,338,337,46.47,145,167,38.76,69,109,41.75,43,60,2018,Regular,From
S.J,76,97,50.17,45.45,5,6,56.67,17,13,50.00,31,31,47.46,56,62,47.69,31,34,64.71,22,12,45.00,9,11,S.J,76,97,51.87,51.91,68,63,64.43,125,69,54.83,454,374,54.49,692,578,47.24,274,306,37.01,141,240,49.37,118,121,S.J,76,97,53.26,59.32,35,24,55.34,57,46,56.93,189,143,54.97,321,263,49.64,138,140,50.91,84,81,35.40,40,73,S.J,76,97,49.89,53.16,42,37,63.24,86,50,55.24,253,205,49.67,382,387,45.73,166,197,40.53,92,135,34.93,51,95,2018,Regular,From
STL,76,91,52.91,52.63,10,9,30.77,8,18,44.68,21,26,58.59,58,41,58.73,37,26,57.14,20,15,52.00,13,12,STL,76,91,52.17,52.17,120,110,58.09,158,114,53.82,289,248,53.73,721,621,48.82,353,370,44.33,133,167,48.74,97,102,STL,76,91,54.38,63.16,60,35,62.75,64,38,56.60,133,102,56.80,288,219,45.45,140,168,45.26,62,75,58.33,35,25,STL,76,91,48.52,53.72,65,56,47.93,58,63,54.87,169,139,47.69,361,396,45.57,180,215,41.67,70,98,40.40,40,59,2018,Regular,From
T.B,76,106,55.99,69.23,9,4,40.00,12,18,60.34,35,23,54.08,53,45,65.71,46,24,55.10,27,22,46.43,13,15,T.B,76,106,50.26,55.56,90,72,50.21,120,119,58.68,311,219,51.81,673,626,44.43,283,354,40.93,203,293,43.47,143,186,T.B,76,106,55.62,62.50,40,24,62.61,72,43,56.49,135,104,57.79,282,206,54.24,147,124,45.23,90,109,45.38,59,71,T.B,76,106,53.90,62.67,47,28,60.71,68,44,57.47,150,111,53.09,344,304,50.14,177,176,44.34,98,123,44.83,65,80,2018,Regular,From
TOR,76,97,52.88,90.00,9,1,51.43,18,17,50.88,29,28,53.10,60,53,52.17,36,33,56.25,27,21,45.71,16,19,TOR,76,97,48.58,64.49,69,38,61.14,225,143,55.21,302,245,44.02,629,800,44.66,280,347,44.42,187,234,44.96,156,191,TOR,76,97,50.41,55.10,27,22,57.23,91,68,61.30,160,101,48.67,311,328,41.90,106,147,46.15,72,84,43.42,66,86,TOR,76,97,55.08,53.33,32,28,66.48,117,59,65.78,173,90,54.48,395,330,45.42,139,167,45.85,94,111,45.14,79,96,2018,Regular,From
VAN,76,63,44.04,45.00,9,11,29.73,11,26,44.62,29,36,41.96,47,65,46.51,20,23,65.22,15,8,46.67,7,8,VAN,76,63,47.14,51.46,123,116,55.42,271,218,55.60,417,333,45.98,521,612,39.27,194,300,39.57,93,142,41.28,90,128,VAN,76,63,46.48,53.70,58,50,48.06,99,107,51.90,150,139,50.30,252,249,41.88,80,111,35.96,32,57,29.90,29,68,VAN,76,63,47.88,58.10,61,44,58.97,138,96,55.50,222,178,48.87,260,272,39.47,90,138,32.77,39,80,33.03,36,73,2018,Regular,From
VGK,76,103,54.71,50.00,7,7,28.57,6,15,64.91,37,20,56.90,66,50,53.25,41,36,59.52,25,17,47.83,11,12,VGK,76,103,51.77,55.05,60,49,67.03,124,61,54.43,313,262,52.57,758,684,45.83,313,370,47.12,147,165,42.94,149,198,VGK,76,103,51.12,52.94,27,24,60.44,55,36,57.04,158,119,49.83,294,296,47.33,133,148,45.86,61,72,43.31,68,89,VGK,76,103,52.66,52.63,30,27,70.59,84,35,58.47,183,130,53.30,371,325,43.02,151,200,42.86,84,112,41.85,77,107,2018,Regular,From
WPG,76,104,55.27,37.50,6,10,46.67,7,8,52.83,28,25,59.62,62,42,61.19,41,26,50.00,21,21,58.06,18,13,WPG,76,104,52.33,53.96,109,93,60.44,136,89,55.85,234,185,52.09,624,574,48.10,367,396,48.84,210,220,44.97,134,164,WPG,76,104,52.75,67.50,54,26,56.10,46,36,52.15,97,89,47.12,237,266,51.59,179,168,54.74,104,86,50.41,62,61,WPG,76,104,52.30,65.14,71,38,65.17,58,31,58.14,125,90,50.30,331,327,48.28,182,195,41.73,106,148,39.22,60,93,2018,Regular,From
WSH,76,97,52.36,56.25,9,7,50.00,15,15,55.00,33,27,52.10,62,57,55.93,33,26,52.94,18,16,40.00,10,15,WSH,76,97,47.41,59.20,148,102,59.35,127,87,52.02,270,249,44.91,565,693,44.52,280,349,40.00,138,207,39.81,84,127,WSH,76,97,46.67,52.25,58,53,49.43,43,44,49.03,126,131,47.51,296,327,40.55,133,195,46.11,83,97,39.08,34,53,WSH,76,97,50.96,67.44,87,42,60.94,78,50,59.23,170,117,49.45,317,324,44.44,168,210,39.29,77,119,36.54,38,66,2018,Regular,From
ANA,75,89,52.26,60.00,9,6,60.00,15,10,46.30,25,29,50.47,54,53,58.18,32,23,54.55,18,15,44.44,8,10,ANA,75,89,48.30,61.82,68,42,57.49,142,105,52.64,289,260,47.80,587,641,43.55,321,416,40.46,176,259,41.84,100,139,ANA,75,89,48.94,51.67,31,29,53.85,63,54,54.96,133,109,47.14,247,277,44.91,172,211,43.90,90,115,45.69,53,63,ANA,75,89,48.31,71.43,40,16,61.88,99,61,54.76,161,133,45.95,284,334,41.30,159,226,41.18,84,120,31.78,34,73,2018,Regular,From
ARI,75,61,43.77,50.00,11,11,48.65,18,19,45.07,32,39,41.80,51,71,33.96,18,35,47.06,8,9,71.43,5,2,ARI,75,61,47.42,54.22,135,114,52.82,187,167,53.43,366,319,47.35,678,754,41.79,262,365,40.00,66,99,43.90,36,46,ARI,75,61,45.47,51.75,59,55,46.79,73,83,55.38,175,141,44.74,332,410,40.53,122,179,39.19,29,45,34.55,19,36,ARI,75,61,51.79,60.34,70,46,58.03,112,81,53.65,206,178,53.13,408,360,47.01,173,195,46.51,40,46,45.71,32,38,2018,Regular,From
BOS,75,105,56.04,60.00,6,4,62.96,17,10,53.33,32,28,53.10,60,53,54.39,31,26,67.65,23,11,56.52,13,10,BOS,75,105,53.38,66.90,95,47,57.48,173,128,57.68,289,212,51.93,714,661,48.73,306,322,49.80,122,123,51.89,137,127,BOS,75,105,53.70,57.45,27,20,62.93,73,43,63.96,142,80,51.42,290,274,45.83,132,156,51.16,66,63,47.79,65,71,BOS,75,105,54.15,64.47,49,27,65.38,85,45,61.34,165,104,52.32,350,319,45.74,161,191,48.80,61,64,46.75,72,82,2018,Regular,From
BUF,75,58,40.25,47.22,17,19,30.95,13,29,37.88,25,41,40.00,42,63,51.11,23,22,28.57,4,10,16.67,1,5,BUF,75,58,47.53,55.02,170,139,54.87,197,162,51.09,399,382,48.43,663,706,43.67,231,298,38.55,64,102,26.03,19,54,BUF,75,58,45.65,54.89,73,60,52.63,80,72,50.14,174,173,45.86,227,268,43.39,82,107,29.23,19,46,30.00,9,21,BUF,75,58,46.22,53.19,75,66,54.55,84,70,60.90,229,147,43.51,248,322,37.45,88,147,32.56,28,58,31.58,12,26,2018,Regular,From
CAR,75,77,45.45,30.43,7,16,40.74,11,16,46.97,31,35,49.18,60,62,45.71,32,38,48.15,13,14,33.33,4,8,CAR,75,77,53.88,53.33,144,126,61.67,177,110,61.09,358,228,53.50,756,657,49.69,319,323,47.88,124,135,47.59,89,98,CAR,75,77,52.82,49.61,63,64,48.06,62,67,63.74,174,99,55.50,358,287,48.01,133,144,45.63,47,56,36.76,25,43,CAR,75,77,58.01,67.46,85,41,73.81,93,33,63.96,213,120,57.24,439,328,49.85,162,163,50.00,67,67,48.10,38,41,2018,Regular,From
CBJ,75,89,53.15,56.25,9,7,44.83,13,16,51.79,29,27,55.26,63,51,55.07,38,31,51.85,14,13,50.00,7,7,CBJ,75,89,52.52,50.81,63,61,63.10,236,138,60.53,342,223,52.34,783,713,44.92,354,434,46.64,132,151,46.89,98,111,CBJ,75,89,53.71,65.63,42,22,59.03,85,59,59.29,134,92,53.49,314,273,48.34,146,156,44.92,53,65,48.81,41,43,CBJ,75,89,48.56,59.62,31,21,59.54,103,70,54.33,163,137,50.64,354,345,36.92,144,246,33.78,50,98,45.22,52,63,2018,Regular,From
CGY,75,80,47.97,50.00,9,9,32.14,9,19,53.13,34,30,50.86,59,57,40.00,24,36,57.69,15,11,45.45,5,6,CGY,75,80,52.44,61.88,125,77,56.88,153,116,52.55,299,270,52.84,820,732,48.39,315,336,48.20,134,144,52.27,69,63,CGY,75,80,54.34,64.66,75,41,61.24,79,50,54.55,138,115,54.70,407,337,48.18,146,157,51.75,59,55,54.39,31,26,CGY,75,80,54.06,68.57,72,33,64.91,111,60,59.48,182,124,52.68,423,380,47.81,153,167,49.14,57,59,40.98,25,36,2018,Regular,From
CHI,75,69,47.76,47.50,19,21,30.00,9,21,38.00,19,31,52.68,59,53,43.33,26,34,56.00,14,11,69.23,18,8,CHI,75,69,51.67,61.03,238,152,62.70,195,116,54.00,277,236,49.66,730,740,47.99,310,336,44.72,110,136,49.16,117,121,CHI,75,69,50.98,65.27,109,58,56.62,77,59,61.18,104,66,48.23,272,292,48.92,113,118,39.53,34,52,36.73,36,62,CHI,75,69,57.64,73.21,164,60,67.50,135,65,59.03,170,118,57.05,445,335,52.56,185,167,45.22,52,63,47.44,74,82,2018,Regular,From
COL,75,90,50.82,44.44,12,15,42.31,11,15,41.67,20,28,55.14,59,48,52.24,35,32,56.25,18,14,57.69,15,11,COL,75,90,47.05,56.25,90,70,58.50,117,83,53.73,281,242,45.77,589,698,44.37,335,420,33.55,103,204,39.51,81,124,COL,75,90,46.66,43.82,39,50,56.41,44,34,49.55,110,112,43.48,230,299,49.64,136,138,42.42,56,76,42.39,39,53,COL,75,90,49.30,52.63,50,45,63.73,65,37,51.54,151,142,48.89,330,345,49.74,195,197,33.33,56,112,34.86,38,71,2018,Regular,From
DAL,75,84,52.39,56.25,9,7,31.82,7,15,55.56,30,24,48.11,51,55,53.45,31,27,56.52,13,10,75.00,18,6,DAL,75,84,51.87,61.02,144,92,59.38,133,91,56.10,322,252,52.68,689,619,44.20,278,351,40.00,54,81,49.22,126,130,DAL,75,84,51.44,60.67,54,35,56.63,47,36,54.34,144,121,51.54,267,251,47.81,120,131,46.38,32,37,43.31,55,72,DAL,75,84,51.09,57.03,73,55,62.94,90,53,56.43,193,149,50.97,393,378,47.01,173,195,27.06,23,62,44.10,71,90,2018,Regular,From
DET,75,65,44.86,33.33,6,12,48.65,18,19,43.48,30,39,42.86,45,60,46.67,28,32,55.00,11,9,42.86,3,4,DET,75,65,48.86,56.19,109,85,55.19,186,151,51.36,377,357,49.42,680,696,43.96,211,269,45.86,144,170,39.67,48,73,DET,75,65,50.39,59.30,51,35,45.21,66,80,51.97,158,146,53.20,291,256,45.16,98,119,51.49,69,65,43.14,22,29,DET,75,65,46.53,63.00,63,37,53.75,86,74,55.05,207,169,47.22,280,313,34.57,84,159,35.66,51,92,33.33,18,36,2018,Regular,From
EDM,75,73,50.12,44.44,8,10,57.58,19,14,45.71,32,38,50.00,56,56,54.69,35,29,42.42,14,19,57.14,12,9,EDM,75,73,50.47,57.44,166,123,54.50,200,167,52.43,420,381,50.14,697,693,51.95,266,246,43.58,112,145,45.60,83,99,EDM,75,73,52.15,58.12,68,49,52.00,78,72,57.19,187,140,53.49,299,260,45.12,97,118,46.24,43,50,53.25,41,36,EDM,75,73,48.61,64.24,97,54,56.19,109,85,50.34,219,216,51.77,366,341,43.77,116,149,32.45,49,102,34.44,31,59,2018,Regular,From
FLA,75,85,48.86,29.41,5,12,58.82,20,14,50.00,33,33,50.43,58,57,43.08,28,37,58.06,18,13,40.91,9,13,FLA,75,85,50.35,50.93,82,79,59.55,184,125,58.28,454,325,50.41,729,717,45.37,304,366,39.57,110,168,39.19,87,135,FLA,75,85,50.86,58.82,30,21,62.41,83,50,55.88,171,135,51.23,270,257,44.88,127,156,37.01,47,80,46.58,34,39,FLA,75,85,47.77,65.06,54,29,58.52,79,56,56.53,199,153,44.14,275,348,38.17,121,196,44.19,57,72,42.72,44,59,2018,Regular,From
L.A,75,89,53.98,63.16,12,7,53.33,16,14,49.23,32,33,45.95,51,60,60.00,30,20,72.73,16,6,73.33,11,4,L.A,75,89,49.23,48.65,108,114,55.00,187,153,53.78,356,306,51.12,637,609,46.06,257,301,36.29,94,165,44.66,92,114,L.A,75,89,48.85,63.74,58,33,51.77,73,68,51.22,168,160,51.70,304,284,44.20,99,125,33.94,37,72,38.20,34,55,L.A,75,89,50.11,57.28,59,44,49.40,83,85,57.78,193,141,51.70,349,326,51.00,153,147,32.59,44,91,30.30,30,69,2018,Regular,From
MIN,75,93,53.18,40.00,8,12,52.00,13,12,48.15,26,28,51.40,55,52,60.32,38,25,69.44,25,11,46.67,14,16,MIN,75,93,49.60,49.32,73,75,60.59,143,93,55.08,293,239,47.82,614,670,46.96,340,384,41.11,118,169,46.77,123,140,MIN,75,93,44.95,52.94,27,24,55.70,44,35,54.04,127,108,41.21,211,301,39.66,115,175,39.84,51,77,40.94,52,75,MIN,75,93,45.10,53.42,39,34,56.19,59,46,51.92,135,125,43.82,294,377,38.61,139,221,34.97,57,106,36.73,54,93,2018,Regular,From
MTL,75,66,44.54,40.00,10,15,30.00,9,21,40.74,22,32,45.63,47,56,47.06,24,27,56.52,13,10,61.54,8,5,MTL,75,66,50.44,61.28,201,127,56.97,188,142,51.92,352,326,49.40,743,761,47.25,215,240,48.93,160,167,40.70,35,51,MTL,75,66,48.50,59.12,81,56,59.09,78,54,48.50,113,120,48.32,287,307,49.50,99,101,39.71,54,82,25.58,11,32,MTL,75,66,49.88,58.14,100,72,60.37,131,86,54.44,190,159,52.34,436,397,37.32,106,178,45.89,95,112,22.95,14,47,2018,Regular,From
N.J,75,86,49.04,57.14,8,6,48.48,16,17,46.88,30,34,49.59,60,61,46.77,29,33,54.17,13,11,46.67,7,8,N.J,75,86,49.33,53.06,78,69,51.84,141,131,54.85,413,340,49.96,633,634,45.48,302,362,41.37,103,146,42.58,89,120,N.J,75,86,47.25,60.00,45,30,53.73,72,62,51.59,162,152,43.63,226,292,45.45,140,168,37.84,42,69,50.00,46,46,N.J,75,86,46.13,65.56,59,31,46.58,68,78,54.87,186,153,46.19,279,325,39.61,122,186,34.68,43,81,31.52,29,63,2018,Regular,From
NSH,75,107,56.46,42.86,3,4,70.59,12,5,58.18,32,23,59.41,60,41,57.75,41,30,45.45,15,18,50.00,12,12,NSH,75,107,50.58,54.81,57,47,54.55,84,70,58.24,311,223,50.83,701,678,43.37,340,444,43.99,161,205,46.50,146,168,NSH,75,107,54.82,69.57,32,14,66.20,47,24,58.90,129,90,59.04,333,231,44.72,144,178,44.44,64,80,41.67,50,70,NSH,75,107,52.83,65.38,34,18,59.14,55,38,61.21,172,109,53.18,360,317,42.96,177,235,41.58,79,111,45.81,71,84,2018,Regular,From
NYI,75,72,47.20,53.57,15,13,48.65,18,19,40.79,31,45,45.24,57,69,50.00,31,31,59.38,19,13,44.00,11,14,NYI,75,72,46.34,51.52,169,159,46.15,180,210,53.58,367,318,47.43,544,603,39.91,253,381,41.41,123,174,42.46,107,145,NYI,75,72,46.37,45.71,64,76,60.23,106,70,47.26,138,154,46.22,202,235,43.64,96,124,40.00,46,69,43.27,45,59,NYI,75,72,49.70,64.57,113,62,58.64,129,91,55.92,203,160,49.49,293,299,40.66,124,181,40.85,67,97,37.93,44,72,2018,Regular,From
NYR,75,74,46.22,52.94,9,8,47.50,19,21,44.05,37,47,43.41,56,73,46.55,27,31,57.14,12,9,50.00,3,3,NYR,75,74,45.83,49.53,106,108,55.58,234,187,50.06,439,438,46.01,640,751,38.10,224,364,41.59,94,132,46.46,46,53,NYR,75,74,46.09,47.56,39,43,57.80,100,73,50.51,150,147,44.53,232,289,39.57,93,142,48.08,50,54,37.21,16,27,NYR,75,74,44.24,42.72,44,59,58.55,113,80,52.22,200,183,45.19,291,353,34.80,103,193,38.10,48,78,19.57,9,37,2018,Regular,From
OTT,75,63,44.00,65.52,19,10,20.51,8,31,47.95,35,38,43.70,52,67,46.55,27,31,43.33,13,17,33.33,4,8,OTT,75,63,47.17,50.17,147,146,50.00,157,157,52.54,434,392,47.44,622,689,45.49,242,290,36.95,92,157,45.00,45,55,OTT,75,63,46.75,55.77,58,46,58.22,85,61,50.57,178,174,47.36,269,299,41.67,95,133,35.78,39,70,29.55,13,31,OTT,75,63,44.57,61.43,86,54,59.24,141,97,55.08,255,208,41.16,298,426,33.56,99,196,33.06,40,81,31.03,18,40,2018,Regular,From
PHI,75,88,52.35,69.23,9,4,41.38,12,17,50.91,28,27,55.75,63,50,51.47,35,33,58.62,17,12,36.84,7,12,PHI,75,88,50.35,54.07,93,79,57.84,166,121,56.26,274,213,49.66,737,747,46.61,282,323,43.12,141,186,45.32,63,76,PHI,75,88,47.97,62.50,40,24,51.72,60,56,51.23,104,99,49.40,328,336,41.50,105,148,40.00,52,78,37.10,23,39,PHI,75,88,48.86,65.26,62,33,61.11,88,56,57.04,158,119,48.70,376,396,37.19,119,201,42.34,58,79,31.82,21,45,2018,Regular,From
PIT,75,90,49.90,28.57,6,15,56.67,17,13,50.00,35,35,50.43,58,57,52.24,35,32,50.00,17,17,53.33,8,7,PIT,75,90,53.66,53.51,122,106,56.87,178,135,56.44,368,284,55.93,759,598,48.30,298,319,53.16,160,141,44.40,111,139,PIT,75,90,52.26,60.00,57,38,55.97,75,59,55.43,143,115,50.48,263,258,47.88,113,123,55.00,77,63,47.56,39,43,PIT,75,90,49.98,47.06,56,63,59.35,92,63,57.83,181,132,50.15,336,334,45.85,138,163,38.76,69,109,41.75,43,60,2018,Regular,From
S.J,75,95,50.19,45.45,5,6,56.67,17,13,49.18,30,31,46.96,54,61,49.21,31,32,64.71,22,12,45.00,9,11,S.J,75,95,51.79,51.91,68,63,64.43,125,69,54.69,443,367,54.32,672,565,47.31,273,304,37.01,141,240,49.37,118,121,S.J,75,95,53.21,59.32,35,24,55.34,57,46,57.28,185,138,54.55,312,260,49.82,138,139,50.91,84,81,35.40,40,73,S.J,75,95,49.81,53.16,42,37,63.24,86,50,55.26,247,200,49.66,370,375,45.10,161,196,40.53,92,135,34.93,51,95,2018,Regular,From
STL,75,89,52.79,52.63,10,9,30.77,8,18,43.48,20,26,58.76,57,40,58.73,37,26,57.14,20,15,52.00,13,12,STL,75,89,52.13,52.17,120,110,58.09,158,114,53.40,283,247,53.81,699,600,48.82,353,370,44.33,133,167,48.74,97,102,STL,75,89,54.35,63.16,60,35,62.75,64,38,57.08,133,100,56.53,277,213,45.45,140,168,45.26,62,75,58.33,35,25,STL,75,89,48.38,53.72,65,56,47.93,58,63,54.46,165,138,47.40,347,385,45.57,180,215,41.67,70,98,40.40,40,59,2018,Regular,From
T.B,75,106,56.47,69.23,9,4,42.86,12,16,60.34,35,23,54.64,53,44,65.71,46,24,55.10,27,22,46.43,13,15,T.B,75,106,50.40,55.63,89,71,50.88,116,112,58.48,307,218,52.12,664,610,44.43,283,354,40.93,203,293,43.47,143,186,T.B,75,106,55.51,62.30,38,23,62.62,67,40,56.12,133,104,57.68,278,204,54.24,147,124,45.23,90,109,45.38,59,71,T.B,75,106,54.06,62.67,47,28,60.95,64,41,57.14,148,111,53.53,341,296,50.14,177,176,44.34,98,123,44.83,65,80,2018,Regular,From
TOR,75,97,53.19,90.00,9,1,51.43,18,17,50.00,28,28,54.05,60,51,52.94,36,32,56.25,27,21,45.71,16,19,TOR,75,97,48.44,64.49,69,38,61.14,225,143,54.56,275,229,43.84,623,798,44.73,276,341,44.42,187,234,44.96,156,191,TOR,75,97,49.96,55.10,27,22,57.23,91,68,59.24,141,97,48.58,309,327,41.60,104,146,46.15,72,84,43.42,66,86,TOR,75,97,54.92,53.33,32,28,66.48,117,59,65.31,160,85,54.29,392,330,45.33,136,164,45.85,94,111,45.14,79,96,2018,Regular,From
VAN,75,61,43.73,45.00,9,11,29.73,11,26,44.62,29,36,41.96,47,65,45.24,19,23,63.64,14,8,46.67,7,8,VAN,75,61,47.28,51.46,123,116,55.42,271,218,55.60,417,333,46.06,508,595,39.51,192,294,40.43,93,137,41.28,90,128,VAN,75,61,46.66,53.70,58,50,48.06,99,107,51.90,150,139,50.72,246,239,42.39,78,106,36.05,31,55,29.90,29,68,VAN,75,61,48.00,58.10,61,44,58.97,138,96,55.50,222,178,48.66,255,269,40.54,90,132,33.33,39,78,33.03,36,73,2018,Regular,From
VGK,75,101,54.64,50.00,7,7,28.57,6,15,64.91,37,20,56.90,66,50,53.33,40,35,58.54,24,17,47.83,11,12,VGK,75,101,51.83,55.05,60,49,67.03,124,61,54.43,313,262,53.02,755,669,45.43,303,364,46.38,141,163,42.94,149,198,VGK,75,101,51.07,52.94,27,24,60.44,55,36,57.04,158,119,50.00,291,291,47.27,130,145,44.44,56,70,43.31,68,89,VGK,75,101,52.38,52.63,30,27,70.59,84,35,58.47,183,130,53.21,365,321,42.82,149,199,40.56,73,107,41.85,77,107,2018,Regular,From
WPG,75,102,55.05,37.50,6,10,46.67,7,8,52.83,28,25,58.82,60,42,61.54,40,25,50.00,21,21,58.06,18,13,WPG,75,102,52.27,53.96,109,93,60.44,136,89,55.85,234,185,51.99,613,566,48.07,361,390,48.67,202,213,44.97,134,164,WPG,75,102,52.90,67.50,54,26,56.10,46,36,52.15,97,89,47.20,236,264,52.37,177,161,54.59,101,84,50.41,62,61,WPG,75,102,52.34,65.14,71,38,65.17,58,31,58.14,125,90,50.08,325,324,49.04,179,186,41.43,104,147,39.22,60,93,2018,Regular,From
WSH,75,95,52.41,56.25,9,7,50.00,15,15,55.00,33,27,51.69,61,57,55.17,32,26,52.94,18,16,43.48,10,13,WSH,75,95,47.35,59.20,148,102,59.35,127,87,52.02,270,249,44.87,564,693,44.50,279,348,40.36,136,201,37.71,66,109,WSH,75,95,46.81,52.25,58,53,49.43,43,44,49.03,126,131,47.43,295,327,40.49,132,194,47.16,83,93,40.79,31,45,WSH,75,95,51.00,67.44,87,42,60.94,78,50,59.23,170,117,49.45,317,324,44.56,168,209,39.27,75,116,35.96,32,57,2018,Regular,From
ANA,74,88,52.62,60.00,9,6,60.00,15,10,45.28,24,29,51.43,54,51,59.26,32,22,54.55,18,15,44.44,8,10,ANA,74,88,48.62,61.82,68,42,57.49,142,105,53.70,283,244,48.29,580,621,43.55,321,416,40.46,176,259,41.84,100,139,ANA,74,88,49.19,51.67,31,29,53.85,63,54,56.76,126,96,47.21,245,274,44.91,172,211,43.90,90,115,45.69,53,63,ANA,74,88,48.82,71.43,40,16,61.88,99,61,56.43,158,122,46.77,282,321,41.30,159,226,41.18,84,120,31.78,34,73,2018,Regular,From
ARI,74,61,44.03,50.00,11,11,48.65,18,19,45.07,32,39,41.67,50,70,34.62,18,34,50.00,8,8,71.43,5,2,ARI,74,61,47.42,54.22,135,114,52.82,187,167,53.52,365,317,47.24,668,746,41.98,259,358,40.15,55,82,43.90,36,46,ARI,74,61,45.55,51.75,59,55,46.79,73,83,55.56,175,140,44.93,328,402,40.07,119,178,40.63,26,38,34.55,19,36,ARI,74,61,51.74,60.34,70,46,58.03,112,81,53.65,206,178,53.12,400,353,46.83,170,193,48.68,37,39,45.71,32,38,2018,Regular,From
BOS,74,104,56.43,60.00,6,4,62.96,17,10,53.45,31,27,54.05,60,51,54.39,31,26,67.65,23,11,56.52,13,10,BOS,74,104,53.52,66.90,95,47,58.04,166,120,57.87,283,206,52.06,706,650,48.73,306,322,49.80,122,123,51.89,137,127,BOS,74,104,53.62,57.45,27,20,63.96,71,40,63.38,135,78,51.34,288,273,45.83,132,156,51.16,66,63,47.79,65,71,BOS,74,104,54.18,64.47,49,27,66.14,84,43,60.70,156,101,52.58,347,313,45.74,161,191,48.80,61,64,46.75,72,82,2018,Regular,From
BUF,74,58,40.62,47.22,17,19,31.71,13,28,38.46,25,40,40.38,42,62,51.11,23,22,28.57,4,10,16.67,1,5,BUF,74,58,47.27,54.74,156,129,54.62,195,162,51.03,398,382,48.03,645,698,43.67,231,298,38.55,64,102,26.03,19,54,BUF,74,58,45.64,54.62,65,54,52.35,78,71,50.00,173,173,46.19,224,261,43.39,82,107,29.23,19,46,30.00,9,21,BUF,74,58,46.24,52.99,71,63,55.26,84,68,60.90,229,147,43.52,245,318,37.45,88,147,32.56,28,58,31.58,12,26,2018,Regular,From
CAR,74,75,44.96,30.43,7,16,40.74,11,16,46.97,31,35,48.33,58,62,45.59,31,37,44.00,11,14,36.36,4,7,CAR,74,75,54.11,53.33,144,126,61.67,177,110,61.09,358,228,54.00,750,639,49.76,314,317,48.24,123,132,48.02,85,92,CAR,74,75,52.73,49.61,63,64,48.06,62,67,63.74,174,99,55.28,351,284,47.79,130,142,46.08,47,55,37.31,25,42,CAR,74,75,57.70,67.46,85,41,73.81,93,33,63.96,213,120,56.80,426,324,49.69,161,163,50.38,67,66,46.05,35,41,2018,Regular,From
CBJ,74,87,52.72,56.25,9,7,44.83,13,16,51.79,29,27,54.87,62,51,54.41,37,31,51.85,14,13,46.15,6,7,CBJ,74,87,52.54,50.81,63,61,63.10,236,138,60.53,342,223,52.45,772,700,44.64,350,434,46.45,131,151,48.09,88,95,CBJ,74,87,53.67,65.63,42,22,59.03,85,59,59.29,134,92,53.52,312,271,48.17,145,156,45.30,53,64,48.10,38,41,CBJ,74,87,48.49,59.62,31,21,59.54,103,70,54.33,163,137,50.80,351,340,36.76,143,246,33.56,49,97,45.63,47,56,2018,Regular,From
CGY,74,80,48.41,52.94,9,8,33.33,9,18,53.97,34,29,50.86,59,57,40.00,24,36,57.69,15,11,45.45,5,6,CGY,74,80,52.24,61.98,119,73,56.37,146,113,51.96,292,270,52.70,811,728,48.39,315,336,48.20,134,144,52.27,69,63,CGY,74,80,54.31,64.81,70,38,61.79,76,47,54.32,132,111,54.58,405,337,48.18,146,157,51.75,59,55,54.39,31,26,CGY,74,80,54.11,69.70,69,30,65.85,108,56,59.06,176,122,52.75,422,378,47.81,153,167,49.14,57,59,40.98,25,36,2018,Regular,From
CHI,74,69,48.16,47.37,18,20,31.03,9,20,37.50,18,30,53.64,59,51,43.33,26,34,56.00,14,11,69.23,18,8,CHI,74,69,51.51,60.16,219,145,62.87,193,114,53.95,273,233,49.52,721,735,47.99,310,336,44.72,110,136,49.16,117,121,CHI,74,69,50.90,65.63,105,55,55.97,75,59,60.95,103,66,48.21,269,289,48.92,113,118,39.53,34,52,36.73,36,62,CHI,74,69,57.70,74.65,159,54,67.84,135,64,59.30,169,116,56.79,439,334,52.56,185,167,45.22,52,63,47.44,74,82,2018,Regular,From
COL,74,88,50.99,44.44,12,15,42.31,11,15,41.67,20,28,55.14,59,48,53.03,35,31,56.25,18,14,57.69,15,11,COL,74,88,47.07,56.25,90,70,58.50,117,83,53.73,281,242,45.95,573,674,44.23,326,411,33.55,103,204,39.51,81,124,COL,74,88,46.48,43.82,39,50,56.41,44,34,49.55,110,112,43.74,227,292,48.31,129,138,42.42,56,76,42.39,39,53,COL,74,88,49.10,52.63,50,45,63.73,65,37,51.54,151,142,48.94,323,337,49.20,185,191,33.33,56,112,34.86,38,71,2018,Regular,From
DAL,74,84,52.62,56.25,9,7,31.82,7,15,55.56,30,24,48.08,50,54,53.45,31,27,59.09,13,9,75.00,18,6,DAL,74,84,51.83,61.02,144,92,59.38,133,91,56.10,322,252,52.70,683,613,43.94,261,333,39.55,53,81,49.22,126,130,DAL,74,84,51.68,60.67,54,35,56.63,47,36,54.55,144,120,51.55,266,250,48.96,118,123,46.38,32,37,43.31,55,72,DAL,74,84,51.00,57.03,73,55,62.94,90,53,56.43,193,149,51.05,389,373,46.78,160,182,27.06,23,62,44.10,71,90,2018,Regular,From
DET,74,65,44.92,33.33,6,12,48.65,18,19,42.65,29,39,42.57,43,58,48.28,28,30,55.00,11,9,42.86,3,4,DET,74,65,48.58,56.19,109,85,55.19,186,151,51.39,371,351,48.89,658,688,43.52,205,266,45.86,144,170,39.67,48,73,DET,74,65,50.43,59.30,51,35,45.21,66,80,52.19,155,142,53.00,283,251,45.75,97,115,51.49,69,65,43.14,22,29,DET,74,65,46.52,63.00,63,37,53.75,86,74,54.99,204,167,47.15,273,306,35.15,84,155,35.66,51,92,33.33,18,36,2018,Regular,From
EDM,74,71,50.02,44.44,8,10,57.58,19,14,45.71,32,38,49.55,55,56,53.23,33,29,45.16,14,17,57.14,12,9,EDM,74,71,50.44,57.44,166,123,54.50,200,167,52.43,420,381,50.22,697,691,51.80,245,228,44.22,111,140,45.60,83,99,EDM,74,71,52.10,58.12,68,49,52.00,78,72,57.19,187,140,53.49,299,260,44.79,86,106,45.56,41,49,53.25,41,36,EDM,74,71,48.84,64.24,97,54,56.19,109,85,50.34,219,216,51.77,366,341,46.25,111,129,32.45,49,102,34.44,31,59,2018,Regular,From
FLA,74,85,48.94,25.00,4,12,58.06,18,13,51.56,33,31,50.88,58,56,43.08,28,37,58.06,18,13,40.91,9,13,FLA,74,85,50.45,51.27,81,77,60.42,171,112,58.47,442,314,50.48,729,715,45.37,304,366,39.57,110,168,39.19,87,135,FLA,74,85,50.92,58.82,30,21,64.46,78,43,55.93,165,130,51.05,267,256,44.88,127,156,37.01,47,80,46.58,34,39,FLA,74,85,47.66,65.00,52,28,58.97,69,48,56.25,189,147,44.14,275,348,38.17,121,196,44.19,57,72,42.72,44,59,2018,Regular,From
L.A,74,87,53.27,63.16,12,7,53.33,16,14,48.44,31,33,45.87,50,59,60.00,30,20,71.43,15,6,66.67,8,4,L.A,74,87,49.11,48.65,108,114,55.00,187,153,53.78,356,306,51.13,632,604,45.64,251,299,36.43,94,164,44.13,79,100,L.A,74,87,48.75,63.74,58,33,51.77,73,68,51.22,168,160,51.71,302,282,44.14,98,124,34.26,37,71,35.53,27,49,L.A,74,87,50.21,57.28,59,44,49.40,83,85,58.13,193,139,51.70,349,326,51.17,153,146,32.59,44,91,30.77,28,63,2018,Regular,From
MIN,74,92,53.38,40.00,8,12,52.00,13,12,47.17,25,28,52.38,55,50,60.32,38,25,69.44,25,11,46.67,14,16,MIN,74,92,49.68,49.32,73,75,60.59,143,93,55.08,282,230,48.06,607,656,46.96,340,384,41.11,118,169,46.77,123,140,MIN,74,92,44.93,52.94,27,24,55.70,44,35,54.09,119,101,41.20,206,294,39.66,115,175,39.84,51,77,40.94,52,75,MIN,74,92,45.17,53.42,39,34,56.19,59,46,52.73,135,121,43.75,287,369,38.61,139,221,34.97,57,106,36.73,54,93,2018,Regular,From
MTL,74,64,44.00,40.00,10,15,30.00,9,21,40.74,22,32,45.10,46,56,46.00,23,27,54.55,12,10,61.54,8,5,MTL,74,64,50.52,61.28,201,127,56.97,188,142,51.92,352,326,49.63,737,748,47.31,202,225,48.93,160,167,41.18,35,50,MTL,74,64,48.54,59.12,81,56,59.09,78,54,48.50,113,120,48.55,284,301,49.47,94,96,39.71,54,82,25.58,11,32,MTL,74,64,49.87,58.14,100,72,60.37,131,86,54.44,190,159,52.47,435,394,37.09,102,173,45.89,95,112,22.95,14,47,2018,Regular,From
N.J,74,84,48.74,57.14,8,6,48.48,16,17,46.88,30,34,49.17,59,61,45.90,28,33,54.17,13,11,46.67,7,8,N.J,74,84,49.29,53.06,78,69,51.84,141,131,54.85,413,340,50.04,623,622,45.28,288,348,41.35,98,139,42.58,89,120,N.J,74,84,47.27,60.00,45,30,53.73,72,62,51.59,162,152,43.47,223,290,45.58,134,160,38.68,41,65,50.00,46,46,N.J,74,84,46.24,65.56,59,31,46.58,68,78,54.87,186,153,46.49,278,320,40.00,118,177,34.43,42,80,31.52,29,63,2018,Regular,From
NSH,74,106,56.43,42.86,3,4,70.59,12,5,58.18,32,23,58.59,58,41,58.82,40,28,45.45,15,18,50.00,12,12,NSH,74,106,50.73,54.81,57,47,54.55,84,70,58.24,311,223,50.96,688,662,43.54,330,428,44.57,160,199,46.50,146,168,NSH,74,106,55.24,69.57,32,14,66.20,47,24,58.90,129,90,59.89,330,221,44.81,138,170,45.07,64,78,41.67,50,70,NSH,74,106,52.90,65.38,34,18,59.14,55,38,61.21,172,109,53.39,354,309,42.96,174,231,41.80,79,110,45.81,71,84,2018,Regular,From
NYI,74,72,47.31,53.57,15,13,47.22,17,19,41.89,31,43,45.24,57,69,50.00,31,31,59.38,19,13,44.00,11,14,NYI,74,72,46.29,51.52,169,159,45.08,165,201,53.51,366,318,47.56,537,592,39.91,253,381,41.41,123,174,42.46,107,145,NYI,74,72,46.43,45.71,64,76,60.23,103,68,47.42,138,153,46.44,202,233,43.64,96,124,40.00,46,69,43.27,45,59,NYI,74,72,49.84,64.57,113,62,58.54,120,85,56.11,202,158,50.00,289,289,40.66,124,181,40.85,67,97,37.93,44,72,2018,Regular,From
NYR,74,72,45.78,52.94,9,8,47.50,19,21,44.05,37,47,42.97,55,73,45.61,26,31,55.00,11,9,50.00,3,3,NYR,74,72,45.93,49.53,106,108,55.58,234,187,50.06,439,438,46.30,632,733,38.16,224,363,41.96,94,130,48.00,36,39,NYR,74,72,45.90,47.56,39,43,57.80,100,73,50.51,150,147,44.03,225,286,39.74,93,141,48.51,49,52,34.48,10,19,NYR,74,72,44.02,42.72,44,59,58.55,113,80,52.22,200,183,45.05,287,350,34.80,103,193,37.10,46,78,15.38,6,33,2018,Regular,From
OTT,74,63,44.32,65.52,19,10,21.05,8,30,47.89,34,37,44.44,52,65,46.55,27,31,43.33,13,17,33.33,4,8,OTT,74,63,47.29,50.17,146,145,50.50,152,149,52.63,431,388,47.64,616,677,45.49,242,290,36.95,92,157,45.00,45,55,OTT,74,63,46.92,56.31,58,45,58.52,79,56,51.16,177,169,47.43,268,297,41.67,95,133,35.78,39,70,29.55,13,31,OTT,74,63,44.59,61.43,86,54,59.47,135,92,55.68,255,203,40.98,293,422,33.56,99,196,33.06,40,81,31.03,18,40,2018,Regular,From
PHI,74,86,52.30,69.23,9,4,41.38,12,17,50.91,28,27,54.95,61,50,50.77,33,32,62.96,17,10,36.84,7,12,PHI,74,86,50.27,54.07,93,79,57.84,166,121,56.26,274,213,49.62,727,738,45.99,264,310,43.89,140,179,45.32,63,76,PHI,74,86,48.03,62.50,40,24,51.72,60,56,51.23,104,99,49.31,323,332,42.15,102,140,39.84,49,74,37.10,23,39,PHI,74,86,48.94,65.26,62,33,61.11,88,56,57.04,158,119,48.83,374,392,37.05,113,192,43.28,58,76,31.82,21,45,2018,Regular,From
PIT,74,89,49.88,28.57,6,15,55.17,16,13,50.00,34,34,50.89,57,55,52.24,35,32,50.00,17,17,53.33,8,7,PIT,74,89,53.57,53.51,122,106,58.14,175,126,56.03,358,281,55.55,746,597,48.48,287,305,53.16,160,141,44.40,111,139,PIT,74,89,52.03,60.00,57,38,56.59,73,56,54.76,138,114,50.10,258,257,47.58,108,119,55.00,77,63,47.56,39,43,PIT,74,89,49.76,47.06,56,63,59.21,90,62,57.56,179,132,49.85,331,333,45.89,134,158,38.76,69,109,41.75,43,60,2018,Regular,From
S.J,74,93,49.78,45.45,5,6,56.67,17,13,49.18,30,31,46.49,53,61,48.39,30,32,65.63,21,11,42.11,8,11,S.J,74,93,51.87,51.91,68,63,64.43,125,69,54.69,443,367,54.35,669,562,47.78,269,294,37.08,132,224,48.72,114,120,S.J,74,93,53.26,59.32,35,24,55.34,57,46,57.28,185,138,54.42,308,258,50.18,137,136,51.33,77,73,35.78,39,70,S.J,74,93,49.63,53.16,42,37,63.24,86,50,55.26,247,200,49.46,367,375,45.11,157,191,40.37,88,130,34.27,49,94,2018,Regular,From
STL,74,87,52.69,52.63,10,9,30.77,8,18,43.48,20,26,58.33,56,40,58.06,36,26,58.82,20,14,52.00,13,12,STL,74,87,52.15,52.17,120,110,58.09,158,114,53.40,283,247,53.89,699,598,49.19,333,344,43.73,129,166,48.74,97,102,STL,74,87,54.40,63.16,60,35,62.75,64,38,57.08,133,100,56.53,277,213,46.08,135,158,44.03,59,75,58.33,35,25,STL,74,87,48.42,53.72,65,56,47.93,58,63,54.46,165,138,47.40,347,385,46.32,170,197,41.67,70,98,40.40,40,59,2018,Regular,From
T.B,74,106,56.81,69.23,9,4,42.86,12,16,61.40,35,22,55.21,53,43,65.71,46,24,55.10,27,22,46.43,13,15,T.B,74,106,50.40,55.63,89,71,50.46,109,107,58.95,293,204,52.08,652,600,44.43,283,354,40.93,203,293,43.47,143,186,T.B,74,106,55.53,62.30,38,23,61.76,63,39,56.05,125,98,57.86,276,201,54.24,147,124,45.23,90,109,45.38,59,71,T.B,74,106,53.88,62.67,47,28,61.17,63,40,56.50,139,107,53.25,336,295,50.14,177,176,44.34,98,123,44.83,65,80,2018,Regular,From
TOR,74,95,53.13,90.00,9,1,51.43,18,17,48.15,26,28,54.21,58,49,53.73,36,31,56.25,27,21,45.71,16,19,TOR,74,95,48.63,64.49,69,38,61.14,225,143,54.95,272,223,44.21,615,776,44.63,270,335,44.42,187,234,44.96,156,191,TOR,74,95,49.93,55.10,27,22,57.23,91,68,58.80,137,96,48.80,304,319,41.15,100,143,46.15,72,84,43.42,66,86,TOR,74,95,54.87,53.33,32,28,66.48,117,59,64.73,156,85,54.38,385,323,45.42,134,161,45.85,94,111,45.14,79,96,2018,Regular,From
VAN,74,61,43.94,45.00,9,11,28.57,10,25,45.31,29,35,42.34,47,64,45.24,19,23,63.64,14,8,46.67,7,8,VAN,74,61,47.31,51.68,123,115,56.48,266,205,55.18,405,329,46.05,507,594,39.51,192,294,40.43,93,137,41.28,90,128,VAN,74,61,46.54,53.70,58,50,47.18,92,103,51.77,146,136,50.72,246,239,42.39,78,106,36.05,31,55,29.90,29,68,VAN,74,61,48.19,59.22,61,42,60.09,134,89,55.64,217,173,48.66,255,269,40.54,90,132,33.33,39,78,33.03,36,73,2018,Regular,From
VGK,74,100,54.51,50.00,7,7,28.57,6,15,64.29,36,20,56.90,66,50,53.33,40,35,58.54,24,17,47.83,11,12,VGK,74,100,51.75,55.05,60,49,67.03,124,61,54.58,304,253,52.82,731,653,45.43,303,364,46.38,141,163,42.94,149,198,VGK,74,100,51.20,52.94,27,24,60.44,55,36,58.52,158,112,49.65,284,288,47.27,130,145,44.44,56,70,43.31,68,89,VGK,74,100,52.53,52.63,30,27,70.59,84,35,59.60,177,120,53.20,357,314,42.82,149,199,40.56,73,107,41.85,77,107,2018,Regular,From
WPG,74,100,55.29,37.50,6,10,46.67,7,8,52.00,26,24,60.00,60,40,61.54,40,25,50.00,21,21,58.06,18,13,WPG,74,100,52.14,53.96,109,93,59.63,130,88,55.47,218,175,51.91,597,553,48.07,361,390,48.67,202,213,44.97,134,164,WPG,74,100,52.64,67.50,54,26,55.00,44,36,51.74,89,83,46.41,226,261,52.37,177,161,54.59,101,84,50.41,62,61,WPG,74,100,52.26,65.14,71,38,64.77,57,31,58.17,121,87,49.92,317,318,49.04,179,186,41.43,104,147,39.22,60,93,2018,Regular,From
WSH,74,93,52.33,56.25,9,7,50.00,15,15,55.00,33,27,51.72,60,56,54.39,31,26,51.52,17,16,45.00,9,11,WSH,74,93,47.15,59.20,148,102,59.35,127,87,52.03,269,248,44.90,559,686,44.50,279,348,40.18,133,198,33.54,54,107,WSH,74,93,46.76,52.25,58,53,49.43,43,44,49.03,126,131,47.57,294,324,40.49,132,194,47.02,79,89,40.00,28,42,WSH,74,93,50.84,67.44,87,42,60.94,78,50,59.23,170,117,49.21,313,323,44.68,168,208,39.04,73,114,34.67,26,49,2018,Regular,From
ANA,73,86,52.19,60.00,9,6,60.00,15,10,45.28,24,29,51.43,54,51,58.49,31,22,53.13,17,15,41.18,7,10,ANA,73,86,48.83,61.82,68,42,57.49,142,105,53.70,283,244,48.48,576,612,43.97,321,409,40.71,173,252,41.92,96,133,ANA,73,86,49.28,51.67,31,29,53.85,63,54,56.76,126,96,47.39,245,272,45.04,168,205,43.72,87,112,46.30,50,58,ANA,73,86,48.79,71.43,40,16,61.88,99,61,56.43,158,122,46.67,280,320,41.64,157,220,40.61,80,117,30.69,31,70,2018,Regular,From
ARI,73,61,44.16,50.00,11,11,47.22,17,19,44.12,30,38,42.24,49,67,36.00,18,32,50.00,8,8,71.43,5,2,ARI,73,61,47.40,54.22,135,114,52.82,187,167,53.44,357,311,47.24,660,737,41.86,252,350,40.15,55,82,43.90,36,46,ARI,73,61,45.57,51.75,59,55,46.75,72,82,55.84,172,136,44.92,323,396,39.93,117,176,40.63,26,38,34.55,19,36,ARI,73,61,52.07,60.34,70,46,58.33,112,80,54.86,203,167,53.03,394,349,47.04,167,188,48.68,37,39,45.71,32,38,2018,Regular,From
BOS,73,102,56.36,60.00,6,4,62.96,17,10,53.45,31,27,53.21,58,51,55.36,31,25,67.65,23,11,56.52,13,10,BOS,73,102,53.47,66.90,95,47,58.04,166,120,57.87,283,206,51.84,692,643,48.85,297,311,49.80,122,123,51.89,137,127,BOS,73,102,53.62,57.45,27,20,63.96,71,40,63.38,135,78,51.18,281,268,45.79,125,148,51.16,66,63,47.79,65,71,BOS,73,102,54.11,64.47,49,27,66.14,84,43,60.70,156,101,52.56,339,306,45.11,157,191,48.80,61,64,46.75,72,82,2018,Regular,From
BUF,73,58,41.02,47.22,17,19,32.50,13,27,39.06,25,39,40.78,42,61,51.11,23,22,28.57,4,10,16.67,1,5,BUF,73,58,47.14,54.58,155,129,54.62,195,162,50.93,383,369,47.73,632,692,43.67,231,298,38.55,64,102,26.03,19,54,BUF,73,58,45.50,54.62,65,54,52.35,78,71,50.00,168,168,45.80,218,258,43.39,82,107,29.23,19,46,30.00,9,21,BUF,73,58,46.18,52.99,71,63,55.26,84,68,61.04,224,143,43.29,242,317,37.45,88,147,32.56,28,58,31.58,12,26,2018,Regular,From
CAR,73,73,44.54,30.43,7,16,40.74,11,16,45.31,29,35,47.41,55,61,46.15,30,35,45.83,11,13,36.36,4,7,CAR,73,73,54.18,53.33,144,126,61.67,177,110,61.30,350,221,54.01,741,631,49.92,308,309,48.24,123,132,48.02,85,92,CAR,73,73,52.70,49.61,63,64,48.06,62,67,63.94,172,97,55.29,345,279,47.55,126,139,46.00,46,54,37.31,25,42,CAR,73,73,57.60,67.46,85,41,73.81,93,33,64.00,208,117,57.03,422,318,48.39,150,160,50.00,66,66,46.05,35,41,2018,Regular,From
CBJ,73,85,52.02,56.25,9,7,44.83,13,16,51.79,29,27,54.46,61,51,51.56,33,31,51.85,14,13,46.15,6,7,CBJ,73,85,52.55,50.81,63,61,63.10,236,138,60.53,342,223,52.47,764,692,44.39,336,421,46.74,129,147,48.09,88,95,CBJ,73,85,53.26,65.63,42,22,59.03,85,59,59.29,134,92,52.88,303,270,47.22,136,152,45.22,52,63,48.10,38,41,CBJ,73,85,48.70,59.62,31,21,59.54,103,70,54.33,163,137,51.03,348,334,37.17,139,235,33.10,47,95,45.63,47,56,2018,Regular,From
CGY,73,80,48.85,52.94,9,8,34.62,9,17,54.10,33,28,51.33,58,55,40.68,24,35,57.69,15,11,45.45,5,6,CGY,73,80,52.12,61.98,119,73,56.03,144,113,51.44,285,269,52.58,786,709,48.46,314,334,48.20,134,144,52.27,69,63,CGY,73,80,54.20,64.81,70,38,61.48,75,47,54.17,130,110,54.39,390,327,48.17,145,156,51.75,59,55,54.39,31,26,CGY,73,80,54.42,69.70,69,30,65.85,108,56,58.64,173,122,53.57,413,358,47.65,152,167,49.14,57,59,40.98,25,36,2018,Regular,From
CHI,73,69,48.59,48.65,18,19,32.14,9,19,37.50,18,30,54.13,59,50,43.33,26,34,56.00,14,11,69.23,18,8,CHI,73,69,51.49,60.06,218,145,63.51,181,104,53.40,267,233,49.30,704,724,48.59,310,328,44.72,110,136,49.16,117,121,CHI,73,69,51.00,65.63,105,55,55.30,73,59,61.08,102,65,48.10,266,287,50.00,113,113,39.53,34,52,36.73,36,62,CHI,73,69,57.55,74.65,159,54,68.00,119,56,59.15,168,116,56.33,427,331,52.45,182,165,45.22,52,63,47.44,74,82,2018,Regular,From
COL,73,88,51.79,50.00,12,12,44.00,11,14,41.67,20,28,55.24,58,47,53.85,35,30,56.25,18,14,57.69,15,11,COL,73,88,47.13,57.14,76,57,58.29,116,83,54.17,279,236,45.92,568,669,44.23,326,411,33.55,103,204,39.51,81,124,COL,73,88,46.52,43.42,33,43,55.84,43,34,49.55,109,111,43.69,225,290,48.31,129,138,42.42,56,76,42.39,39,53,COL,73,88,48.99,50.57,44,43,63.73,65,37,51.37,150,142,48.94,323,337,48.93,183,191,33.33,56,112,34.86,38,71,2018,Regular,From
DAL,73,84,52.85,56.25,9,7,31.82,7,15,53.85,28,24,49.02,50,52,54.39,31,26,59.09,13,9,75.00,18,6,DAL,73,84,51.97,61.02,144,92,59.38,133,91,56.56,319,245,52.76,670,600,44.16,261,330,39.55,53,81,49.22,126,130,DAL,73,84,51.68,60.67,54,35,56.63,47,36,54.79,143,118,51.39,259,245,48.96,118,123,46.38,32,37,43.31,55,72,DAL,73,84,50.84,57.03,73,55,62.94,90,53,56.76,189,144,50.54,377,369,46.47,158,182,27.06,23,62,44.10,71,90,2018,Regular,From
DET,73,65,45.10,33.33,6,12,48.65,18,19,42.65,29,39,43.00,43,57,48.28,28,30,55.00,11,9,42.86,3,4,DET,73,65,48.41,56.19,109,85,55.19,186,151,51.05,365,350,48.58,634,671,43.52,205,266,45.86,144,170,39.67,48,73,DET,73,65,50.35,59.30,51,35,45.21,66,80,52.56,154,139,52.62,271,244,45.75,97,115,51.49,69,65,43.14,22,29,DET,73,65,46.40,63.00,63,37,53.75,86,74,55.04,202,165,46.71,263,300,35.15,84,155,35.66,51,92,33.33,18,36,2018,Regular,From
EDM,73,69,49.48,44.44,8,10,57.58,19,14,45.71,32,38,49.09,54,56,51.67,31,29,43.33,13,17,57.89,11,8,EDM,73,69,50.43,57.44,166,123,54.50,200,167,52.43,420,381,49.96,687,688,51.64,236,221,46.19,109,127,45.61,78,93,EDM,73,69,52.19,58.12,68,49,52.00,78,72,57.19,187,140,53.42,297,259,44.97,85,104,46.59,41,47,54.05,40,34,EDM,73,69,48.71,64.24,97,54,56.19,109,85,50.34,219,216,51.63,364,341,45.06,105,128,31.69,45,97,36.14,30,53,2018,Regular,From
FLA,73,83,48.68,25.00,4,12,58.06,18,13,51.56,33,31,50.44,57,56,43.08,28,37,56.67,17,13,40.91,9,13,FLA,73,83,50.36,51.27,81,77,60.42,171,112,58.47,442,314,50.45,721,708,45.02,298,364,39.19,107,166,38.73,79,125,FLA,73,83,50.67,58.82,30,21,64.46,78,43,55.93,165,130,50.58,261,255,44.88,127,156,37.30,47,79,44.44,28,35,FLA,73,83,47.58,65.00,52,28,58.97,69,48,56.25,189,147,44.17,273,345,37.70,118,195,44.53,57,71,42.53,37,50,2018,Regular,From
L.A,73,86,53.50,63.16,12,7,53.33,16,14,48.44,31,33,45.79,49,58,61.22,30,19,71.43,15,6,66.67,8,4,L.A,73,86,49.32,48.65,108,114,55.00,187,153,53.78,356,306,51.84,621,577,45.50,248,297,36.43,94,164,44.13,79,100,L.A,73,86,48.84,63.74,58,33,51.77,73,68,51.22,168,160,51.93,296,274,44.34,98,123,34.26,37,71,35.53,27,49,L.A,73,86,50.57,57.28,59,44,49.40,83,85,58.13,193,139,52.52,344,311,51.52,153,144,32.59,44,91,30.77,28,63,2018,Regular,From
MIN,73,90,53.01,40.00,8,12,52.00,13,12,46.15,24,28,52.43,54,49,59.68,37,25,68.57,24,11,46.67,14,16,MIN,73,90,49.66,49.32,73,75,60.59,143,93,55.09,276,225,48.00,601,651,47.00,337,380,40.86,114,165,46.77,123,140,MIN,73,90,45.10,52.94,27,24,55.70,44,35,55.14,118,96,41.62,206,289,39.02,112,175,39.68,50,76,40.94,52,75,MIN,73,90,45.25,53.42,39,34,56.19,59,46,52.57,133,120,43.89,284,363,38.70,137,217,34.81,55,103,36.73,54,93,2018,Regular,From
MTL,73,64,44.08,40.00,10,15,27.59,8,21,41.51,22,31,45.00,45,55,46.94,23,26,54.55,12,10,61.54,8,5,MTL,73,64,50.71,61.28,201,127,57.14,188,141,52.48,339,307,49.69,728,737,47.31,202,225,48.93,160,167,41.18,35,50,MTL,73,64,48.73,59.12,81,56,59.09,78,54,48.43,108,115,48.96,282,294,49.47,94,96,39.71,54,82,25.58,11,32,MTL,73,64,49.86,58.14,100,72,60.00,129,86,54.79,183,151,52.32,428,390,37.09,102,173,45.89,95,112,22.95,14,47,2018,Regular,From
N.J,73,82,48.77,57.14,8,6,48.48,16,17,46.88,30,34,48.72,57,60,45.76,27,32,56.52,13,10,46.67,7,8,N.J,73,82,49.43,53.06,78,69,51.84,141,131,54.81,399,329,50.53,622,609,45.75,285,338,39.56,89,136,42.58,89,120,N.J,73,82,47.48,60.00,45,30,53.73,72,62,51.80,158,147,43.79,222,285,46.18,133,155,37.62,38,63,50.00,46,46,N.J,73,82,46.42,65.56,59,31,46.58,68,78,54.85,181,149,46.79,277,315,40.27,118,175,34.45,41,78,31.52,29,63,2018,Regular,From
NSH,73,106,57.05,42.86,3,4,75.00,12,4,59.26,32,22,58.76,57,40,59.70,40,27,45.45,15,18,50.00,12,12,NSH,73,106,50.77,54.81,57,47,54.79,80,66,58.25,307,220,51.01,683,656,43.51,325,422,44.57,160,199,46.50,146,168,NSH,73,106,55.10,69.57,32,14,66.67,46,23,59.72,129,87,59.52,325,221,44.04,133,169,45.07,64,78,41.67,50,70,NSH,73,106,52.89,65.38,34,18,59.09,52,36,61.09,168,107,53.21,348,306,43.03,173,229,41.80,79,110,45.81,71,84,2018,Regular,From
NYI,73,72,47.37,51.85,14,13,44.12,15,19,43.66,31,40,45.60,57,68,50.00,31,31,59.38,19,13,44.00,11,14,NYI,73,72,46.30,50.31,160,158,44.80,155,191,53.75,358,308,47.73,537,588,39.91,253,381,41.41,123,174,42.46,107,145,NYI,73,72,46.43,45.65,63,75,60.24,100,66,47.35,134,149,46.44,202,233,43.64,96,124,40.00,46,69,43.27,45,59,NYI,73,72,49.80,64.33,110,61,57.65,113,83,56.16,196,153,50.09,289,288,40.66,124,181,40.85,67,97,37.93,44,72,2018,Regular,From
NYR,73,72,45.83,52.94,9,8,44.74,17,21,44.44,36,45,43.65,55,71,45.61,26,31,55.00,11,9,50.00,3,3,NYR,73,72,45.94,49.53,106,108,54.96,227,186,50.35,426,420,46.29,623,723,38.16,224,363,41.96,94,130,48.00,36,39,NYR,73,72,45.72,47.56,39,43,57.83,96,70,49.65,142,144,44.02,221,281,39.74,93,141,48.51,49,52,34.48,10,19,NYR,73,72,43.82,42.72,44,59,57.89,110,80,51.90,191,177,44.85,283,348,34.80,103,193,37.10,46,78,15.38,6,33,2018,Regular,From
OTT,73,63,44.62,64.29,18,10,22.22,8,28,47.83,33,36,45.22,52,63,46.55,27,31,43.33,13,17,33.33,4,8,OTT,73,63,47.07,49.82,140,141,50.17,149,148,52.60,425,383,47.12,598,671,45.49,242,290,36.95,92,157,45.00,45,55,OTT,73,63,47.02,55.88,57,45,58.21,78,56,51.32,175,166,47.75,265,290,41.67,95,133,35.78,39,70,29.55,13,31,OTT,73,63,44.88,62.77,86,51,59.29,134,92,55.80,255,202,41.40,289,409,33.56,99,196,33.06,40,81,31.03,18,40,2018,Regular,From
PHI,73,85,52.50,69.23,9,4,39.29,11,17,50.94,27,26,55.96,61,48,50.77,33,32,62.96,17,10,36.84,7,12,PHI,73,85,50.31,54.07,93,79,56.83,154,117,56.40,273,211,49.83,715,720,45.99,264,310,43.89,140,179,45.32,63,76,PHI,73,85,47.97,62.50,40,24,51.79,58,54,51.24,103,98,49.14,315,326,42.15,102,140,39.84,49,74,37.10,23,39,PHI,73,85,48.72,65.26,62,33,60.43,84,55,57.14,156,117,48.32,359,384,37.05,113,192,43.28,58,76,31.82,21,45,2018,Regular,From
PIT,73,87,49.77,28.57,6,15,55.17,16,13,49.25,33,34,50.91,56,54,51.52,34,32,51.52,17,16,53.33,8,7,PIT,73,87,53.47,53.51,122,106,58.14,175,126,56.03,358,281,55.56,735,588,47.86,268,292,53.00,159,141,44.40,111,139,PIT,73,87,51.86,60.00,57,38,56.59,73,56,54.76,138,114,49.60,251,255,47.47,103,114,55.00,77,63,47.56,39,43,PIT,73,87,49.83,47.06,56,63,59.21,90,62,57.56,179,132,50.08,327,326,45.49,126,151,39.20,69,107,41.75,43,60,2018,Regular,From
S.J,73,91,49.64,45.45,5,6,56.67,17,13,48.33,29,31,46.43,52,60,48.39,30,32,65.63,21,11,42.11,8,11,S.J,73,91,51.84,51.91,68,63,64.43,125,69,54.61,432,359,54.34,651,547,47.78,269,294,37.08,132,224,48.72,114,120,S.J,73,91,53.33,59.32,35,24,55.34,57,46,57.91,183,133,54.25,300,253,50.18,137,136,51.33,77,73,35.78,39,70,S.J,73,91,49.57,53.16,42,37,63.24,86,50,55.08,244,199,49.30,353,363,45.11,157,191,40.37,88,130,34.27,49,94,2018,Regular,From
STL,73,85,52.45,52.63,10,9,30.77,8,18,43.48,20,26,57.89,55,40,57.38,35,26,59.38,19,13,52.00,13,12,STL,73,85,52.11,52.17,120,110,58.09,158,114,53.40,283,247,53.90,698,597,49.77,329,332,41.88,116,161,48.48,96,102,STL,73,85,54.54,63.16,60,35,62.75,64,38,57.08,133,100,56.53,277,213,46.15,132,154,44.72,55,68,58.33,35,25,STL,73,85,48.20,53.72,65,56,47.93,58,63,54.46,165,138,47.40,347,385,46.22,165,192,40.13,63,94,39.18,38,59,2018,Regular,From
T.B,73,104,56.86,69.23,9,4,42.86,12,16,61.40,35,22,54.74,52,43,64.18,43,24,57.45,27,20,48.15,13,14,T.B,73,104,50.36,55.63,89,71,50.46,109,107,58.95,293,204,51.92,648,600,44.10,273,346,40.55,193,283,44.51,142,177,T.B,73,104,55.57,62.30,38,23,61.76,63,39,56.05,125,98,57.86,276,201,54.37,143,120,45.36,88,106,45.31,58,70,T.B,73,104,54.06,62.67,47,28,61.17,63,40,56.50,139,107,53.17,335,295,50.29,172,170,45.28,96,116,45.39,64,77,2018,Regular,From
TOR,73,93,52.90,90.00,9,1,51.43,18,17,48.15,26,28,53.77,57,49,53.03,35,31,56.25,27,21,45.45,15,18,TOR,73,93,48.58,64.49,69,38,61.14,225,143,54.95,272,223,44.26,613,772,43.61,256,331,44.29,186,234,46.11,154,180,TOR,73,93,50.18,55.10,27,22,57.23,91,68,58.80,137,96,49.03,304,316,42.37,100,136,45.45,70,84,43.62,65,84,TOR,73,93,54.88,53.33,32,28,66.48,117,59,64.73,156,85,54.48,383,320,45.17,131,159,45.59,93,111,45.18,75,91,2018,Regular,From
VAN,73,59,43.35,45.00,9,11,28.57,10,25,45.31,29,35,41.28,45,64,45.00,18,22,61.90,13,8,46.15,6,7,VAN,73,59,47.46,51.68,123,115,56.48,266,205,55.18,405,329,46.18,502,585,39.46,189,290,40.27,91,135,43.23,83,109,VAN,73,59,46.60,53.70,58,50,47.18,92,103,51.77,146,136,50.73,243,236,42.62,78,105,36.90,31,53,28.89,26,64,VAN,73,59,48.16,59.22,61,42,60.09,134,89,55.64,217,173,49.13,254,263,40.18,88,131,32.76,38,78,30.61,30,68,2018,Regular,From
VGK,73,99,54.72,50.00,7,7,28.57,6,15,64.29,36,20,57.02,65,49,54.05,40,34,58.54,24,17,47.83,11,12,VGK,73,99,51.84,55.05,60,49,67.03,124,61,54.58,304,253,53.00,716,635,45.52,295,353,46.38,141,163,42.94,149,198,VGK,73,99,51.20,52.94,27,24,60.44,55,36,58.52,158,112,49.91,279,280,46.64,125,143,44.44,56,70,43.31,68,89,VGK,73,99,52.71,52.63,30,27,70.59,84,35,59.60,177,120,53.49,345,300,43.02,148,196,40.56,73,107,41.85,77,107,2018,Regular,From
WPG,73,98,55.06,37.50,6,10,46.67,7,8,51.02,25,24,59.18,58,40,62.50,40,24,50.00,21,21,58.06,18,13,WPG,73,98,51.81,53.96,109,93,59.63,130,88,55.47,218,175,51.38,577,546,47.33,345,384,48.67,202,213,44.97,134,164,WPG,73,98,52.39,67.50,54,26,55.00,44,36,51.74,89,83,46.27,223,259,51.57,164,154,54.59,101,84,50.41,62,61,WPG,73,98,51.75,65.14,71,38,64.77,57,31,58.17,121,87,49.03,304,316,47.86,168,183,41.43,104,147,39.22,60,93,2018,Regular,From
WSH,73,91,52.21,56.25,9,7,50.00,15,15,55.00,33,27,51.30,59,56,54.39,31,26,51.52,17,16,45.00,9,11,WSH,73,91,47.29,59.20,148,102,59.35,127,87,52.03,269,248,45.02,542,662,44.84,278,342,40.18,133,198,33.54,54,107,WSH,73,91,46.81,52.25,58,53,49.43,43,44,49.03,126,131,47.91,287,312,40.06,129,193,47.02,79,89,40.00,28,42,WSH,73,91,50.99,67.44,87,42,60.94,78,50,59.23,170,117,49.52,307,313,44.62,166,206,39.04,73,114,34.67,26,49,2018,Regular,From
ANA,72,84,51.93,60.00,9,6,60.00,15,10,45.28,24,29,50.96,53,51,56.86,29,22,54.84,17,14,41.18,7,10,ANA,72,84,48.50,61.82,68,42,57.49,142,105,53.70,283,244,48.35,573,612,42.98,306,406,39.95,161,242,41.92,96,133,ANA,72,84,48.86,51.67,31,29,53.85,63,54,56.76,126,96,47.39,245,272,43.84,160,205,42.39,78,106,46.30,50,58,ANA,72,84,48.56,71.43,40,16,61.88,99,61,56.43,158,122,46.67,280,320,41.19,152,217,39.67,73,111,30.69,31,70,2018,Regular,From
ARI,72,59,43.98,50.00,11,11,47.22,17,19,44.12,30,38,42.24,49,67,35.42,17,31,46.67,7,8,71.43,5,2,ARI,72,59,47.39,54.22,135,114,52.82,187,167,53.44,357,311,47.23,656,733,41.71,239,334,40.15,53,79,43.90,36,46,ARI,72,59,45.52,51.75,59,55,46.75,72,82,55.84,172,136,44.97,322,394,39.13,108,168,41.82,23,32,34.55,19,36,ARI,72,59,52.13,60.34,70,46,58.33,112,80,54.86,203,167,52.71,389,349,48.37,163,174,49.30,35,36,45.71,32,38,2018,Regular,From
BOS,72,100,56.27,60.00,6,4,61.54,16,10,53.45,31,27,53.27,57,50,55.36,31,25,67.65,23,11,56.52,13,10,BOS,72,100,53.58,66.90,95,47,58.25,166,119,58.37,265,189,51.85,686,637,48.85,297,311,49.80,122,123,51.89,137,127,BOS,72,100,53.45,57.45,27,20,63.96,71,40,62.56,127,76,51.19,280,267,45.59,124,148,51.16,66,63,47.79,65,71,BOS,72,100,54.25,64.47,49,27,66.14,84,43,61.90,143,88,52.52,334,302,45.11,157,191,48.80,61,64,46.75,72,82,2018,Regular,From
BUF,72,58,41.08,47.22,17,19,33.33,13,26,38.71,24,38,40.78,42,61,51.11,23,22,28.57,4,10,16.67,1,5,BUF,72,58,47.11,54.58,155,129,54.55,192,160,50.76,367,356,47.72,628,688,43.67,231,298,38.55,64,102,26.03,19,54,BUF,72,58,45.41,54.62,65,54,51.43,72,68,50.16,160,159,45.67,216,257,43.39,82,107,29.23,19,46,30.00,9,21,BUF,72,58,45.99,52.99,71,63,55.10,81,66,60.17,210,139,43.68,242,312,37.45,88,147,32.56,28,58,31.58,12,26,2018,Regular,From
CAR,72,73,45.14,31.82,7,15,40.00,10,15,47.54,29,32,47.37,54,60,46.88,30,34,45.83,11,13,36.36,4,7,CAR,72,73,54.26,52.57,133,120,62.18,171,104,61.58,343,214,54.06,739,628,49.92,308,309,48.24,123,132,48.02,85,92,CAR,72,73,52.75,48.76,59,62,47.62,60,66,64.37,168,93,55.38,345,278,47.55,126,139,46.00,46,54,37.31,25,42,CAR,72,73,57.66,68.07,81,38,73.39,91,33,64.49,207,114,57.03,422,318,48.39,150,160,50.00,66,66,46.05,35,41,2018,Regular,From
CBJ,72,83,51.75,56.25,9,7,42.86,12,16,50.91,28,27,53.70,58,50,53.23,33,29,51.85,14,13,46.15,6,7,CBJ,72,83,52.68,50.81,63,61,63.10,236,138,60.98,336,215,52.64,759,683,44.33,332,417,46.74,129,147,48.09,88,95,CBJ,72,83,53.68,65.63,42,22,59.03,85,59,60.36,134,88,53.10,300,265,48.06,136,147,45.22,52,63,48.10,38,41,CBJ,72,83,48.67,59.62,31,21,59.54,103,70,54.79,160,132,51.04,345,331,36.68,135,233,33.10,47,95,45.63,47,56,2018,Regular,From
CGY,72,80,49.32,56.25,9,7,36.00,9,16,55.00,33,27,51.33,58,55,40.68,24,35,57.69,15,11,45.45,5,6,CGY,72,80,52.10,64.42,105,58,56.08,143,112,51.44,285,269,52.32,768,700,48.46,314,334,48.20,134,144,52.27,69,63,CGY,72,80,54.19,65.69,67,35,61.34,73,46,54.17,130,110,54.25,383,323,48.17,145,156,51.75,59,55,54.39,31,26,CGY,72,80,54.42,70.45,62,26,65.64,107,56,58.64,173,122,53.66,410,354,47.65,152,167,49.14,57,59,40.98,25,36,2018,Regular,From
CHI,72,68,48.59,48.65,18,19,32.14,9,19,37.50,18,30,53.77,57,49,43.86,25,32,56.00,14,11,69.23,18,8,CHI,72,68,51.59,60.06,218,145,63.51,181,104,53.40,267,233,49.32,690,709,48.86,300,314,45.08,110,134,49.16,117,121,CHI,72,68,51.01,65.63,105,55,55.30,73,59,61.08,102,65,48.07,262,283,50.00,110,110,39.53,34,52,36.73,36,62,CHI,72,68,57.66,74.65,159,54,68.00,119,56,59.15,168,116,56.22,416,324,53.47,177,154,45.61,52,62,47.44,74,82,2018,Regular,From
COL,72,86,51.37,50.00,12,12,44.00,11,14,41.67,20,28,54.81,57,47,53.85,35,30,54.84,17,14,56.00,14,11,COL,72,86,47.15,57.14,76,57,58.29,116,83,53.45,271,236,46.07,557,652,44.60,326,405,32.63,93,192,39.71,81,123,COL,72,86,46.44,43.42,33,43,55.84,43,34,48.37,104,111,43.73,223,287,48.30,128,137,43.08,56,74,42.39,39,53,COL,72,86,49.35,50.57,44,43,63.73,65,37,51.57,148,139,49.61,320,325,49.06,183,190,33.33,48,96,34.86,38,71,2018,Regular,From
DAL,72,84,53.23,56.25,9,7,31.82,7,15,55.10,27,22,49.50,50,51,54.39,31,26,59.09,13,9,75.00,18,6,DAL,72,84,52.01,61.02,144,92,58.53,127,90,57.09,314,236,52.74,663,594,44.16,261,330,39.55,53,81,49.22,126,130,DAL,72,84,51.91,60.67,54,35,58.75,47,33,54.88,135,111,51.52,255,240,48.96,118,123,46.38,32,37,43.31,55,72,DAL,72,84,50.96,57.03,73,55,61.76,84,52,57.50,184,136,50.81,376,364,46.47,158,182,27.06,23,62,44.10,71,90,2018,Regular,From
DET,72,63,44.89,33.33,6,12,48.65,18,19,42.65,29,39,41.84,41,57,48.21,27,29,57.89,11,8,42.86,3,4,DET,72,63,48.37,56.19,109,85,55.19,186,151,51.05,365,350,48.31,616,659,43.38,203,265,46.98,140,158,39.67,48,73,DET,72,63,50.41,59.30,51,35,45.21,66,80,52.56,154,139,52.89,265,236,45.71,96,114,51.54,67,63,43.14,22,29,DET,72,63,46.55,63.00,63,37,53.75,86,74,55.04,202,165,47.22,255,285,34.89,82,153,36.23,50,88,33.33,18,36,2018,Regular,From
EDM,72,67,48.76,44.44,8,10,57.58,19,14,44.93,31,38,49.07,53,55,49.12,28,29,42.86,12,16,55.56,10,8,EDM,72,67,50.43,57.44,166,123,54.50,200,167,52.43,420,381,49.93,684,686,51.69,229,214,45.98,103,121,46.75,72,82,EDM,72,67,52.22,58.12,68,49,52.00,78,72,57.19,187,140,53.33,296,259,44.75,81,100,47.06,40,45,55.88,38,30,EDM,72,67,48.62,64.24,97,54,56.19,109,85,50.34,219,216,51.63,364,341,44.54,102,127,32.14,45,95,35.53,27,49,2018,Regular,From
FLA,72,81,48.36,25.00,4,12,56.67,17,13,50.79,32,31,50.45,56,55,43.08,28,37,56.67,17,13,40.91,9,13,FLA,72,81,50.31,51.27,81,77,60.39,154,101,58.31,435,311,50.53,713,698,44.92,296,363,39.19,107,166,38.73,79,125,FLA,72,81,50.51,58.82,30,21,63.96,71,40,56.36,164,127,50.20,253,251,44.68,126,156,37.30,47,79,44.44,28,35,FLA,72,81,47.53,65.00,52,28,57.94,62,45,56.50,187,144,44.11,266,337,37.70,118,195,44.53,57,71,42.53,37,50,2018,Regular,From
L.A,72,84,53.60,63.16,12,7,53.33,16,14,47.62,30,33,45.19,47,57,62.50,30,18,75.00,15,5,66.67,8,4,L.A,72,84,49.24,48.65,108,114,55.00,187,153,53.72,354,305,51.71,604,564,45.32,242,292,36.61,93,161,44.13,79,100,L.A,72,84,49.01,63.74,58,33,51.77,73,68,51.22,168,160,52.42,293,266,44.19,95,120,34.58,37,70,35.53,27,49,L.A,72,84,50.55,57.28,59,44,49.40,83,85,58.31,193,138,52.61,333,300,51.54,151,142,32.03,41,87,30.77,28,63,2018,Regular,From
MIN,72,89,53.06,40.00,8,12,50.00,12,12,45.10,23,28,53.00,53,47,60.66,37,24,68.57,24,11,46.67,14,16,MIN,72,89,49.75,49.32,73,75,60.34,140,92,55.31,271,219,48.12,588,634,47.06,336,378,40.86,114,165,46.77,123,140,MIN,72,89,44.86,52.94,27,24,55.13,43,35,55.29,115,93,40.91,198,286,39.02,112,175,39.68,50,76,40.94,52,75,MIN,72,89,45.13,53.42,39,34,56.12,55,43,52.61,131,118,43.68,273,352,38.53,136,217,34.81,55,103,36.73,54,93,2018,Regular,From
MTL,72,64,44.39,40.00,10,15,27.59,8,21,42.31,22,30,45.45,45,54,46.94,23,26,54.55,12,10,61.54,8,5,MTL,72,64,51.01,61.28,201,127,57.99,185,134,53.77,335,288,49.59,721,733,47.31,202,225,48.93,160,167,41.18,35,50,MTL,72,64,48.99,59.12,81,56,58.59,75,53,49.53,105,107,49.21,280,289,49.47,94,96,39.71,54,82,25.58,11,32,MTL,72,64,50.13,58.14,100,72,62.44,128,77,55.69,181,144,52.10,422,388,37.09,102,173,45.89,95,112,22.95,14,47,2018,Regular,From
N.J,72,82,49.06,58.33,7,5,50.00,16,16,46.77,29,33,49.14,57,59,45.76,27,32,56.52,13,10,46.67,7,8,N.J,72,82,49.46,53.85,70,60,51.53,135,127,54.79,395,326,50.57,621,607,45.75,285,338,39.56,89,136,42.58,89,120,N.J,72,82,47.54,58.33,35,25,55.20,69,56,51.99,157,145,43.74,220,283,46.18,133,155,37.62,38,63,50.00,46,46,N.J,72,82,46.68,68.00,51,24,47.01,63,71,55.21,180,146,47.02,276,311,40.27,118,175,34.45,41,78,31.52,29,63,2018,Regular,From
NSH,72,106,57.50,40.00,2,3,75.00,12,4,60.38,32,21,59.38,57,39,59.70,40,27,45.45,15,18,50.00,12,12,NSH,72,106,50.83,50.55,46,45,55.17,80,65,59.53,303,206,50.94,679,654,43.51,325,422,44.57,160,199,46.50,146,168,NSH,72,106,54.91,69.77,30,13,68.66,46,21,58.37,122,87,59.30,322,221,44.04,133,169,45.07,64,78,41.67,50,70,NSH,72,106,52.98,67.44,29,14,59.77,52,35,61.48,166,104,53.16,345,304,43.03,173,229,41.80,79,110,45.81,71,84,2018,Regular,From
NYI,72,70,47.12,51.85,14,13,44.12,15,19,43.66,31,40,45.16,56,68,49.18,30,31,60.00,18,12,44.00,11,14,NYI,72,70,46.26,50.31,160,158,44.80,155,191,53.75,358,308,47.68,534,586,40.06,250,374,40.78,104,151,42.63,107,144,NYI,72,70,46.50,45.65,63,75,60.24,100,66,47.35,134,149,46.54,202,232,43.78,95,122,39.81,41,62,43.69,45,58,NYI,72,70,49.70,64.33,110,61,57.65,113,83,56.16,196,153,49.91,287,288,41.33,124,176,39.46,58,89,37.93,44,72,2018,Regular,From
NYR,72,72,46.50,52.94,9,8,44.74,17,21,46.75,36,41,44.00,55,70,45.61,26,31,55.00,11,9,50.00,3,3,NYR,72,72,45.92,49.53,106,108,54.79,223,184,50.43,413,406,46.24,615,715,38.16,224,363,41.96,94,130,48.00,36,39,NYR,72,72,46.18,47.56,39,43,57.93,95,69,50.55,138,135,44.72,220,272,39.74,93,141,48.51,49,52,34.48,10,19,NYR,72,72,43.47,42.72,44,59,58.06,108,78,50.99,180,173,44.53,277,345,34.80,103,193,37.10,46,78,15.38,6,33,2018,Regular,From
OTT,72,63,45.11,65.38,17,9,22.86,8,27,49.25,33,34,45.61,52,62,46.55,27,31,43.33,13,17,33.33,4,8,OTT,72,63,47.05,49.63,134,136,48.23,136,146,52.78,418,374,47.37,595,661,45.49,242,290,36.95,92,157,45.00,45,55,OTT,72,63,46.94,55.56,55,44,57.58,76,56,51.18,173,165,47.83,264,288,41.67,95,133,35.78,39,70,29.55,13,31,OTT,72,63,44.91,61.54,80,50,59.45,129,88,56.44,254,196,41.52,289,407,33.56,99,196,33.06,40,81,31.03,18,40,2018,Regular,From
PHI,72,83,52.15,69.23,9,4,39.29,11,17,50.94,27,26,55.14,59,48,50.79,32,31,58.33,14,10,41.18,7,10,PHI,72,83,50.28,54.07,93,79,56.83,154,117,56.40,273,211,49.93,707,709,45.47,256,307,44.05,137,174,44.88,57,70,PHI,72,83,47.78,62.50,40,24,51.79,58,54,51.24,103,98,48.89,309,323,41.63,97,136,40.00,48,72,35.85,19,34,PHI,72,83,48.50,65.26,62,33,60.43,84,55,57.14,156,117,47.89,351,382,37.12,111,188,43.41,56,73,30.65,19,43,2018,Regular,From
PIT,72,87,50.04,28.57,6,15,55.56,15,12,50.00,33,33,51.38,56,53,51.52,34,32,51.52,17,16,53.33,8,7,PIT,72,87,53.52,53.30,121,106,58.69,152,107,55.80,351,278,55.61,733,585,47.86,268,292,53.00,159,141,44.40,111,139,PIT,72,87,51.79,59.57,56,38,56.41,66,51,54.62,136,113,49.50,250,255,47.47,103,114,55.00,77,63,47.56,39,43,PIT,72,87,49.86,47.06,56,63,60.74,82,53,56.86,174,132,50.23,327,324,45.49,126,151,39.20,69,107,41.75,43,60,2018,Regular,From
S.J,72,89,49.36,45.45,5,6,56.67,17,13,48.33,29,31,45.95,51,60,48.33,29,31,64.52,20,11,41.18,7,10,S.J,72,89,51.81,51.91,68,63,64.43,125,69,54.61,432,359,54.31,649,546,47.84,266,290,36.99,128,218,48.39,105,112,S.J,72,89,53.32,59.32,35,24,55.34,57,46,57.91,183,133,54.28,298,251,50.00,135,135,50.35,71,70,36.17,34,60,S.J,72,89,49.23,53.16,42,37,63.24,86,50,55.08,244,199,49.09,349,362,44.77,154,190,39.32,81,125,32.81,42,86,2018,Regular,From
STL,72,83,52.14,52.63,10,9,30.77,8,18,42.22,19,26,57.45,54,40,57.38,35,26,59.38,19,13,52.00,13,12,STL,72,83,52.23,52.17,120,110,58.09,158,114,53.56,271,235,54.05,694,590,49.77,329,332,41.88,116,161,48.48,96,102,STL,72,83,54.16,63.16,60,35,62.75,64,38,54.75,121,100,56.43,272,210,46.15,132,154,44.72,55,68,58.33,35,25,STL,72,83,47.98,53.72,65,56,47.93,58,63,53.38,150,131,47.30,342,381,46.22,165,192,40.13,63,94,39.18,38,59,2018,Regular,From
T.B,72,102,56.66,66.67,8,4,42.31,11,15,60.71,34,22,54.84,51,42,64.18,43,24,57.45,27,20,48.15,13,14,T.B,72,102,50.41,55.06,87,71,50.00,101,101,58.94,290,202,52.11,642,590,44.16,272,344,40.55,193,283,44.51,142,177,T.B,72,102,55.74,61.67,37,23,64.58,62,34,56.31,125,97,57.93,274,199,54.02,141,120,45.36,88,106,45.31,58,70,T.B,72,102,54.28,62.67,47,28,62.89,61,36,56.43,136,105,53.46,332,289,50.44,171,168,45.28,96,116,45.39,64,77,2018,Regular,From
TOR,72,93,53.30,90.00,9,1,51.43,18,17,48.15,26,28,53.85,56,48,53.85,35,30,56.52,26,20,46.88,15,17,TOR,72,93,48.54,64.49,69,38,61.14,225,143,54.88,270,222,44.05,603,766,43.64,254,328,44.33,180,226,46.39,154,178,TOR,72,93,50.10,55.10,27,22,57.23,91,68,59.31,137,94,49.03,302,314,42.13,99,136,43.92,65,83,43.92,65,83,TOR,72,93,54.74,53.33,32,28,66.48,117,59,64.71,154,84,54.32,377,317,45.26,129,156,44.95,89,109,45.18,75,91,2018,Regular,From
VAN,72,59,43.75,44.44,8,10,29.41,10,24,46.03,29,34,41.67,45,63,45.00,18,22,61.90,13,8,46.15,6,7,VAN,72,59,47.39,50.00,103,103,56.52,260,200,55.25,405,328,46.18,501,584,39.46,189,290,40.27,91,135,43.23,83,109,VAN,72,59,46.58,53.75,43,37,46.60,89,102,51.77,146,136,50.84,242,234,42.62,78,105,36.90,31,53,28.89,26,64,VAN,72,59,48.10,58.82,50,35,60.19,130,86,55.64,217,173,49.12,252,261,40.18,88,131,32.76,38,78,30.61,30,68,2018,Regular,From
VGK,72,97,54.38,50.00,7,7,28.57,6,15,64.29,36,20,56.64,64,49,53.42,39,34,57.50,23,17,47.62,10,11,VGK,72,97,51.91,55.05,60,49,67.03,124,61,54.58,304,253,53.00,715,634,45.44,294,353,46.42,136,157,43.49,137,178,VGK,72,97,51.18,52.94,27,24,60.44,55,36,58.52,158,112,49.82,277,279,46.64,125,143,45.08,55,67,42.64,55,74,VGK,72,97,52.70,52.63,30,27,70.59,84,35,59.60,177,120,53.51,343,298,43.02,148,196,40.46,70,103,42.17,70,96,2018,Regular,From
WPG,72,96,54.95,37.50,6,10,46.67,7,8,50.00,24,24,59.38,57,39,62.50,40,24,50.00,21,21,58.06,18,13,WPG,72,96,51.64,53.96,109,93,59.63,130,88,55.67,216,172,50.69,550,535,47.33,345,384,48.67,202,213,44.97,134,164,WPG,72,96,52.34,67.50,54,26,55.00,44,36,51.46,88,83,45.94,215,253,51.57,164,154,54.59,101,84,50.41,62,61,WPG,72,96,51.43,65.14,71,38,64.77,57,31,57.77,119,87,48.17,289,311,47.86,168,183,41.43,104,147,39.22,60,93,2018,Regular,From
WSH,72,89,52.11,56.25,9,7,50.00,15,15,54.24,32,27,50.44,57,56,56.36,31,24,51.52,17,16,45.00,9,11,WSH,72,89,47.16,59.20,148,102,59.35,127,87,51.75,266,248,44.91,529,649,44.43,271,339,40.18,133,198,33.54,54,107,WSH,72,89,46.83,52.25,58,53,49.43,43,44,49.03,126,131,48.04,282,305,39.81,127,192,47.02,79,89,40.00,28,42,WSH,72,89,51.20,67.44,87,42,60.94,78,50,59.65,170,115,50.17,303,301,44.35,161,202,39.04,73,114,34.67,26,49,2018,Regular,From
ANA,71,82,51.62,60.00,9,6,60.00,15,10,45.28,24,29,49.50,50,51,58.33,28,20,54.84,17,14,41.18,7,10,ANA,71,82,48.34,61.82,68,42,57.49,142,105,53.70,283,244,48.08,562,607,42.59,296,399,39.90,156,235,41.92,96,133,ANA,71,82,48.92,51.67,31,29,53.85,63,54,56.76,126,96,47.36,242,269,43.85,157,201,43.26,77,101,46.30,50,58,ANA,71,82,48.63,71.43,40,16,61.88,99,61,56.43,158,122,46.74,280,319,41.05,149,214,40.78,73,106,30.69,31,70,2018,Regular,From
ARI,71,57,43.33,50.00,11,11,47.22,17,19,43.28,29,38,41.59,47,66,34.78,16,30,42.86,6,8,71.43,5,2,ARI,71,57,47.53,54.22,135,114,52.82,187,167,53.38,355,310,47.36,637,708,42.12,238,327,40.77,53,77,43.90,36,46,ARI,71,57,45.61,51.75,59,55,46.75,72,82,55.88,171,135,45.15,312,379,39.19,107,166,42.59,23,31,34.55,19,36,ARI,71,57,51.93,60.34,70,46,58.33,112,80,55.01,203,166,52.05,369,340,48.80,163,171,49.30,35,36,45.71,32,38,2018,Regular,From
BOS,71,99,56.62,60.00,6,4,61.54,16,10,53.45,31,27,53.77,57,49,56.36,31,24,67.65,23,11,56.52,13,10,BOS,71,99,53.55,66.90,95,47,58.25,166,119,58.37,265,189,51.75,679,633,48.80,285,299,49.80,122,123,51.89,137,127,BOS,71,99,53.93,57.45,27,20,63.96,71,40,62.56,127,76,51.39,277,262,47.69,124,136,51.16,66,63,47.79,65,71,BOS,71,99,54.47,64.47,49,27,66.14,84,43,61.90,143,88,52.63,330,297,46.01,150,176,48.80,61,64,46.75,72,82,2018,Regular,From
BUF,71,58,41.57,48.57,17,18,34.21,13,25,39.34,24,37,41.18,42,60,51.11,23,22,28.57,4,10,16.67,1,5,BUF,71,58,47.06,54.26,153,129,55.49,187,150,50.63,362,353,47.50,609,673,43.67,231,298,38.55,64,102,26.03,19,54,BUF,71,58,45.45,55.56,65,52,50.00,65,65,50.00,159,159,46.20,213,248,43.39,82,107,29.23,19,46,30.00,9,21,BUF,71,58,45.86,53.03,70,62,54.41,74,62,60.17,210,139,43.52,235,305,37.45,88,147,32.56,28,58,31.58,12,26,2018,Regular,From
CAR,71,71,44.59,31.82,7,15,40.00,10,15,47.54,29,32,45.95,51,60,46.03,29,34,47.83,11,12,36.36,4,7,CAR,71,71,54.19,52.57,133,120,62.18,171,104,61.58,343,214,54.09,734,623,50.08,301,300,46.58,109,125,48.02,85,92,CAR,71,71,52.76,48.76,59,62,47.62,60,66,64.37,168,93,55.32,343,277,47.29,122,136,47.87,45,49,37.31,25,42,CAR,71,71,57.64,68.07,81,38,73.39,91,33,64.49,207,114,57.03,418,315,48.36,147,157,50.41,61,60,46.05,35,41,2018,Regular,From
CBJ,71,81,51.74,56.25,9,7,42.86,12,16,50.00,27,27,54.21,58,49,53.23,33,29,51.85,14,13,46.15,6,7,CBJ,71,81,52.58,50.81,63,61,63.10,236,138,60.88,333,214,52.41,740,672,44.25,323,407,46.74,129,147,48.09,88,95,CBJ,71,81,53.33,65.63,42,22,59.03,85,59,60.91,134,86,52.34,291,265,47.48,132,146,45.22,52,63,48.10,38,41,CBJ,71,81,48.50,59.62,31,21,59.54,103,70,54.98,160,131,50.45,334,328,36.83,130,223,33.10,47,95,45.63,47,56,2018,Regular,From
CGY,71,80,49.75,53.33,8,7,39.13,9,14,55.17,32,26,51.38,56,53,42.11,24,33,57.69,15,11,45.45,5,6,CGY,71,80,52.09,64.38,94,52,56.40,141,109,51.55,282,265,52.20,760,696,48.53,313,332,48.20,134,144,52.27,69,63,CGY,71,80,53.98,63.64,56,32,61.54,72,45,54.89,129,106,53.89,374,320,48.17,145,156,51.75,59,55,54.39,31,26,CGY,71,80,54.82,75.64,59,19,65.43,106,56,58.97,171,119,53.99,406,346,47.95,152,165,49.14,57,59,40.98,25,36,2018,Regular,From
CHI,71,68,48.70,48.65,18,19,32.14,9,19,35.56,16,29,54.37,56,47,44.64,25,31,56.00,14,11,69.23,18,8,CHI,71,68,51.49,60.06,218,145,63.51,181,104,52.69,255,229,49.08,669,694,49.10,300,311,45.08,110,134,49.16,117,121,CHI,71,68,50.93,65.63,105,55,55.30,73,59,60.74,99,64,47.99,251,272,50.00,110,110,39.53,34,52,36.73,36,62,CHI,71,68,57.90,74.65,159,54,68.00,119,56,60.15,163,108,56.52,412,317,53.47,177,154,45.61,52,62,47.44,74,82,2018,Regular,From
COL,71,84,50.95,50.00,12,12,44.00,11,14,41.67,20,28,54.37,56,47,53.13,34,30,51.72,15,14,58.33,14,10,COL,71,84,47.12,57.14,76,57,58.29,116,83,53.45,271,236,46.05,554,649,44.20,320,404,32.70,86,177,39.79,76,115,COL,71,84,46.29,43.42,33,43,55.84,43,34,48.37,104,111,43.90,223,285,48.30,128,137,41.32,50,71,42.53,37,50,COL,71,84,49.24,50.57,44,43,63.73,65,37,51.57,148,139,49.61,320,325,49.45,181,185,30.77,40,90,34.95,36,67,2018,Regular,From
DAL,71,83,53.42,56.25,9,7,31.82,7,15,54.17,26,22,50.51,50,49,54.39,31,26,59.09,13,9,75.00,18,6,DAL,71,83,51.99,61.02,144,92,58.53,127,90,56.86,311,236,52.79,652,583,44.06,252,320,39.55,53,81,49.22,126,130,DAL,71,83,51.68,60.67,54,35,58.75,47,33,54.88,135,111,50.94,245,236,49.13,113,117,46.38,32,37,43.31,55,72,DAL,71,83,50.85,57.03,73,55,61.76,84,52,57.50,184,136,50.90,369,356,45.92,152,179,27.06,23,62,44.10,71,90,2018,Regular,From
DET,71,63,45.24,29.41,5,12,51.43,18,17,43.28,29,38,42.27,41,56,48.21,27,29,57.89,11,8,42.86,3,4,DET,71,63,48.34,55.80,101,80,54.29,171,144,51.41,364,344,48.31,613,656,43.38,203,265,46.98,140,158,39.67,48,73,DET,71,63,50.44,59.26,48,33,45.99,63,74,52.56,154,139,52.71,263,236,45.71,96,114,51.54,67,63,43.14,22,29,DET,71,63,46.52,62.77,59,35,54.79,80,66,54.72,197,163,47.22,255,285,34.89,82,153,36.23,50,88,33.33,18,36,2018,Regular,From
EDM,71,67,48.89,44.44,8,10,57.58,19,14,45.59,31,37,48.60,52,55,50.00,28,28,42.86,12,16,55.56,10,8,EDM,71,67,50.72,57.44,166,123,54.50,200,167,53.21,414,364,50.15,683,679,52.09,224,206,45.98,103,121,46.75,72,82,EDM,71,67,52.30,58.12,68,49,52.70,78,70,57.23,182,136,53.83,295,253,43.35,75,98,47.06,40,45,55.88,38,30,EDM,71,67,48.74,64.24,97,54,56.02,107,84,50.59,214,209,51.70,364,340,45.13,102,124,32.14,45,95,35.53,27,49,2018,Regular,From
FLA,71,81,48.78,26.67,4,11,56.67,17,13,51.61,32,30,50.91,56,54,43.08,28,37,56.67,17,13,40.91,9,13,FLA,71,81,50.32,49.24,65,67,60.63,154,100,58.63,435,307,50.47,700,687,44.92,296,363,39.19,107,166,38.73,79,125,FLA,71,81,50.54,60.87,28,18,63.64,70,40,56.55,164,126,50.20,251,249,44.68,126,156,37.30,47,79,44.44,28,35,FLA,71,81,47.46,66.18,45,23,58.10,61,44,56.67,187,143,43.87,261,334,37.70,118,195,44.53,57,71,42.53,37,50,2018,Regular,From
L.A,71,84,53.92,63.16,12,7,55.17,16,13,48.39,30,32,45.19,47,57,62.50,30,18,75.00,15,5,66.67,8,4,L.A,71,84,49.19,47.85,100,109,55.21,175,142,53.58,352,305,51.64,600,562,45.32,242,292,36.61,93,161,44.13,79,100,L.A,71,84,48.79,64.56,51,28,50.77,66,64,51.07,167,160,52.27,288,263,44.19,95,120,34.58,37,70,35.53,27,49,L.A,71,84,50.48,57.58,57,42,48.73,77,81,58.28,190,136,52.46,330,299,51.54,151,142,32.03,41,87,30.77,28,63,2018,Regular,From
MIN,71,87,52.94,40.00,8,12,50.00,12,12,45.10,23,28,52.53,52,47,61.02,36,23,68.57,24,11,46.67,14,16,MIN,71,87,49.84,49.32,73,75,60.34,140,92,55.31,271,219,48.03,572,619,47.62,330,363,40.86,114,165,46.77,123,140,MIN,71,87,45.05,52.94,27,24,55.13,43,35,55.29,115,93,40.94,192,277,39.78,111,168,39.68,50,76,40.94,52,75,MIN,71,87,45.28,53.42,39,34,56.12,55,43,52.61,131,118,44.01,268,341,38.78,133,210,34.81,55,103,36.73,54,93,2018,Regular,From
MTL,71,64,44.68,41.67,10,14,27.59,8,21,43.14,22,29,45.45,45,54,46.94,23,26,54.55,12,10,61.54,8,5,MTL,71,64,51.20,61.44,188,118,60.00,177,118,53.90,332,284,49.58,712,724,47.31,202,225,48.93,160,167,41.18,35,50,MTL,71,64,49.42,60.31,79,52,62.71,74,44,49.52,104,106,49.29,277,285,49.47,94,96,39.71,54,82,25.58,11,32,MTL,71,64,50.12,58.08,97,70,63.92,124,70,55.97,178,140,51.75,413,385,37.09,102,173,45.89,95,112,22.95,14,47,2018,Regular,From
N.J,71,82,49.31,58.33,7,5,48.39,15,16,48.33,29,31,49.57,57,58,45.76,27,32,56.52,13,10,46.67,7,8,N.J,71,82,49.79,53.85,70,60,52.08,125,115,55.76,392,311,50.69,621,604,45.75,285,338,39.56,89,136,42.58,89,120,N.J,71,82,47.93,58.33,35,25,57.27,63,47,53.40,157,137,43.74,220,283,46.18,133,155,37.62,38,63,50.00,46,46,N.J,71,82,46.82,68.00,51,24,47.11,57,64,55.66,177,141,47.02,276,311,40.27,118,175,34.45,41,78,31.52,29,63,2018,Regular,From
NSH,71,104,56.93,40.00,2,3,75.00,12,4,60.38,32,21,58.95,56,39,59.09,39,27,43.75,14,18,47.83,11,12,NSH,71,104,50.86,50.55,46,45,55.17,80,65,59.53,303,206,51.12,664,635,43.57,322,417,43.60,150,194,46.79,146,166,NSH,71,104,54.80,69.77,30,13,68.66,46,21,58.37,122,87,58.95,313,218,44.19,133,168,46.21,61,71,40.68,48,70,NSH,71,104,53.00,67.44,29,14,59.77,52,35,61.48,166,104,53.23,338,297,43.03,173,229,42.13,75,103,45.75,70,83,2018,Regular,From
NYI,71,70,47.46,51.85,14,13,42.42,14,19,44.29,31,39,46.28,56,65,49.18,30,31,60.00,18,12,44.00,11,14,NYI,71,70,46.35,50.31,160,158,45.54,148,177,53.69,349,301,47.66,529,581,40.06,250,374,40.78,104,151,42.63,107,144,NYI,71,70,46.41,45.65,63,75,59.38,95,65,47.46,131,145,46.64,201,230,43.78,95,122,39.81,41,62,43.69,45,58,NYI,71,70,49.73,64.33,110,61,57.84,107,78,56.27,193,150,50.00,284,284,41.33,124,176,39.46,58,89,37.93,44,72,2018,Regular,From
NYR,71,71,46.55,52.94,9,8,44.74,17,21,45.33,34,41,45.08,55,67,45.61,26,31,55.00,11,9,50.00,3,3,NYR,71,71,46.04,49.53,106,108,54.79,223,184,50.31,407,402,46.66,607,694,38.14,222,360,41.96,94,130,48.00,36,39,NYR,71,71,46.38,47.56,39,43,57.93,95,69,50.37,137,135,45.38,216,260,39.91,93,140,48.51,49,52,34.48,10,19,NYR,71,71,43.21,42.72,44,59,58.06,108,78,51.02,175,168,43.91,267,341,34.81,102,191,37.10,46,78,15.38,6,33,2018,Regular,From
OTT,71,63,45.67,69.57,16,7,24.24,8,25,49.23,32,33,46.43,52,60,46.55,27,31,43.33,13,17,33.33,4,8,OTT,71,63,47.15,50.00,119,119,47.79,130,142,53.02,413,366,47.40,593,658,45.49,242,290,36.95,92,157,45.00,45,55,OTT,71,63,46.67,54.35,50,42,56.00,70,55,51.05,170,163,47.91,264,287,41.67,95,133,35.78,39,70,29.55,13,31,OTT,71,63,44.97,63.16,72,42,60.19,127,84,56.55,246,189,41.50,288,406,33.56,99,196,33.06,40,81,31.03,18,40,2018,Regular,From
PHI,71,81,51.83,69.23,9,4,39.29,11,17,49.02,25,26,55.77,58,46,50.00,31,31,58.33,14,10,41.18,7,10,PHI,71,81,50.30,54.07,93,79,56.83,154,117,56.77,260,198,49.89,700,703,45.37,255,307,44.05,137,174,44.88,57,70,PHI,71,81,47.89,62.50,40,24,51.79,58,54,51.87,97,90,48.88,306,320,41.63,97,136,40.68,48,70,35.85,19,34,PHI,71,81,48.76,65.26,62,33,60.43,84,55,58.50,148,105,48.06,347,375,37.16,110,186,43.75,56,72,30.65,19,43,2018,Regular,From
PIT,71,85,49.72,28.57,6,15,53.85,14,12,49.23,32,33,51.40,55,52,51.56,33,31,51.52,17,16,53.33,8,7,PIT,71,85,53.34,53.30,121,106,58.91,152,106,55.77,348,276,55.20,711,577,47.45,261,289,53.36,159,139,44.40,111,139,PIT,71,85,51.78,59.57,56,38,56.14,64,50,54.62,136,113,49.59,242,246,46.98,101,114,55.80,77,61,47.56,39,43,PIT,71,85,49.94,47.06,56,63,61.65,82,51,57.10,173,130,50.16,317,315,45.29,125,151,39.88,69,104,41.75,43,60,2018,Regular,From
S.J,71,87,48.71,45.45,5,6,56.67,17,13,48.33,29,31,44.95,49,60,46.55,27,31,64.52,20,11,41.18,7,10,S.J,71,87,51.85,51.91,68,63,64.43,125,69,54.63,431,358,54.27,635,535,48.24,261,280,36.84,126,216,48.39,105,112,S.J,71,87,53.43,59.32,35,24,55.34,57,46,57.78,182,133,54.36,293,246,50.78,131,127,50.71,71,69,36.17,34,60,S.J,71,87,49.46,53.16,42,37,63.24,86,50,55.20,244,198,49.43,344,352,45.48,151,181,39.51,81,124,32.81,42,86,2018,Regular,From
STL,71,81,52.17,52.63,10,9,30.77,8,18,40.48,17,25,58.24,53,38,57.38,35,26,59.38,19,13,52.00,13,12,STL,71,81,52.21,52.17,120,110,57.78,156,114,53.32,257,225,54.10,679,576,49.77,329,332,41.88,116,161,48.48,96,102,STL,71,81,54.19,63.16,60,35,62.75,64,38,54.88,118,97,56.54,268,206,46.15,132,154,44.72,55,68,58.33,35,25,STL,71,81,47.89,53.72,65,56,47.50,57,63,52.45,139,126,47.52,335,370,46.22,165,192,40.13,63,94,39.18,38,59,2018,Regular,From
T.B,71,100,56.58,66.67,8,4,42.31,11,15,60.00,33,22,55.43,51,41,63.64,42,24,57.45,27,20,48.15,13,14,T.B,71,100,50.13,55.06,87,71,50.00,101,101,58.87,282,197,51.88,635,589,43.00,255,338,40.55,193,283,44.51,142,177,T.B,71,100,55.73,61.67,37,23,64.58,62,34,57.48,123,91,57.51,268,198,54.37,137,115,44.79,86,106,45.31,58,70,T.B,71,100,54.10,62.67,47,28,62.89,61,36,55.88,133,105,53.39,331,289,50.15,164,163,45.45,95,114,45.39,64,77,2018,Regular,From
TOR,71,91,53.02,90.00,9,1,51.43,18,17,48.15,26,28,53.85,56,48,53.13,34,30,56.52,26,20,45.16,14,17,TOR,71,91,48.36,64.49,69,38,61.14,225,143,54.88,270,222,43.97,594,757,43.48,250,325,42.93,164,218,46.77,145,165,TOR,71,91,49.64,55.10,27,22,57.23,91,68,59.31,137,94,48.93,298,311,42.06,98,135,40.58,56,82,42.96,61,81,TOR,71,91,54.76,53.33,32,28,66.48,117,59,64.71,154,84,54.84,374,308,44.96,125,153,43.85,82,105,45.34,73,88,2018,Regular,From
VAN,71,59,44.30,44.44,8,10,29.41,10,24,47.54,29,32,42.45,45,61,45.00,18,22,61.90,13,8,46.15,6,7,VAN,71,59,47.35,50.00,103,103,56.58,258,198,55.01,395,323,46.23,490,570,39.41,188,289,40.27,91,135,43.23,83,109,VAN,71,59,46.38,53.75,43,37,46.32,88,102,51.11,138,132,50.86,237,229,42.86,78,104,36.90,31,53,28.89,26,64,VAN,71,59,47.67,58.82,50,35,60.00,129,86,55.03,208,170,48.59,242,256,39.91,87,131,32.76,38,78,30.61,30,68,2018,Regular,From
VGK,71,95,53.99,50.00,7,7,28.57,6,15,64.29,36,20,56.64,64,49,52.78,38,34,56.41,22,17,45.00,9,11,VGK,71,95,52.02,55.05,60,49,67.03,124,61,54.58,304,253,53.40,706,616,45.44,294,353,46.39,135,156,42.66,122,164,VGK,71,95,51.25,52.94,27,24,60.44,55,36,58.52,158,112,50.09,273,272,46.64,125,143,45.38,54,65,42.28,52,71,VGK,71,95,52.70,52.63,30,27,70.59,84,35,59.60,177,120,53.47,339,295,43.02,148,196,40.70,70,102,42.58,66,89,2018,Regular,From
WPG,71,94,54.73,37.50,6,10,46.67,7,8,50.00,24,24,58.95,56,39,62.30,38,23,50.00,21,21,58.06,18,13,WPG,71,94,51.66,53.96,109,93,59.63,130,88,55.67,216,172,50.75,544,528,46.99,336,379,49.26,201,207,44.97,134,164,WPG,71,94,52.18,67.50,54,26,55.00,44,36,51.46,88,83,45.75,210,249,51.82,157,146,53.85,98,84,50.41,62,61,WPG,71,94,51.26,65.14,71,38,64.77,57,31,57.77,119,87,47.81,284,310,47.34,160,178,42.21,103,141,39.22,60,93,2018,Regular,From
WSH,71,89,52.58,50.00,7,7,55.56,15,12,54.39,31,26,51.35,57,54,56.36,31,24,51.52,17,16,45.00,9,11,WSH,71,89,47.18,59.66,142,96,59.22,122,84,52.29,263,240,44.69,518,641,44.43,271,339,40.18,133,198,33.54,54,107,WSH,71,89,46.87,51.96,53,49,48.81,41,43,49.19,122,126,48.27,279,299,39.81,127,192,47.02,79,89,40.00,28,42,WSH,71,89,51.34,68.00,85,40,60.98,75,48,59.50,166,113,50.67,301,293,44.35,161,202,39.04,73,114,34.67,26,49,2018,Regular,From
ANA,70,80,51.35,60.00,9,6,60.00,15,10,45.28,24,29,49.00,49,51,57.45,27,20,54.84,17,14,41.18,7,10,ANA,70,80,48.26,61.82,68,42,57.49,142,105,53.70,283,244,48.15,560,603,41.98,280,387,39.78,146,221,41.92,96,133,ANA,70,80,48.86,51.67,31,29,53.85,63,54,56.76,126,96,47.45,242,268,44.48,157,196,40.96,68,98,46.30,50,58,ANA,70,80,48.62,71.43,40,16,61.88,99,61,56.43,158,122,46.82,280,318,40.23,142,211,41.52,71,100,30.69,31,70,2018,Regular,From
ARI,70,57,43.48,50.00,11,11,47.22,17,19,43.08,28,37,41.96,47,65,34.78,16,30,42.86,6,8,71.43,5,2,ARI,70,57,47.39,54.22,135,114,52.82,187,167,52.80,340,304,47.34,622,692,42.12,238,327,40.77,53,77,43.90,36,46,ARI,70,57,45.31,51.75,59,55,46.75,72,82,55.03,164,134,44.82,303,373,39.19,107,166,42.59,23,31,34.55,19,36,ARI,70,57,51.77,60.34,70,46,58.33,112,80,54.60,196,163,51.66,358,335,48.80,163,171,49.30,35,36,45.71,32,38,2018,Regular,From
BOS,70,98,57.19,60.00,6,4,61.54,16,10,51.79,29,27,54.90,56,46,57.41,31,23,69.70,23,10,56.52,13,10,BOS,70,98,53.50,66.90,95,47,58.25,166,119,58.52,261,185,51.62,670,628,48.60,277,293,49.80,122,123,51.89,137,127,BOS,70,98,53.59,57.45,27,20,63.96,71,40,61.62,122,76,51.22,272,259,46.88,120,136,51.16,66,63,47.79,65,71,BOS,70,98,54.59,64.47,49,27,66.14,84,43,62.67,141,84,52.66,327,294,45.60,145,173,48.80,61,64,46.75,72,82,2018,Regular,From
BUF,70,56,41.27,48.57,17,18,34.21,13,25,38.33,23,37,40.40,40,59,52.38,22,20,28.57,4,10,16.67,1,5,BUF,70,56,47.16,54.26,153,129,55.49,187,150,50.42,359,353,47.67,594,652,44.25,227,286,38.55,64,102,26.03,19,54,BUF,70,56,45.46,55.56,65,52,50.00,65,65,50.00,159,159,46.01,202,237,43.78,81,104,29.23,19,46,30.00,9,21,BUF,70,56,45.57,53.03,70,62,54.41,74,62,60.17,210,139,43.10,228,301,36.04,80,142,32.56,28,58,31.58,12,26,2018,Regular,From
CAR,70,71,44.87,31.82,7,15,40.00,10,15,48.33,29,31,45.37,49,59,47.54,29,32,47.83,11,12,36.36,4,7,CAR,70,71,54.24,52.57,133,120,62.18,171,104,61.69,343,213,54.17,728,616,50.09,288,287,46.58,109,125,48.02,85,92,CAR,70,71,52.66,48.76,59,62,46.77,58,66,64.37,168,93,55.37,340,274,46.72,114,130,47.87,45,49,37.31,25,42,CAR,70,71,57.53,68.07,81,38,73.17,90,33,64.47,205,113,56.93,411,311,47.54,135,149,50.41,61,60,46.05,35,41,2018,Regular,From
CBJ,70,79,51.38,56.25,9,7,42.86,12,16,50.00,27,27,53.77,57,49,50.00,29,29,56.00,14,11,46.15,6,7,CBJ,70,79,52.63,50.81,63,61,63.10,236,138,60.88,333,214,52.35,736,670,44.82,316,389,45.90,123,145,48.09,88,95,CBJ,70,79,53.44,65.63,42,22,59.03,85,59,60.91,134,86,52.27,288,263,48.26,125,134,44.64,50,62,48.10,38,41,CBJ,70,79,48.28,59.62,31,21,59.54,103,70,54.98,160,131,50.15,327,325,35.87,118,211,32.35,44,92,45.63,47,56,2018,Regular,From
CGY,70,78,49.63,53.33,8,7,39.13,9,14,55.17,32,26,50.93,55,53,42.11,24,33,57.69,15,11,45.45,5,6,CGY,70,78,52.06,64.38,94,52,56.40,141,109,51.55,282,265,52.27,749,684,48.21,297,319,48.20,134,144,52.27,69,63,CGY,70,78,53.87,63.64,56,32,61.54,72,45,54.89,129,106,53.52,365,317,48.28,140,150,51.75,59,55,54.39,31,26,CGY,70,78,54.88,75.64,59,19,65.43,106,56,58.97,171,119,53.91,400,342,48.20,147,158,49.14,57,59,40.98,25,36,2018,Regular,From
CHI,70,68,49.36,50.00,17,17,33.33,9,18,36.36,16,28,54.46,55,46,45.45,25,30,56.00,14,11,69.23,18,8,CHI,70,68,51.62,61.56,205,128,63.67,177,101,52.71,253,227,49.12,669,693,49.02,299,311,45.08,110,134,49.16,117,121,CHI,70,68,51.22,68.06,98,46,56.25,72,56,60.74,99,64,47.99,251,272,50.00,110,110,39.53,34,52,36.73,36,62,CHI,70,68,58.06,75.38,150,49,67.63,117,56,60.59,163,106,56.52,412,317,53.64,177,153,45.61,52,62,47.44,74,82,2018,Regular,From
COL,70,84,51.34,50.00,12,12,44.00,11,14,41.30,19,27,55.00,55,45,53.97,34,29,51.72,15,14,58.33,14,10,COL,70,84,46.92,57.14,76,57,58.29,116,83,53.25,262,230,45.52,538,644,44.29,318,400,32.70,86,177,39.79,76,115,COL,70,84,46.17,43.42,33,43,55.26,42,34,48.10,101,109,43.80,219,281,48.11,127,137,41.32,50,71,42.53,37,50,COL,70,84,49.53,50.57,44,43,63.73,65,37,52.33,146,133,49.84,317,319,49.45,181,185,30.77,40,90,34.95,36,67,2018,Regular,From
DAL,70,82,53.41,56.25,9,7,28.57,6,15,54.35,25,21,50.00,48,48,54.55,30,25,61.90,13,8,75.00,18,6,DAL,70,82,52.00,61.02,144,92,58.77,124,87,57.17,311,233,52.39,635,577,44.36,248,311,39.84,51,77,49.22,126,130,DAL,70,82,52.12,60.67,54,35,60.81,45,29,54.88,135,111,51.26,244,232,51.61,112,105,42.19,27,37,43.31,55,72,DAL,70,82,50.97,57.03,73,55,61.72,79,49,57.68,184,135,50.77,364,353,46.48,152,175,25.64,20,58,44.10,71,90,2018,Regular,From
DET,70,63,45.53,29.41,5,12,51.43,18,17,42.19,27,37,43.62,41,53,48.21,27,29,57.89,11,8,42.86,3,4,DET,70,63,48.47,55.80,101,80,54.13,164,139,51.66,357,334,48.52,608,645,43.38,203,265,46.98,140,158,39.67,48,73,DET,70,63,50.35,59.26,48,33,44.27,58,73,52.45,150,136,52.74,260,233,45.71,96,114,51.54,67,63,43.14,22,29,DET,70,63,46.40,62.77,59,35,53.19,75,66,54.80,194,160,47.12,254,285,34.89,82,153,36.23,50,88,33.33,18,36,2018,Regular,From
EDM,70,65,48.77,44.44,8,10,57.58,19,14,44.78,30,37,49.04,51,53,49.09,27,28,42.86,12,16,55.56,10,8,EDM,70,65,50.70,57.44,166,123,54.50,200,167,53.26,409,359,50.41,672,661,51.09,211,202,45.98,103,121,46.75,72,82,EDM,70,65,52.38,58.12,68,49,52.70,78,70,56.87,178,135,54.00,290,247,43.86,75,96,47.06,40,45,55.88,38,30,EDM,70,65,48.42,64.24,97,54,56.02,107,84,50.24,211,209,51.30,355,337,44.14,98,124,32.14,45,95,35.53,27,49,2018,Regular,From
FLA,70,79,48.07,26.67,4,11,56.67,17,13,51.61,32,30,50.00,54,54,42.86,27,36,53.57,15,13,36.84,7,12,FLA,70,79,50.19,49.24,65,67,60.63,154,100,58.63,435,307,50.43,697,685,44.58,288,358,39.16,103,160,36.05,62,110,FLA,70,79,50.77,60.87,28,18,63.64,70,40,56.55,164,126,50.10,250,249,44.77,124,153,38.66,46,73,46.43,26,30,FLA,70,79,47.18,66.18,45,23,58.10,61,44,56.67,187,143,43.84,260,333,37.25,111,187,43.44,53,69,40.85,29,42,2018,Regular,From
L.A,70,82,53.66,63.16,12,7,55.17,16,13,48.39,30,32,44.66,46,57,61.70,29,18,75.00,15,5,66.67,8,4,L.A,70,82,49.21,47.85,100,109,55.21,175,142,53.58,352,305,51.56,595,559,45.60,233,278,36.61,93,161,44.38,79,99,L.A,70,82,48.77,64.56,51,28,50.77,66,64,51.07,167,160,52.02,283,261,44.39,91,114,34.58,37,70,36.00,27,48,L.A,70,82,50.55,57.58,57,42,48.73,77,81,58.28,190,136,52.56,328,296,52.01,142,131,32.03,41,87,30.77,28,63,2018,Regular,From
MIN,70,85,52.77,40.00,8,12,50.00,12,12,45.10,23,28,52.04,51,47,59.65,34,23,69.70,23,10,48.28,14,15,MIN,70,85,49.80,49.32,73,75,60.34,140,92,55.31,271,219,48.10,571,616,46.98,319,360,40.96,111,160,47.58,118,130,MIN,70,85,45.29,52.94,27,24,55.13,43,35,55.29,115,93,40.86,190,275,40.07,107,160,40.83,49,71,42.02,50,69,MIN,70,85,45.16,53.42,39,34,56.12,55,43,52.61,131,118,44.02,265,337,38.46,130,208,35.06,54,100,35.29,48,88,2018,Regular,From
MTL,70,64,44.99,41.67,10,14,27.59,8,21,42.86,21,28,45.36,44,53,47.92,23,25,57.14,12,9,61.54,8,5,MTL,70,64,51.46,61.44,188,118,59.73,175,118,54.29,329,277,50.07,704,702,47.39,200,222,48.77,159,167,41.18,35,50,MTL,70,64,49.44,60.31,79,52,62.07,72,44,50.00,104,104,49.17,268,277,49.47,94,96,39.85,53,80,25.58,11,32,MTL,70,64,50.06,58.08,97,70,63.35,121,70,56.15,178,139,51.86,404,375,36.76,100,172,45.37,93,112,22.95,14,47,2018,Regular,From
N.J,70,80,49.06,58.33,7,5,48.39,15,16,48.33,29,31,49.57,57,58,44.83,26,32,54.55,12,10,46.67,7,8,N.J,70,80,49.83,53.85,70,60,52.08,125,115,55.76,392,311,50.78,619,600,45.89,285,336,38.61,78,124,42.86,84,112,N.J,70,80,48.06,58.33,35,25,57.27,63,47,53.40,157,137,43.84,217,278,46.34,133,154,37.78,34,56,51.25,41,39,N.J,70,80,46.86,68.00,51,24,47.11,57,64,55.66,177,141,47.17,275,308,40.28,116,172,33.94,37,72,30.68,27,61,2018,Regular,From
NSH,70,102,56.78,40.00,2,3,75.00,12,4,59.62,31,21,58.70,54,38,59.38,38,26,43.75,14,18,47.83,11,12,NSH,70,102,51.05,50.55,46,45,55.17,80,65,59.44,299,204,51.56,659,619,43.65,316,408,43.60,150,194,46.79,146,166,NSH,70,102,54.95,69.77,30,13,68.66,46,21,58.65,122,86,59.08,309,214,44.26,131,165,46.56,61,70,40.68,48,70,NSH,70,102,52.87,67.44,29,14,59.77,52,35,61.48,166,104,53.04,332,294,42.39,167,227,42.13,75,103,45.75,70,83,2018,Regular,From
NYI,70,70,47.89,53.85,14,12,43.75,14,18,44.93,31,38,46.28,56,65,49.18,30,31,60.00,18,12,44.00,11,14,NYI,70,70,46.45,50.81,156,151,45.37,147,177,53.92,344,294,47.73,526,576,40.06,250,374,40.78,104,151,42.63,107,144,NYI,70,70,46.50,46.15,60,70,59.49,94,64,46.97,124,140,46.73,200,228,43.78,95,122,39.81,41,62,43.69,45,58,NYI,70,70,49.57,63.64,105,60,57.38,105,78,56.51,191,147,49.55,278,283,41.33,124,176,39.46,58,89,37.93,44,72,2018,Regular,From
NYR,70,69,46.70,52.94,9,8,44.74,17,21,45.21,33,40,45.38,54,65,45.61,26,31,55.00,11,9,50.00,3,3,NYR,70,69,46.18,49.53,106,108,54.95,211,173,50.37,405,399,47.01,598,674,38.14,222,360,41.96,94,130,48.00,36,39,NYR,70,69,46.40,47.56,39,43,58.55,89,63,50.37,136,134,45.28,211,255,39.91,93,140,48.51,49,52,34.48,10,19,NYR,70,69,43.15,42.72,44,59,57.71,101,74,50.88,174,168,43.91,263,336,34.81,102,191,37.10,46,78,15.38,6,33,2018,Regular,From
OTT,70,63,45.70,69.57,16,7,24.24,8,25,49.23,32,33,45.95,51,60,47.37,27,30,43.33,13,17,33.33,4,8,OTT,70,63,47.26,50.00,119,119,47.79,130,142,53.03,403,357,47.67,582,639,45.64,241,287,36.95,92,157,45.00,45,55,OTT,70,63,47.02,54.35,50,42,56.00,70,55,51.52,169,159,48.71,264,278,41.15,93,133,35.78,39,70,29.55,13,31,OTT,70,63,45.04,63.16,72,42,60.19,127,84,56.19,236,184,41.91,285,395,33.33,98,196,33.06,40,81,31.03,18,40,2018,Regular,From
PHI,70,81,52.39,69.23,9,4,34.62,9,17,53.19,25,22,56.31,58,45,50.00,31,31,58.33,14,10,41.18,7,10,PHI,70,81,50.29,54.07,93,79,57.79,152,111,55.89,242,191,49.96,698,699,45.37,255,307,44.05,137,174,44.88,57,70,PHI,70,81,47.84,62.50,40,24,52.29,57,52,50.60,85,83,48.95,304,317,41.63,97,136,40.68,48,70,35.85,19,34,PHI,70,81,49.05,65.26,62,33,60.90,81,52,59.39,136,93,48.31,344,368,37.16,110,186,43.75,56,72,30.65,19,43,2018,Regular,From
PIT,70,84,49.62,28.57,6,15,53.85,14,12,49.23,32,33,50.96,53,51,51.61,32,30,51.52,17,16,53.33,8,7,PIT,70,84,53.19,53.30,121,106,58.91,152,106,55.77,348,276,54.88,691,568,47.34,258,287,53.82,148,127,44.40,111,139,PIT,70,84,51.77,59.57,56,38,56.14,64,50,54.62,136,113,49.58,237,241,46.95,100,113,56.35,71,55,47.56,39,43,PIT,70,84,50.00,47.06,56,63,61.65,82,51,57.10,173,130,50.08,312,311,45.45,125,150,40.12,65,97,41.75,43,60,2018,Regular,From
S.J,70,85,48.26,45.45,5,6,56.67,17,13,46.55,27,31,44.76,47,58,46.43,26,30,62.07,18,11,43.75,7,9,S.J,70,85,51.92,51.91,68,63,64.43,125,69,54.58,429,357,54.49,631,527,48.13,257,277,36.50,123,214,49.50,99,101,S.J,70,85,53.81,59.32,35,24,55.34,57,46,57.78,182,133,55.03,290,237,50.20,127,126,50.72,70,68,38.75,31,49,S.J,70,85,49.17,53.16,42,37,63.24,86,50,55.00,242,198,49.12,336,348,45.26,148,179,39.71,81,123,29.66,35,83,2018,Regular,From
STL,70,79,52.10,52.63,10,9,30.77,8,18,40.48,17,25,56.82,50,38,59.32,35,24,59.38,19,13,52.00,13,12,STL,70,79,52.06,52.17,120,110,57.78,156,114,53.25,254,223,53.67,658,568,49.92,325,326,41.88,116,161,48.48,96,102,STL,70,79,53.96,63.16,60,35,62.75,64,38,54.67,117,97,55.90,256,202,46.32,132,153,44.72,55,68,58.33,35,25,STL,70,79,48.03,53.72,65,56,47.50,57,63,52.29,137,125,47.90,331,360,46.11,160,187,40.13,63,94,39.18,38,59,2018,Regular,From
T.B,70,100,56.81,66.67,8,4,42.31,11,15,60.00,33,22,56.04,51,40,63.64,42,24,57.45,27,20,48.15,13,14,T.B,70,100,50.21,53.90,76,65,50.81,94,91,59.07,280,194,51.92,635,588,43.00,255,338,40.55,193,283,44.51,142,177,T.B,70,100,55.62,58.00,29,21,65.88,56,29,56.94,119,90,57.54,267,197,54.37,137,115,44.79,86,106,45.31,58,70,T.B,70,100,54.08,59.38,38,26,63.04,58,34,56.12,133,104,53.32,329,288,50.15,164,163,45.45,95,114,45.39,64,77,2018,Regular,From
TOR,70,89,52.55,90.00,9,1,51.43,18,17,48.15,26,28,53.40,55,48,51.61,32,30,55.56,25,20,45.16,14,17,TOR,70,89,48.15,64.49,69,38,61.14,225,143,54.88,270,222,43.99,593,755,42.78,240,321,41.98,144,199,46.75,144,164,TOR,70,89,49.69,55.10,27,22,57.23,91,68,59.31,137,94,48.93,298,311,41.56,96,135,41.60,52,73,42.96,61,81,TOR,70,89,55.01,53.33,32,28,66.48,117,59,64.71,154,84,55.10,373,304,44.53,122,152,45.51,81,97,45.22,71,86,2018,Regular,From
VAN,70,59,44.66,44.44,8,10,29.41,10,24,48.33,29,31,42.86,45,60,45.00,18,22,61.90,13,8,46.15,6,7,VAN,70,59,47.37,50.00,103,103,56.48,244,188,55.51,383,307,46.11,486,568,39.41,188,289,40.27,91,135,43.23,83,109,VAN,70,59,46.43,53.75,43,37,47.75,85,93,50.19,133,132,50.75,236,229,42.86,78,104,36.90,31,53,28.89,26,64,VAN,70,59,47.75,58.82,50,35,59.42,123,84,55.71,205,163,48.49,241,256,39.91,87,131,32.76,38,78,30.61,30,68,2018,Regular,From
VGK,70,95,54.38,46.15,6,7,26.32,5,14,66.67,36,18,57.14,64,48,52.78,38,34,56.41,22,17,45.00,9,11,VGK,70,95,52.10,53.19,50,44,67.23,119,58,55.43,301,242,53.34,703,615,45.44,294,353,46.39,135,156,42.66,122,164,VGK,70,95,50.98,48.84,21,22,58.82,50,35,58.14,150,108,50.09,271,270,46.64,125,143,45.38,54,65,42.28,52,71,VGK,70,95,52.89,54.35,25,21,70.43,81,34,59.93,175,117,53.43,335,292,43.02,148,196,40.70,70,102,42.58,66,89,2018,Regular,From
WPG,70,92,54.24,37.50,6,10,46.67,7,8,48.94,23,24,59.14,55,38,61.67,37,23,48.78,20,21,57.14,16,12,WPG,70,92,51.59,53.96,109,93,59.63,130,88,55.81,216,171,50.70,543,528,46.98,334,377,49.38,198,203,43.66,117,151,WPG,70,92,51.97,67.50,54,26,55.00,44,36,51.46,88,83,45.75,210,249,51.82,157,146,53.37,95,83,49.53,53,54,WPG,70,92,51.31,65.14,71,38,64.77,57,31,57.56,118,87,47.81,284,310,47.02,158,178,42.56,103,139,39.57,55,84,2018,Regular,From
WSH,70,87,52.20,50.00,7,7,55.56,15,12,54.39,31,26,51.35,57,54,55.56,30,24,50.00,16,16,42.11,8,11,WSH,70,87,47.03,59.66,142,96,59.22,122,84,52.29,263,240,44.57,513,638,44.15,264,334,40.30,133,197,31.33,47,103,WSH,70,87,46.73,51.96,53,49,48.81,41,43,49.19,122,126,48.17,277,298,39.74,122,185,46.99,78,88,37.10,23,39,WSH,70,87,51.62,68.00,85,40,60.98,75,48,59.50,166,113,51.11,300,287,44.13,158,200,39.46,73,112,36.23,25,44,2018,Regular,From
ANA,69,80,51.61,60.00,9,6,56.52,13,10,48.00,24,26,49.49,49,50,57.45,27,20,54.84,17,14,41.18,7,10,ANA,69,80,48.27,61.82,68,42,56.17,132,103,54.14,281,238,48.21,553,594,41.98,280,387,39.78,146,221,41.92,96,133,ANA,69,80,48.79,51.67,31,29,53.51,61,53,56.81,121,92,47.31,237,264,44.48,157,196,40.96,68,98,46.30,50,58,ANA,69,80,48.41,71.43,40,16,59.73,89,60,56.88,153,116,46.61,275,315,40.23,142,211,41.52,71,100,30.69,31,70,2018,Regular,From
ARI,69,57,43.45,50.00,11,11,47.22,17,19,43.08,28,37,41.28,45,64,36.36,16,28,42.86,6,8,71.43,5,2,ARI,69,57,47.45,54.22,135,114,52.82,187,167,52.84,335,299,47.36,609,677,42.17,237,325,40.77,53,77,43.90,36,46,ARI,69,57,45.12,51.75,59,55,46.75,72,82,54.92,162,133,44.48,294,367,38.89,105,165,42.59,23,31,34.55,19,36,ARI,69,57,51.75,60.34,70,46,58.33,112,80,54.08,192,163,52.02,348,321,48.49,161,171,49.30,35,36,45.71,32,38,2018,Regular,From
BOS,69,96,57.00,60.00,6,4,61.54,16,10,51.79,29,27,54.46,55,46,57.41,31,23,69.70,23,10,56.52,13,10,BOS,69,96,53.48,66.90,95,47,58.25,166,119,58.52,261,185,51.58,669,628,48.50,274,291,49.12,112,116,53.04,131,116,BOS,69,96,53.92,57.45,27,20,63.96,71,40,61.62,122,76,51.23,271,258,47.41,119,132,51.69,61,57,50.00,63,63,BOS,69,96,54.76,64.47,49,27,66.14,84,43,62.67,141,84,52.75,326,292,45.43,144,173,49.17,59,61,48.95,70,73,2018,Regular,From
BUF,69,56,41.70,48.57,17,18,35.14,13,24,39.66,23,35,40.82,40,58,52.38,22,20,28.57,4,10,16.67,1,5,BUF,69,56,47.34,54.29,152,128,56.38,168,130,50.86,355,343,47.63,592,651,44.25,227,286,38.55,64,102,26.03,19,54,BUF,69,56,45.39,55.56,65,52,47.86,56,61,50.32,159,157,46.01,202,237,43.78,81,104,29.23,19,46,30.00,9,21,BUF,69,56,45.35,53.13,68,60,51.97,66,61,60.58,209,136,42.75,224,300,36.04,80,142,32.56,28,58,31.58,12,26,2018,Regular,From
CAR,69,71,45.35,31.82,7,15,40.00,10,15,49.15,29,30,45.79,49,58,47.46,28,31,50.00,11,11,40.00,4,6,CAR,69,71,54.27,52.57,133,120,62.18,171,104,62.03,343,210,54.16,709,600,49.82,284,286,46.35,108,125,48.26,83,89,CAR,69,71,52.29,48.76,59,62,46.34,57,66,64.23,167,93,54.71,331,274,46.69,113,129,47.87,45,49,35.48,22,40,CAR,69,71,57.42,68.07,81,38,73.17,90,33,64.67,205,112,56.76,399,304,47.16,133,149,50.41,61,60,45.59,31,37,2018,Regular,From
CBJ,69,77,51.18,56.25,9,7,42.86,12,16,49.06,26,27,54.29,57,48,50.00,29,29,52.17,12,11,50.00,6,6,CBJ,69,77,52.74,50.81,63,61,63.10,236,138,61.10,333,212,52.32,734,669,44.73,314,388,47.68,113,124,47.40,82,91,CBJ,69,77,53.59,65.63,42,22,59.03,85,59,60.91,134,86,52.27,288,263,48.24,123,132,47.06,48,54,47.22,34,38,CBJ,69,77,48.39,59.62,31,21,59.54,103,70,54.98,160,131,50.31,327,323,35.49,115,209,34.13,43,83,45.74,43,51,2018,Regular,From
CGY,69,78,50.00,50.00,7,7,40.00,8,12,57.14,32,24,51.40,55,52,42.11,24,33,57.69,15,11,45.45,5,6,CGY,69,78,51.97,64.71,77,42,55.46,127,102,51.30,277,263,52.30,749,683,48.21,297,319,48.20,134,144,52.27,69,63,CGY,69,78,53.71,60.27,44,29,61.68,66,41,54.89,129,106,53.53,364,316,48.28,140,150,51.75,59,55,54.39,31,26,CGY,69,78,54.95,76.12,51,16,66.21,96,49,59.23,170,117,53.91,400,342,48.20,147,158,49.14,57,59,40.98,25,36,2018,Regular,From
CHI,69,66,49.29,50.00,17,17,33.33,9,18,36.36,16,28,54.46,55,46,45.28,24,29,56.00,14,11,69.23,18,8,CHI,69,66,51.66,61.56,205,128,63.67,177,101,52.71,253,227,49.30,665,684,48.85,277,290,44.86,109,134,49.16,117,121,CHI,69,66,51.40,68.06,98,46,56.25,72,56,60.74,99,64,48.16,249,268,50.48,105,103,40.00,34,51,36.73,36,62,CHI,69,66,58.11,75.38,150,49,67.63,117,56,60.59,163,106,56.31,406,315,54.43,166,139,46.02,52,61,47.44,74,82,2018,Regular,From
COL,69,82,50.85,50.00,12,12,44.00,11,14,41.30,19,27,54.55,54,45,52.46,32,29,51.85,14,13,58.33,14,10,COL,69,82,47.13,57.14,76,57,58.29,116,83,53.25,262,230,45.57,535,639,44.51,316,394,33.03,73,148,39.79,76,115,COL,69,82,46.52,43.42,33,43,55.26,42,34,48.10,101,109,43.75,217,279,48.82,124,130,44.55,49,61,42.53,37,50,COL,69,82,49.53,50.57,44,43,63.73,65,37,52.33,146,133,49.84,316,318,49.31,178,183,30.43,35,80,34.95,36,67,2018,Regular,From
DAL,69,82,53.37,56.25,9,7,28.57,6,15,54.35,25,21,49.47,47,48,55.56,30,24,61.90,13,8,75.00,18,6,DAL,69,82,51.89,61.02,144,92,59.30,118,81,56.72,304,232,52.23,622,569,44.20,244,308,39.84,51,77,49.22,126,130,DAL,69,82,52.21,60.67,54,35,61.76,42,26,54.73,133,110,51.50,241,227,51.39,111,105,42.19,27,37,43.31,55,72,DAL,69,82,51.03,57.03,73,55,62.07,72,44,57.19,179,134,50.92,358,345,46.91,152,172,25.64,20,58,44.10,71,90,2018,Regular,From
DET,69,63,45.74,29.41,5,12,51.43,18,17,42.86,27,36,44.09,41,52,48.21,27,29,57.89,11,8,42.86,3,4,DET,69,63,48.46,55.56,100,80,54.13,164,139,51.35,343,325,48.59,605,640,43.38,203,265,46.98,140,158,39.67,48,73,DET,69,63,50.40,58.75,47,33,44.27,58,73,52.17,144,132,53.09,258,228,45.71,96,114,51.54,67,63,43.14,22,29,DET,69,63,46.34,62.77,59,35,53.19,75,66,54.79,183,151,47.00,251,283,34.89,82,153,36.23,50,88,33.33,18,36,2018,Regular,From
EDM,69,64,48.68,44.44,8,10,57.58,19,14,44.78,30,37,48.00,48,52,50.94,27,26,42.86,12,16,55.56,10,8,EDM,69,64,50.87,57.44,166,123,54.50,200,167,53.26,409,359,50.66,656,639,51.76,206,192,45.98,103,121,46.75,72,82,EDM,69,64,52.60,58.12,68,49,52.70,78,70,56.87,178,135,54.42,283,237,44.24,73,92,47.06,40,45,55.88,38,30,EDM,69,64,48.33,64.24,97,54,56.02,107,84,50.24,211,209,51.18,346,330,43.98,95,121,32.14,45,95,35.53,27,49,2018,Regular,From
FLA,69,77,47.68,26.67,4,11,56.67,17,13,51.61,32,30,49.53,53,54,41.94,26,36,53.57,15,13,36.84,7,12,FLA,69,77,49.94,49.24,65,67,60.63,154,100,58.63,435,307,50.55,693,678,43.18,269,354,37.94,96,157,36.05,62,110,FLA,69,77,50.52,60.87,28,18,63.64,70,40,56.55,164,126,49.80,245,247,43.61,116,150,39.13,45,70,46.43,26,30,FLA,69,77,46.73,66.18,45,23,58.10,61,44,56.67,187,143,44.10,258,327,35.99,104,185,39.29,44,68,40.85,29,42,2018,Regular,From
L.A,69,81,53.78,61.11,11,7,57.14,16,12,48.33,29,31,45.10,46,56,61.70,29,18,75.00,15,5,66.67,8,4,L.A,69,81,49.16,48.08,100,108,55.48,162,130,53.49,345,300,51.27,585,556,45.60,233,278,36.61,93,161,44.38,79,99,L.A,69,81,48.80,64.56,51,28,52.50,63,57,50.62,163,159,51.85,280,260,44.39,91,114,34.58,37,70,36.00,27,48,L.A,69,81,50.99,57.58,57,42,51.45,71,67,59.18,187,129,52.34,324,295,52.01,142,131,32.03,41,87,30.77,28,63,2018,Regular,From
MIN,69,85,53.07,40.00,8,12,50.00,12,12,44.90,22,27,53.13,51,45,59.65,34,23,69.70,23,10,48.28,14,15,MIN,69,85,49.67,48.61,70,74,60.43,139,91,54.82,256,211,47.91,563,612,46.98,319,360,40.96,111,160,47.58,118,130,MIN,69,85,45.24,53.06,26,23,54.67,41,34,55.28,110,89,40.79,186,270,40.07,107,160,40.83,49,71,42.02,50,69,MIN,69,85,45.27,52.78,38,34,56.25,54,42,53.45,124,108,44.05,263,334,38.46,130,208,35.06,54,100,35.29,48,88,2018,Regular,From
MTL,69,62,44.86,41.67,10,14,27.59,8,21,41.67,20,28,45.83,44,52,47.92,23,25,57.14,12,9,61.54,8,5,MTL,69,62,51.66,61.44,188,118,59.73,175,118,54.42,326,273,50.25,696,689,48.07,199,215,48.73,153,161,41.18,35,50,MTL,69,62,49.41,60.31,79,52,62.07,72,44,50.24,104,103,48.98,263,274,49.73,93,94,39.37,50,77,25.58,11,32,MTL,69,62,50.03,58.08,97,70,63.35,121,70,55.73,175,139,51.76,396,369,37.22,99,167,45.60,88,105,22.95,14,47,2018,Regular,From
N.J,69,78,48.16,58.33,7,5,48.39,15,16,48.33,29,31,49.57,57,58,43.86,25,32,50.00,10,10,36.36,4,7,N.J,69,78,49.93,53.85,70,60,52.08,125,115,55.76,392,311,50.78,617,598,45.89,285,336,38.92,72,113,43.27,74,97,N.J,69,78,47.83,58.33,35,25,57.27,63,47,53.40,157,137,43.90,216,276,46.50,133,153,38.37,33,53,46.15,30,35,N.J,69,78,46.96,68.00,51,24,47.11,57,64,55.66,177,141,47.50,275,304,40.28,116,172,33.67,33,65,29.87,23,54,2018,Regular,From
NSH,69,100,56.67,40.00,2,3,75.00,12,4,58.00,29,21,59.55,53,36,59.38,38,26,43.75,14,18,47.83,11,12,NSH,69,100,51.02,50.55,46,45,55.17,80,65,59.40,297,203,51.52,644,606,43.56,311,403,43.60,150,194,46.79,146,166,NSH,69,100,55.22,69.77,30,13,68.66,46,21,59.02,121,84,59.65,303,205,44.37,130,163,46.56,61,70,40.68,48,70,NSH,69,100,52.96,67.44,29,14,59.77,52,35,61.94,166,102,52.82,318,284,42.82,167,223,42.13,75,103,45.75,70,83,2018,Regular,From
NYI,69,70,48.19,56.52,13,10,43.75,14,18,44.78,30,37,46.61,55,63,50.00,30,30,60.00,18,12,44.00,11,14,NYI,69,70,46.32,49.82,142,143,44.86,144,177,53.92,344,294,47.76,523,572,39.81,246,372,40.78,104,151,42.63,107,144,NYI,69,70,46.23,43.80,53,68,59.49,94,64,47.15,124,139,46.59,198,227,42.99,92,122,39.81,41,62,43.69,45,58,NYI,69,70,49.48,62.09,95,58,57.78,104,76,56.51,191,147,49.55,275,280,41.41,123,174,39.46,58,89,37.93,44,72,2018,Regular,From
NYR,69,67,46.10,52.94,9,8,44.74,17,21,45.21,33,40,43.97,51,65,46.30,25,29,52.63,10,9,50.00,3,3,NYR,69,67,46.34,49.53,106,108,54.95,211,173,50.37,405,399,46.93,589,666,38.81,215,339,42.53,94,127,48.00,36,39,NYR,69,67,46.33,47.56,39,43,58.55,89,63,50.37,136,134,45.08,206,251,39.64,88,134,48.51,49,52,34.48,10,19,NYR,69,67,43.52,42.72,44,59,57.71,101,74,50.88,174,168,44.18,262,331,36.06,97,172,37.70,46,76,15.38,6,33,2018,Regular,From
OTT,69,61,45.44,69.57,16,7,24.24,8,25,49.23,32,33,44.95,49,60,48.21,27,29,43.33,13,17,33.33,4,8,OTT,69,61,47.31,50.00,119,119,47.79,130,142,53.04,393,348,47.62,571,628,45.90,241,284,36.95,92,157,45.00,45,55,OTT,69,61,47.19,54.35,50,42,56.00,70,55,51.42,163,154,49.24,260,268,41.15,93,133,35.78,39,70,29.55,13,31,OTT,69,61,45.06,63.16,72,42,60.19,127,84,56.69,233,178,41.65,277,388,33.33,98,196,33.06,40,81,31.03,18,40,2018,Regular,From
PHI,69,81,52.34,69.23,9,4,34.62,9,17,52.17,24,22,56.86,58,44,50.00,31,31,58.33,14,10,41.18,7,10,PHI,69,81,50.15,54.07,93,79,57.79,152,111,55.00,231,189,49.85,679,683,45.37,255,307,44.05,137,174,44.88,57,70,PHI,69,81,47.80,62.50,40,24,52.29,57,52,50.63,81,79,48.85,297,311,41.63,97,136,40.68,48,70,35.85,19,34,PHI,69,81,49.06,65.26,62,33,60.90,81,52,59.63,130,88,48.29,338,362,37.16,110,186,43.75,56,72,30.65,19,43,2018,Regular,From
PIT,69,82,49.25,28.57,6,15,53.85,14,12,49.23,32,33,50.96,53,51,50.00,30,30,51.52,17,16,53.33,8,7,PIT,69,82,53.08,53.30,121,106,58.91,152,106,55.77,348,276,54.99,689,564,46.77,246,280,52.99,142,126,44.40,111,139,PIT,69,82,51.76,59.57,56,38,56.14,64,50,54.62,136,113,49.58,237,241,47.09,97,109,56.10,69,54,47.56,39,43,PIT,69,82,49.96,47.06,56,63,61.65,82,51,57.10,173,130,50.08,309,308,46.01,121,142,38.85,61,96,41.75,43,60,2018,Regular,From
S.J,69,83,48.15,45.45,5,6,56.67,17,13,44.64,25,31,45.54,46,55,46.43,26,30,62.07,18,11,43.75,7,9,S.J,69,83,51.83,51.91,68,63,64.43,125,69,54.35,419,352,54.38,609,511,48.13,257,277,36.50,123,214,49.50,99,101,S.J,69,83,53.73,59.32,35,24,55.34,57,46,57.61,178,131,54.90,280,230,50.20,127,126,50.72,70,68,38.75,31,49,S.J,69,83,49.22,53.16,42,37,63.24,86,50,55.07,239,195,49.25,329,339,45.26,148,179,39.71,81,123,29.66,35,83,2018,Regular,From
STL,69,79,52.57,52.63,10,9,29.17,7,17,42.50,17,23,57.47,50,37,59.32,35,24,59.38,19,13,52.00,13,12,STL,69,79,51.89,52.17,120,110,55.70,127,101,52.88,248,221,53.61,653,565,49.92,325,326,41.88,116,161,48.48,96,102,STL,69,79,53.64,63.16,60,35,59.34,54,37,53.92,110,94,55.95,254,200,46.32,132,153,44.72,55,68,58.33,35,25,STL,69,79,48.00,53.72,65,56,44.76,47,58,52.53,135,122,47.90,330,359,46.11,160,187,40.13,63,94,39.18,38,59,2018,Regular,From
T.B,69,100,57.36,70.00,7,3,45.83,11,13,61.11,33,21,55.56,50,40,64.62,42,23,57.45,27,20,48.15,13,14,T.B,69,100,50.17,53.91,69,59,48.75,78,82,59.19,277,191,51.81,629,585,43.08,252,333,40.55,193,283,44.51,142,177,T.B,69,100,55.42,54.55,24,20,66.25,53,27,56.73,118,90,57.48,265,196,54.00,135,115,44.79,86,106,45.31,58,70,T.B,69,100,54.06,59.32,35,24,62.96,51,30,56.12,133,104,53.32,329,288,50.00,163,163,45.45,95,114,45.39,64,77,2018,Regular,From
TOR,69,87,52.73,90.00,9,1,50.00,17,17,48.08,25,27,54.00,54,46,51.67,31,29,56.82,25,19,45.16,14,17,TOR,69,87,48.17,64.49,69,38,61.05,221,141,54.49,261,218,44.30,587,738,42.47,237,321,41.84,141,196,46.75,144,164,TOR,69,87,49.37,55.10,27,22,59.09,91,63,57.34,125,93,48.68,294,310,41.56,96,135,40.34,48,71,42.96,61,81,TOR,69,87,55.04,53.33,32,28,66.86,113,56,64.10,150,84,55.31,370,299,44.32,121,152,45.88,78,92,45.22,71,86,2018,Regular,From
VAN,69,59,45.02,44.44,8,10,30.30,10,23,49.15,29,30,43.27,45,59,45.00,18,22,61.90,13,8,46.15,6,7,VAN,69,59,47.38,50.25,99,98,56.72,232,177,55.31,375,303,46.08,482,564,39.41,188,289,40.27,91,135,43.23,83,109,VAN,69,59,46.60,53.16,42,37,47.93,81,88,50.97,132,127,50.77,232,225,42.86,78,104,36.90,31,53,28.89,26,64,VAN,69,59,47.85,57.83,48,35,60.29,123,81,56.39,203,157,48.16,235,253,39.91,87,131,32.76,38,78,30.61,30,68,2018,Regular,From
VGK,69,95,55.17,55.56,5,4,29.41,5,12,67.92,36,17,57.14,64,48,52.78,38,34,56.41,22,17,45.00,9,11,VGK,69,95,52.07,50.72,35,34,67.50,108,52,55.43,301,242,53.35,701,613,45.44,294,353,46.39,135,156,42.66,122,164,VGK,69,95,51.22,60.71,17,11,58.02,47,34,57.98,149,108,50.00,269,269,46.64,125,143,45.38,54,65,42.28,52,71,VGK,69,95,52.76,51.43,18,17,71.15,74,30,59.93,175,117,53.13,331,292,43.02,148,196,40.70,70,102,42.58,66,89,2018,Regular,From
WPG,69,92,54.38,37.50,6,10,46.67,7,8,48.94,23,24,59.78,55,37,61.67,37,23,48.78,20,21,57.14,16,12,WPG,69,92,51.84,54.97,94,77,60.41,119,78,56.73,215,164,50.70,543,528,46.98,334,377,49.38,198,203,43.66,117,151,WPG,69,92,51.85,64.79,46,25,55.41,41,33,51.76,88,82,45.75,210,249,51.82,157,146,53.37,95,83,49.53,53,54,WPG,69,92,51.17,64.89,61,33,63.64,49,28,57.35,117,87,47.81,284,310,47.02,158,178,42.56,103,139,39.57,55,84,2018,Regular,From
WSH,69,85,51.70,50.00,7,7,55.56,15,12,53.57,30,26,50.93,55,53,55.77,29,23,50.00,16,16,37.50,6,10,WSH,69,85,47.14,59.66,142,96,59.22,122,84,52.52,261,236,44.49,509,635,44.15,264,334,40.67,133,194,30.47,39,89,WSH,69,85,46.92,51.96,53,49,48.81,41,43,49.80,122,123,48.25,276,296,39.54,121,185,46.99,78,88,39.62,21,32,WSH,69,85,51.74,68.00,85,40,60.98,75,48,59.42,164,112,51.12,297,284,44.13,158,200,39.01,71,111,40.35,23,34,2018,Regular,From
ANA,68,80,51.51,60.00,9,6,56.52,13,10,48.00,24,26,48.98,48,50,57.45,27,20,54.84,17,14,41.18,7,10,ANA,68,80,48.36,61.82,68,42,56.17,132,103,53.89,277,237,48.45,546,581,42.07,268,369,39.78,146,221,41.92,96,133,ANA,68,80,48.84,51.67,31,29,53.51,61,53,56.60,120,92,47.48,236,261,44.61,153,190,40.96,68,98,46.30,50,58,ANA,68,80,48.44,71.43,40,16,59.73,89,60,56.23,149,116,46.68,267,305,40.42,135,199,41.52,71,100,30.69,31,70,2018,Regular,From
ARI,68,55,43.28,50.00,11,11,47.22,17,19,43.08,28,37,40.74,44,64,35.71,15,27,38.46,5,8,83.33,5,1,ARI,68,55,47.47,54.22,135,114,52.82,187,167,52.84,335,299,47.60,606,667,42.18,232,318,39.05,41,64,43.21,35,46,ARI,68,55,45.01,51.75,59,55,46.75,72,82,54.92,162,133,44.60,293,364,39.25,104,161,36.36,16,28,34.55,19,36,ARI,68,55,51.39,60.34,70,46,58.33,112,80,54.08,192,163,52.26,347,317,47.83,154,168,41.18,21,30,45.71,32,38,2018,Regular,From
BOS,68,96,57.42,60.00,6,4,61.54,16,10,52.73,29,26,55.00,55,45,57.41,31,23,69.70,23,10,56.52,13,10,BOS,68,96,53.36,65.81,77,40,57.53,149,110,58.52,261,185,51.59,665,624,48.50,274,291,49.12,112,116,53.04,131,116,BOS,68,96,53.79,57.45,27,20,63.00,63,37,61.62,122,76,51.23,270,257,47.41,119,132,51.69,61,57,50.00,63,63,BOS,68,96,54.77,66.67,44,22,64.66,75,41,62.67,141,84,52.75,326,292,45.43,144,173,49.17,59,61,48.95,70,73,2018,Regular,From
BUF,68,55,41.74,48.57,17,18,35.14,13,24,39.66,23,35,40.21,39,58,53.66,22,19,28.57,4,10,16.67,1,5,BUF,68,55,47.28,54.29,152,128,56.38,168,130,50.86,355,343,47.67,572,628,43.85,221,283,38.55,64,102,26.03,19,54,BUF,68,55,44.91,55.56,65,52,47.86,56,61,50.32,159,157,45.02,190,232,43.18,76,100,29.23,19,46,30.00,9,21,BUF,68,55,45.51,53.13,68,60,51.97,66,61,60.58,209,136,42.91,218,290,36.36,80,140,32.56,28,58,31.58,12,26,2018,Regular,From
CAR,68,71,45.81,31.82,7,15,41.67,10,14,48.21,27,29,47.12,49,55,47.46,28,31,50.00,11,11,40.00,4,6,CAR,68,71,54.14,52.57,133,120,61.76,168,104,61.33,322,203,54.26,701,591,49.82,284,286,46.35,108,125,48.26,83,89,CAR,68,71,52.33,48.76,59,62,46.34,57,66,64.66,161,88,54.87,327,269,46.69,113,129,47.87,45,49,35.48,22,40,CAR,68,71,57.11,68.07,81,38,72.73,88,33,63.48,186,107,56.53,394,303,47.16,133,149,50.41,61,60,45.59,31,37,2018,Regular,From
CBJ,68,75,51.30,56.25,9,7,42.86,12,16,49.06,26,27,53.85,56,48,50.00,28,28,54.55,12,10,50.00,6,6,CBJ,68,75,52.58,50.81,63,61,63.10,236,138,61.10,333,212,52.35,725,660,44.64,308,382,45.16,98,119,47.40,82,91,CBJ,68,75,53.53,65.63,42,22,59.03,85,59,60.91,134,86,52.48,286,259,48.22,122,131,45.26,43,52,47.22,34,38,CBJ,68,75,48.28,59.62,31,21,59.54,103,70,54.98,160,131,50.55,324,317,35.51,114,207,30.09,34,79,45.74,43,51,2018,Regular,From
CGY,68,76,49.74,50.00,7,7,40.00,8,12,57.14,32,24,50.94,54,52,41.07,23,33,57.69,15,11,45.45,5,6,CGY,68,76,51.81,64.71,77,42,55.46,127,102,51.30,277,263,52.24,746,682,47.42,266,295,48.38,134,143,52.27,69,63,CGY,68,76,53.84,60.27,44,29,61.68,66,41,54.89,129,106,53.61,364,315,48.86,129,135,51.75,59,55,54.39,31,26,CGY,68,76,54.68,76.12,51,16,66.21,96,49,59.23,170,117,53.86,398,341,46.40,129,149,49.57,57,58,40.98,25,36,2018,Regular,From
CHI,68,66,48.98,50.00,17,17,32.00,8,17,34.88,15,28,53.54,53,46,46.15,24,28,56.00,14,11,69.23,18,8,CHI,68,66,51.76,61.56,205,128,63.90,177,100,52.61,252,227,49.58,656,667,48.64,269,284,44.86,109,134,49.16,117,121,CHI,68,66,51.73,68.06,98,46,58.33,70,50,60.74,99,64,48.34,248,265,51.26,102,97,40.00,34,51,36.73,36,62,CHI,68,66,58.23,75.38,150,49,67.25,115,56,60.45,162,106,56.56,401,308,54.85,164,135,46.02,52,61,47.44,74,82,2018,Regular,From
COL,68,80,50.60,50.00,12,12,44.00,11,14,41.30,19,27,53.61,52,45,52.54,31,28,51.85,14,13,58.33,14,10,COL,68,80,47.26,57.14,76,57,58.29,116,83,53.25,262,230,45.70,531,631,44.83,308,379,32.88,72,147,40.11,75,112,COL,68,80,46.41,43.42,33,43,55.26,42,34,48.10,101,109,43.53,212,275,48.98,120,125,44.86,48,59,42.35,36,49,COL,68,80,49.36,50.57,44,43,63.73,65,37,52.33,146,133,49.76,313,316,48.84,168,176,30.09,34,79,35.29,36,66,2018,Regular,From
DAL,68,82,53.80,56.25,9,7,28.57,6,15,56.82,25,19,49.47,47,48,55.56,30,24,61.90,13,8,75.00,18,6,DAL,68,82,52.09,61.02,144,92,60.94,117,75,57.45,297,220,52.15,618,567,44.20,244,308,39.84,51,77,49.22,126,130,DAL,68,82,52.23,60.67,54,35,63.08,41,24,54.66,129,107,51.50,241,227,51.39,111,105,42.19,27,37,43.31,55,72,DAL,68,82,51.11,57.03,73,55,63.96,71,40,56.81,171,130,50.93,355,342,46.91,152,172,25.64,20,58,44.10,71,90,2018,Regular,From
DET,68,63,45.86,29.41,5,12,48.48,16,17,44.26,27,34,43.96,40,51,49.09,27,28,57.89,11,8,42.86,3,4,DET,68,63,48.51,55.56,100,80,53.97,163,139,51.73,329,307,48.42,599,638,43.56,203,263,46.98,140,158,39.67,48,73,DET,68,63,50.69,58.75,47,33,43.31,55,72,53.46,139,121,53.32,257,225,45.71,96,114,51.54,67,63,43.14,22,29,DET,68,63,46.24,62.77,59,35,52.86,74,66,54.57,173,144,46.80,249,283,35.04,82,152,36.23,50,88,33.33,18,36,2018,Regular,From
EDM,68,64,48.90,44.44,8,10,57.58,19,14,44.78,30,37,48.48,48,51,50.94,27,26,42.86,12,16,55.56,10,8,EDM,68,64,50.96,57.44,166,123,54.50,200,167,53.59,396,343,50.63,644,628,51.76,206,192,45.98,103,121,46.75,72,82,EDM,68,64,52.82,58.12,68,49,52.70,78,70,56.95,172,130,55.12,280,228,44.24,73,92,47.06,40,45,55.88,38,30,EDM,68,64,48.38,64.24,97,54,56.02,107,84,50.00,204,204,51.35,342,324,43.98,95,121,32.14,45,95,35.53,27,49,2018,Regular,From
FLA,68,77,47.86,26.67,4,11,56.67,17,13,52.46,32,29,49.04,51,53,42.62,26,35,53.57,15,13,36.84,7,12,FLA,68,77,49.98,49.24,65,67,60.63,154,100,59.45,431,294,50.30,675,667,43.07,264,349,37.94,96,157,36.05,62,110,FLA,68,77,50.50,60.87,28,18,63.64,70,40,56.25,162,126,49.69,239,242,44.06,115,146,39.13,45,70,46.43,26,30,FLA,68,77,47.15,66.18,45,23,58.10,61,44,57.36,187,139,44.50,255,318,36.36,104,182,39.29,44,68,40.85,29,42,2018,Regular,From
L.A,68,79,53.39,61.11,11,7,57.14,16,12,48.33,29,31,44.55,45,56,60.87,28,18,73.68,14,5,66.67,8,4,L.A,68,79,49.13,48.08,100,108,55.48,162,130,53.49,345,300,51.28,581,552,45.89,229,270,35.50,82,149,43.79,74,95,L.A,68,79,48.54,64.56,51,28,52.50,63,57,50.62,163,159,51.88,276,256,43.22,86,113,32.65,32,66,36.49,27,47,L.A,68,79,50.91,57.58,57,42,51.45,71,67,59.18,187,129,52.62,321,289,51.32,136,129,30.40,38,87,31.46,28,61,2018,Regular,From
MIN,68,85,53.28,40.00,8,12,50.00,11,11,44.90,22,27,53.68,51,44,59.65,34,23,69.70,23,10,48.28,14,15,MIN,68,85,49.66,49.29,69,71,62.15,133,81,54.88,253,208,47.44,546,605,46.98,319,360,40.96,111,160,47.58,118,130,MIN,68,85,45.02,53.06,26,23,56.52,39,30,54.87,107,88,40.13,179,267,40.07,107,160,40.83,49,71,42.02,50,69,MIN,68,85,45.10,52.78,38,34,57.47,50,37,52.84,121,108,43.52,252,327,38.46,130,208,35.06,54,100,35.29,48,88,2018,Regular,From
MTL,68,62,45.00,39.13,9,14,29.63,8,19,41.67,20,28,45.26,43,52,48.94,23,24,57.14,12,9,61.54,8,5,MTL,68,62,51.64,62.16,184,112,58.78,154,108,54.53,325,271,50.29,695,687,47.82,197,215,48.73,153,161,41.18,35,50,MTL,68,62,49.30,61.29,76,48,60.38,64,42,50.25,102,101,48.98,263,274,49.73,93,94,39.37,50,77,25.58,11,32,MTL,68,62,49.92,58.23,92,66,61.88,112,69,55.99,173,136,51.64,394,369,37.22,99,167,45.60,88,105,22.95,14,47,2018,Regular,From
N.J,68,76,48.21,58.33,7,5,48.39,15,16,47.46,28,31,49.56,56,57,44.64,25,31,50.00,10,10,36.36,4,7,N.J,68,76,50.05,53.85,70,60,52.08,125,115,55.63,390,311,50.80,605,586,46.73,279,318,38.92,72,113,43.27,74,97,N.J,68,76,48.29,58.33,35,25,57.27,63,47,53.40,157,137,45.07,215,262,46.84,126,143,38.37,33,53,46.15,30,35,N.J,68,76,46.82,68.00,51,24,47.11,57,64,55.87,176,139,47.61,269,296,38.91,107,168,33.67,33,65,29.87,23,54,2018,Regular,From
NSH,68,98,56.56,40.00,2,3,75.00,12,4,58.00,29,21,59.09,52,36,59.38,38,26,43.75,14,18,47.83,11,12,NSH,68,98,50.85,50.55,46,45,55.17,80,65,59.40,297,203,51.52,644,606,43.06,304,402,43.34,140,183,46.26,130,151,NSH,68,98,55.39,69.77,30,13,68.66,46,21,59.02,121,84,59.65,303,205,44.18,129,163,46.40,58,67,43.12,47,62,NSH,68,98,53.19,67.44,29,14,59.77,52,35,61.94,166,102,52.82,318,284,42.93,167,222,43.11,72,95,47.10,65,73,2018,Regular,From
NYI,68,68,47.83,56.52,13,10,43.75,14,18,44.78,30,37,46.15,54,63,48.28,28,30,59.26,16,11,45.83,11,13,NYI,68,68,46.40,49.82,142,143,44.86,144,177,53.92,344,294,47.71,522,572,39.93,244,367,41.45,97,137,43.30,97,127,NYI,68,68,46.39,43.80,53,68,59.49,94,64,47.15,124,139,46.57,197,226,42.99,92,122,39.78,37,56,47.73,42,46,NYI,68,68,49.51,62.09,95,58,57.78,104,76,56.51,191,147,49.55,275,280,41.16,121,173,39.23,51,79,39.05,41,64,2018,Regular,From
NYR,68,66,45.94,52.94,9,8,43.24,16,21,44.29,31,39,44.35,51,64,46.30,25,29,52.63,10,9,50.00,3,3,NYR,68,66,46.28,49.53,106,108,55.24,211,171,50.25,395,391,46.75,568,647,38.81,215,339,42.53,94,127,48.00,36,39,NYR,68,66,46.67,47.56,39,43,58.78,87,61,51.71,136,127,45.27,201,243,39.64,88,134,48.51,49,52,34.48,10,19,NYR,68,66,43.45,42.72,44,59,57.47,100,74,50.60,170,166,44.16,257,325,36.06,97,172,37.70,46,76,15.38,6,33,2018,Regular,From
OTT,68,59,44.97,69.57,16,7,24.24,8,25,48.44,31,33,45.37,49,59,47.27,26,29,39.29,11,17,30.00,3,7,OTT,68,59,47.32,50.00,119,119,47.79,130,142,52.93,388,345,47.73,568,622,45.86,238,281,37.05,83,141,44.83,39,48,OTT,68,59,47.40,54.35,50,42,56.00,70,55,51.75,163,152,49.33,259,266,41.33,93,132,35.58,37,67,31.58,12,26,OTT,68,59,45.08,63.16,72,42,60.19,127,84,56.83,233,177,41.65,277,388,33.33,98,196,32.73,36,74,30.19,16,37,2018,Regular,From
PHI,68,79,52.07,69.23,9,4,34.62,9,17,52.17,24,22,56.44,57,44,49.18,30,31,58.33,14,10,41.18,7,10,PHI,68,79,50.01,54.07,93,79,57.79,152,111,55.00,231,189,49.81,666,671,45.01,248,303,43.34,127,166,44.88,57,70,PHI,68,79,47.73,62.50,40,24,52.29,57,52,50.63,81,79,48.75,292,307,41.30,95,135,41.23,47,67,35.85,19,34,PHI,68,79,49.09,65.26,62,33,60.90,81,52,59.63,130,88,48.40,333,355,36.90,107,183,43.80,53,68,30.65,19,43,2018,Regular,From
PIT,68,82,49.45,21.05,4,15,56.00,14,11,50.00,32,32,51.46,53,50,50.00,30,30,51.52,17,16,53.33,8,7,PIT,68,82,52.98,53.81,106,91,57.09,141,106,55.74,345,274,54.86,683,562,46.77,246,280,52.99,142,126,44.40,111,139,PIT,68,82,51.58,59.04,49,34,54.95,61,50,54.44,135,113,49.58,237,241,47.09,97,109,56.10,69,54,47.56,39,43,PIT,68,82,50.04,46.73,50,57,61.24,79,50,57.00,171,129,50.16,307,305,46.01,121,142,38.85,61,96,41.75,43,60,2018,Regular,From
S.J,68,81,48.03,45.45,5,6,56.67,17,13,43.64,24,31,45.45,45,54,44.44,24,30,66.67,18,9,43.75,7,9,S.J,68,81,51.80,51.91,68,63,64.43,125,69,54.23,417,352,54.59,607,505,47.61,239,263,36.61,123,213,49.50,99,101,S.J,68,81,53.49,59.32,35,24,55.34,57,46,57.61,178,131,54.74,277,229,48.95,116,121,51.49,69,65,38.75,31,49,S.J,68,81,49.32,53.16,42,37,63.24,86,50,54.97,238,195,49.40,329,337,45.48,141,169,39.90,81,122,29.66,35,83,2018,Regular,From
STL,68,77,52.36,52.63,10,9,29.17,7,17,42.50,17,23,56.98,49,37,57.14,32,24,63.33,19,11,52.00,13,12,STL,68,77,51.91,52.17,120,110,55.70,127,101,52.88,248,221,53.58,644,558,49.61,319,324,43.02,114,151,48.48,96,102,STL,68,77,53.76,63.16,60,35,59.34,54,37,53.92,110,94,56.18,250,195,46.38,128,148,45.00,54,66,58.33,35,25,STL,68,77,48.17,53.72,65,56,44.76,47,58,52.53,135,122,48.02,327,354,45.83,154,182,42.47,62,84,39.18,38,59,2018,Regular,From
T.B,68,98,57.45,70.00,7,3,45.83,11,13,60.38,32,21,56.18,50,39,64.62,42,23,57.45,27,20,48.15,13,14,T.B,68,98,50.20,53.91,69,59,48.75,78,82,59.63,257,174,51.83,624,580,43.08,252,333,40.55,193,283,44.51,142,177,T.B,68,98,55.42,54.55,24,20,66.25,53,27,56.70,110,84,57.49,261,193,54.00,135,115,44.79,86,106,45.31,58,70,T.B,68,98,54.30,59.32,35,24,62.96,51,30,56.88,124,94,53.42,328,286,50.00,163,163,45.45,95,114,45.39,64,77,2018,Regular,From
TOR,68,85,52.67,90.00,9,1,50.00,17,17,48.08,25,27,53.54,53,46,50.85,30,29,55.81,24,19,48.28,14,15,TOR,68,85,48.31,64.49,69,38,61.05,221,141,54.49,261,218,44.42,585,732,42.50,235,318,43.25,141,185,46.40,129,149,TOR,68,85,49.49,55.10,27,22,59.09,91,63,57.34,125,93,48.68,294,310,41.74,96,134,41.38,48,68,43.51,57,74,TOR,68,85,55.07,53.33,32,28,66.86,113,56,64.10,150,84,55.27,367,297,44.44,120,150,46.39,77,89,44.83,65,80,2018,Regular,From
VAN,68,59,45.09,44.44,8,10,30.30,10,23,49.15,29,30,43.27,45,59,45.00,18,22,61.90,13,8,46.15,6,7,VAN,68,59,47.28,50.25,99,98,56.72,232,177,54.86,361,297,46.08,470,550,39.41,188,289,40.27,91,135,43.23,83,109,VAN,68,59,46.47,53.16,42,37,47.93,81,88,50.20,125,124,51.02,226,217,42.86,78,104,36.90,31,53,28.89,26,64,VAN,68,59,48.04,57.83,48,35,60.29,123,81,56.27,193,150,48.83,229,240,39.91,87,131,32.76,38,78,30.61,30,68,2018,Regular,From
VGK,68,93,55.26,55.56,5,4,29.41,5,12,67.92,36,17,56.76,63,48,53.52,38,33,56.41,22,17,45.00,9,11,VGK,68,93,52.28,50.72,35,34,67.50,108,52,55.43,301,242,53.56,685,594,46.06,292,342,46.39,135,156,42.66,122,164,VGK,68,93,51.21,60.71,17,11,58.02,47,34,57.98,149,108,50.10,263,262,46.54,121,139,45.38,54,65,42.28,52,71,VGK,68,93,52.82,51.43,18,17,71.15,74,30,59.93,175,117,53.19,325,286,42.94,143,190,40.70,70,102,42.58,66,89,2018,Regular,From
WPG,68,91,54.48,37.50,6,10,46.67,7,8,46.67,21,24,61.11,55,35,61.67,37,23,48.78,20,21,57.14,16,12,WPG,68,91,52.01,54.97,94,77,60.41,119,78,56.79,205,156,51.11,530,507,46.98,334,377,49.38,198,203,43.66,117,151,WPG,68,91,51.81,64.79,46,25,55.41,41,33,51.53,84,79,45.56,205,245,51.82,157,146,53.37,95,83,49.53,53,54,WPG,68,91,51.21,64.89,61,33,63.64,49,28,58.12,111,80,47.37,270,300,47.02,158,178,42.56,103,139,39.57,55,84,2018,Regular,From
WSH,68,83,51.80,50.00,7,7,55.56,15,12,53.57,30,26,50.00,53,53,58.00,29,21,50.00,16,16,37.50,6,10,WSH,68,83,46.97,59.66,142,96,59.22,122,84,52.52,261,236,43.96,488,622,44.14,256,324,40.67,133,194,30.47,39,89,WSH,68,83,46.92,51.96,53,49,48.81,41,43,49.80,122,123,48.31,272,291,39.46,118,181,46.99,78,88,39.62,21,32,WSH,68,83,51.85,68.00,85,40,60.98,75,48,59.42,164,112,51.53,287,270,43.77,151,194,39.01,71,111,40.35,23,34,2018,Regular,From
ANA,67,80,51.71,57.14,8,6,54.55,12,10,50.00,24,24,49.48,48,49,57.45,27,20,54.84,17,14,41.18,7,10,ANA,67,80,48.41,61.17,63,40,57.49,119,88,53.83,274,235,48.48,543,577,42.07,268,369,39.78,146,221,41.92,96,133,ANA,67,80,48.97,50.00,28,28,55.77,58,46,56.52,117,90,47.68,236,259,44.61,153,190,40.96,68,98,46.30,50,58,ANA,67,80,48.20,71.15,37,15,57.35,78,58,56.20,145,113,46.68,267,305,40.42,135,199,41.52,71,100,30.69,31,70,2018,Regular,From
ARI,67,53,43.30,50.00,11,11,47.22,17,19,43.08,28,37,40.74,44,64,35.71,15,27,38.46,5,8,83.33,5,1,ARI,67,53,47.49,54.22,135,114,52.82,187,167,52.84,335,299,47.47,592,655,42.64,226,304,39.05,41,64,43.21,35,46,ARI,67,53,44.93,51.75,59,55,46.75,72,82,54.92,162,133,44.32,285,358,39.61,101,154,36.36,16,28,34.55,19,36,ARI,67,53,51.23,60.34,70,46,58.33,112,80,54.08,192,163,51.78,334,311,48.20,147,158,41.18,21,30,45.71,32,38,2018,Regular,From
BOS,67,94,56.90,55.56,5,4,60.00,15,10,52.83,28,25,54.55,54,45,56.60,30,23,69.70,23,10,56.52,13,10,BOS,67,94,53.47,66.07,74,38,57.75,149,109,58.96,260,181,51.75,649,605,48.22,271,291,49.12,112,116,53.04,131,116,BOS,67,94,54.28,59.52,25,17,63.00,63,37,61.73,121,75,52.12,270,248,47.60,119,131,52.14,61,56,50.00,63,63,BOS,67,94,55.12,68.97,40,18,64.66,75,41,63.23,141,82,53.26,319,280,45.25,143,173,49.17,59,61,48.95,70,73,2018,Regular,From
BUF,67,53,41.59,48.57,17,18,35.14,13,24,37.50,21,35,40.43,38,56,55.00,22,18,28.57,4,10,16.67,1,5,BUF,67,53,47.17,54.29,152,128,56.38,168,130,51.02,350,336,47.26,551,615,43.89,219,280,38.55,64,102,26.03,19,54,BUF,67,53,44.82,55.56,65,52,47.86,56,61,50.82,155,150,44.47,181,226,43.18,76,100,29.23,19,46,30.00,9,21,BUF,67,53,45.66,53.13,68,60,51.97,66,61,60.88,207,133,43.20,216,284,36.36,80,140,32.56,28,58,31.58,12,26,2018,Regular,From
CAR,67,69,45.75,31.82,7,15,41.67,10,14,46.30,25,29,48.04,49,53,47.46,28,31,50.00,11,11,40.00,4,6,CAR,67,69,54.01,52.57,133,120,61.76,168,104,61.46,319,200,53.85,679,582,49.91,276,277,46.35,108,125,48.26,83,89,CAR,67,69,52.28,48.76,59,62,46.34,57,66,64.37,159,88,54.61,320,266,47.66,112,123,47.87,45,49,35.48,22,40,CAR,67,69,56.85,68.07,81,38,72.73,88,33,63.29,181,105,56.01,382,300,46.93,130,147,50.41,61,60,45.59,31,37,2018,Regular,From
CBJ,67,73,51.16,56.25,9,7,40.74,11,16,49.02,25,26,53.92,55,47,50.00,27,27,54.55,12,10,50.00,6,6,CBJ,67,73,52.35,50.81,63,61,63.10,236,138,60.78,327,211,52.30,715,652,44.35,302,379,43.43,86,112,47.40,82,91,CBJ,67,73,53.33,65.63,42,22,59.03,85,59,60.73,133,86,52.32,282,257,48.00,120,130,44.57,41,51,47.22,34,38,CBJ,67,73,48.41,59.62,31,21,59.54,103,70,55.17,160,130,50.47,319,313,35.96,114,203,30.28,33,76,45.74,43,51,2018,Regular,From
CGY,67,74,49.24,50.00,7,7,40.00,8,12,57.14,32,24,50.48,53,52,40.00,22,33,56.00,14,11,44.44,4,5,CGY,67,74,51.55,64.71,77,42,55.46,127,102,51.30,277,263,52.18,741,679,47.32,265,295,46.95,123,139,51.49,52,49,CGY,67,74,53.63,60.27,44,29,61.68,66,41,54.89,129,106,53.40,361,315,48.86,129,135,51.38,56,53,53.70,29,25,CGY,67,74,54.55,76.12,51,16,66.21,96,49,59.23,170,117,53.73,396,341,46.40,129,149,49.07,53,55,40.00,22,33,2018,Regular,From
CHI,67,66,49.00,50.00,17,17,32.00,8,17,34.88,15,28,52.58,51,46,48.00,24,26,56.00,14,11,69.23,18,8,CHI,67,66,51.98,61.56,205,128,63.90,177,100,52.60,243,219,50.08,647,645,48.63,266,281,44.86,109,134,49.16,117,121,CHI,67,66,51.78,68.06,98,46,58.33,70,50,59.62,93,63,48.71,245,258,51.78,102,95,40.00,34,51,36.73,36,62,CHI,67,66,58.69,75.38,150,49,67.25,115,56,60.84,160,103,57.35,398,296,55.48,162,130,46.02,52,61,47.44,74,82,2018,Regular,From
COL,67,78,50.34,50.00,12,12,44.00,11,14,41.30,19,27,52.63,50,45,52.63,30,27,52.00,13,12,58.33,14,10,COL,67,78,47.14,57.14,76,57,58.29,116,83,53.25,262,230,45.65,530,631,44.73,301,372,31.47,62,135,39.56,72,110,COL,67,78,46.36,43.42,33,43,55.26,42,34,48.10,101,109,43.53,212,275,50.00,118,118,43.30,42,55,42.35,36,49,COL,67,78,49.11,50.57,44,43,63.73,65,37,52.33,146,133,49.68,312,316,48.52,164,174,28.43,29,73,33.67,33,65,2018,Regular,From
DAL,67,80,54.02,56.25,9,7,28.57,6,15,56.82,25,19,50.00,47,47,55.56,30,24,61.90,13,8,75.00,18,6,DAL,67,80,52.02,61.02,144,92,60.94,117,75,57.29,279,208,51.93,605,560,44.42,243,304,39.84,51,77,49.22,126,130,DAL,67,80,52.13,60.67,54,35,63.08,41,24,54.42,123,103,51.29,238,226,51.63,111,104,42.19,27,37,43.31,55,72,DAL,67,80,51.12,57.03,73,55,63.96,71,40,56.38,159,123,50.81,345,334,47.50,152,168,25.64,20,58,44.10,71,90,2018,Regular,From
DET,67,63,45.79,29.41,5,12,46.88,15,17,44.07,26,33,44.44,40,50,49.09,27,28,57.89,11,8,42.86,3,4,DET,67,63,48.71,55.56,100,80,56.03,158,124,51.76,323,301,48.40,590,629,43.56,203,263,46.98,140,158,39.67,48,73,DET,67,63,50.76,58.75,47,33,44.17,53,67,53.49,138,120,53.15,253,223,45.71,96,114,51.54,67,63,43.14,22,29,DET,67,63,46.32,62.77,59,35,55.12,70,57,54.46,171,143,46.46,243,280,35.04,82,152,36.23,50,88,33.33,18,36,2018,Regular,From
EDM,67,62,48.78,44.44,8,10,57.58,19,14,44.78,30,37,47.96,47,51,50.94,27,26,42.31,11,15,55.56,10,8,EDM,67,62,50.98,57.44,166,123,54.50,200,167,53.59,396,343,51.04,637,611,51.79,203,189,44.71,93,115,46.00,69,81,EDM,67,62,52.94,58.12,68,49,52.70,78,70,56.95,172,130,55.62,277,221,44.72,72,89,45.57,36,43,55.88,38,30,EDM,67,62,48.45,64.24,97,54,56.02,107,84,50.00,204,204,51.70,335,313,44.60,95,118,30.53,40,91,35.53,27,49,2018,Regular,From
FLA,67,75,47.56,26.67,4,11,56.67,17,13,52.46,32,29,48.54,50,53,41.67,25,35,53.57,15,13,36.84,7,12,FLA,67,75,50.16,49.24,65,67,60.63,154,100,59.45,431,294,50.30,671,663,43.07,264,349,38.33,87,140,37.41,55,92,FLA,67,75,50.61,60.87,28,18,63.64,70,40,56.25,162,126,49.69,238,241,44.06,115,146,40.38,42,62,46.43,26,30,FLA,67,75,47.18,66.18,45,23,58.10,61,44,57.36,187,139,44.50,255,318,36.36,104,182,41.58,42,59,39.34,24,37,2018,Regular,From
L.A,67,79,54.56,73.33,11,4,57.69,15,11,50.00,29,29,45.00,45,55,60.87,28,18,73.68,14,5,66.67,8,4,L.A,67,79,49.19,48.42,92,98,54.86,141,116,53.53,341,296,51.37,580,549,45.89,229,270,35.50,82,149,43.79,74,95,L.A,67,79,48.63,64.79,46,25,54.13,59,50,50.62,163,159,51.88,276,256,43.22,86,113,32.65,32,66,36.49,27,47,L.A,67,79,51.00,56.52,52,40,51.59,65,61,59.29,185,127,52.71,321,288,51.32,136,129,30.40,38,87,31.46,28,61,2018,Regular,From
MIN,67,83,52.90,40.00,8,12,50.00,11,11,43.75,21,27,53.26,49,43,60.00,33,22,68.75,22,10,48.28,14,15,MIN,67,83,49.65,49.29,69,71,62.15,133,81,54.68,251,208,47.28,531,592,47.31,308,343,40.96,111,160,47.58,118,130,MIN,67,83,45.13,53.06,26,23,56.52,39,30,54.87,107,88,40.18,176,262,40.54,105,154,40.83,49,71,42.02,50,69,MIN,67,83,45.33,52.78,38,34,57.47,50,37,52.84,121,108,43.89,248,317,38.79,128,202,35.06,54,100,35.29,48,88,2018,Regular,From
MTL,67,61,44.99,39.13,9,14,29.63,8,19,41.67,20,28,44.68,42,52,50.00,23,23,57.14,12,9,61.54,8,5,MTL,67,61,51.66,62.16,184,112,58.78,154,108,54.53,325,271,50.29,690,682,48.00,180,195,48.73,153,161,41.18,35,50,MTL,67,61,49.33,61.29,76,48,60.38,64,42,50.25,102,101,49.06,260,270,50.29,87,86,39.37,50,77,25.58,11,32,MTL,67,61,49.80,58.23,92,66,61.88,112,69,55.99,173,136,51.58,392,368,36.03,89,158,45.60,88,105,22.95,14,47,2018,Regular,From
N.J,67,76,48.33,58.33,7,5,44.83,13,16,49.12,28,29,50.00,56,56,44.64,25,31,50.00,10,10,36.36,4,7,N.J,67,76,49.95,53.85,70,60,52.14,122,112,55.08,363,296,50.80,604,585,46.73,279,318,38.92,72,113,43.27,74,97,N.J,67,76,47.99,58.33,35,25,56.88,62,47,52.35,145,132,45.03,213,260,46.84,126,143,38.37,33,53,46.15,30,35,N.J,67,76,46.72,68.00,51,24,47.11,57,64,55.71,161,128,47.52,268,296,38.91,107,168,33.67,33,65,29.87,23,54,2018,Regular,From
NSH,67,97,56.67,40.00,2,3,75.00,12,4,57.14,28,21,59.30,51,35,60.32,38,25,43.75,14,18,47.83,11,12,NSH,67,97,50.75,50.55,46,45,55.17,80,65,58.61,279,197,51.55,632,594,43.18,304,400,43.34,140,183,46.26,130,151,NSH,67,97,54.94,69.77,30,13,68.66,46,21,59.04,111,77,58.62,289,204,44.18,129,163,46.40,58,67,43.12,47,62,NSH,67,97,53.36,67.44,29,14,59.77,52,35,63.53,162,93,52.72,310,278,42.75,165,221,43.11,72,95,47.10,65,73,2018,Regular,From
NYI,67,67,47.84,56.52,13,10,43.75,14,18,44.78,30,37,45.69,53,63,49.12,28,29,59.26,16,11,45.83,11,13,NYI,67,67,46.39,49.82,142,143,44.86,144,177,53.92,344,294,47.94,501,544,39.50,235,360,41.45,97,137,43.30,97,127,NYI,67,67,46.48,43.80,53,68,59.49,94,64,47.15,124,139,47.12,188,211,42.79,89,119,39.78,37,56,47.73,42,46,NYI,67,67,49.52,62.09,95,58,57.78,104,76,56.51,191,147,49.62,262,266,41.05,117,168,39.23,51,79,39.05,41,64,2018,Regular,From
NYR,67,66,46.14,46.15,6,7,45.71,16,19,44.93,31,38,44.74,51,63,46.30,25,29,52.63,10,9,50.00,3,3,NYR,67,66,46.45,48.91,90,94,56.39,203,157,50.51,395,387,46.79,568,646,38.81,215,339,42.53,94,127,48.00,36,39,NYR,67,66,46.72,47.95,35,38,59.15,84,58,51.71,136,127,45.25,200,242,39.64,88,134,48.51,49,52,34.48,10,19,NYR,67,66,43.66,44.19,38,48,57.99,98,71,50.45,169,166,44.16,257,325,36.06,97,172,37.70,46,76,15.38,6,33,2018,Regular,From
OTT,67,57,44.58,69.57,16,7,24.24,8,25,48.44,31,33,43.81,46,59,47.06,24,27,40.74,11,16,30.00,3,7,OTT,67,57,47.43,50.00,119,119,47.79,130,142,52.93,388,345,47.58,560,617,46.18,230,268,38.94,81,127,44.83,39,48,OTT,67,57,47.70,54.35,50,42,56.00,70,55,51.75,163,152,49.23,257,265,42.72,91,122,36.96,34,58,31.58,12,26,OTT,67,57,45.15,63.16,72,42,60.19,127,84,56.83,233,177,41.69,276,386,33.57,95,188,32.32,32,67,30.19,16,37,2018,Regular,From
PHI,67,79,52.65,69.23,9,4,34.62,9,17,52.17,24,22,57.58,57,42,50.00,30,30,58.33,14,10,41.18,7,10,PHI,67,79,50.01,54.07,93,79,57.79,152,111,54.70,227,188,49.92,651,653,44.99,247,302,43.34,127,166,44.88,57,70,PHI,67,79,47.81,62.50,40,24,52.29,57,52,50.96,80,77,48.88,283,296,41.48,95,134,41.23,47,67,35.85,19,34,PHI,67,79,48.97,65.26,62,33,60.90,81,52,59.26,128,88,48.30,326,349,36.68,106,183,43.80,53,68,30.65,19,43,2018,Regular,From
PIT,67,80,49.16,21.05,4,15,56.00,14,11,49.21,31,32,51.49,52,49,50.00,29,29,50.00,16,16,53.33,8,7,PIT,67,80,53.06,53.81,106,91,57.09,141,106,55.61,342,273,55.09,677,552,46.83,244,277,53.54,136,118,44.40,111,139,PIT,67,80,51.26,59.04,49,34,54.95,61,50,54.88,135,111,49.47,233,238,46.27,93,108,54.31,63,53,47.56,39,43,PIT,67,80,50.13,46.73,50,57,61.24,79,50,57.05,170,128,50.33,303,299,46.18,121,141,38.67,58,92,41.75,43,60,2018,Regular,From
S.J,67,81,48.38,45.45,5,6,56.67,17,13,44.44,24,30,45.92,45,53,44.44,24,30,66.67,18,9,43.75,7,9,S.J,67,81,51.88,51.91,68,63,64.92,124,67,54.10,409,347,54.86,593,488,47.61,239,263,36.61,123,213,49.50,99,101,S.J,67,81,53.46,59.32,35,24,55.34,57,46,57.38,171,127,54.86,271,223,48.95,116,121,51.49,69,65,38.75,31,49,S.J,67,81,49.56,53.16,42,37,63.24,86,50,55.08,233,190,50.00,322,322,45.48,141,169,39.90,81,122,29.66,35,83,2018,Regular,From
STL,67,75,51.39,52.63,10,9,29.17,7,17,42.50,17,23,56.47,48,37,55.56,30,24,64.29,18,10,45.45,10,12,STL,67,75,51.87,52.17,120,110,55.70,127,101,52.88,248,221,53.51,641,557,49.61,315,320,43.48,100,130,47.78,86,94,STL,67,75,53.63,63.16,60,35,59.34,54,37,53.92,110,94,56.18,250,195,46.38,128,148,43.12,47,62,61.54,32,20,STL,67,75,48.07,53.72,65,56,44.76,47,58,52.53,135,122,47.94,326,354,45.78,152,180,41.79,56,78,40.00,36,54,2018,Regular,From
T.B,67,96,57.37,70.00,7,3,45.83,11,13,60.38,32,21,55.68,49,39,64.06,41,23,55.56,25,20,52.17,12,11,T.B,67,96,49.97,53.91,69,59,48.75,78,82,59.63,257,174,51.79,623,580,42.69,248,333,39.43,179,275,44.29,128,161,T.B,67,96,55.35,54.55,24,20,66.25,53,27,56.70,110,84,57.52,260,192,54.00,135,115,44.62,83,103,44.54,53,66,T.B,67,96,54.06,59.32,35,24,62.96,51,30,56.88,124,94,53.42,328,286,50.15,163,162,45.10,92,112,42.74,53,71,2018,Regular,From
TOR,67,85,53.18,90.00,9,1,51.52,17,16,48.98,24,25,54.08,53,45,50.85,30,29,55.81,24,19,48.28,14,15,TOR,67,85,48.10,63.00,63,37,59.88,200,134,54.06,253,215,44.61,584,725,42.50,235,318,43.25,141,185,46.40,129,149,TOR,67,85,49.55,56.52,26,20,58.90,86,60,57.48,123,91,48.84,294,308,41.74,96,134,41.38,48,68,43.51,57,74,TOR,67,85,55.05,54.39,31,26,66.25,106,54,63.91,147,83,55.27,367,297,44.44,120,150,46.39,77,89,44.83,65,80,2018,Regular,From
VAN,67,59,45.50,44.44,8,10,31.25,10,22,49.12,28,29,43.56,44,57,46.15,18,21,61.90,13,8,46.15,6,7,VAN,67,59,47.24,50.25,99,98,56.72,232,177,54.60,344,286,46.07,457,535,39.58,188,287,40.27,91,135,43.23,83,109,VAN,67,59,46.18,53.16,42,37,47.93,81,88,49.38,119,122,50.80,221,214,42.86,78,104,36.90,31,53,28.89,26,64,VAN,67,59,47.72,57.83,48,35,60.29,123,81,55.82,187,148,48.13,219,236,39.91,87,131,32.76,38,78,30.61,30,68,2018,Regular,From
VGK,67,91,55.31,55.56,5,4,29.41,5,12,67.31,35,17,57.27,63,47,53.52,38,33,56.41,22,17,45.00,9,11,VGK,67,91,52.34,50.72,35,34,67.50,108,52,55.81,298,236,53.56,662,574,46.06,292,342,46.39,135,156,42.66,122,164,VGK,67,91,51.53,60.71,17,11,58.02,47,34,58.47,145,103,50.79,258,250,46.54,121,139,45.38,54,65,42.28,52,71,VGK,67,91,52.70,51.43,18,17,71.15,74,30,59.66,173,117,52.94,315,280,42.94,143,190,40.70,70,102,42.58,66,89,2018,Regular,From
WPG,67,91,54.87,37.50,6,10,46.67,7,8,47.73,21,23,61.80,55,34,61.67,37,23,48.78,20,21,57.14,16,12,WPG,67,91,52.22,54.97,94,77,62.01,111,68,57.43,201,149,51.19,518,494,46.98,334,377,49.38,198,203,43.66,117,151,WPG,67,91,51.83,64.79,46,25,54.29,38,32,51.88,83,77,45.58,201,240,51.82,157,146,53.37,95,83,49.53,53,54,WPG,67,91,51.23,64.89,61,33,64.29,45,25,58.38,108,77,47.13,263,295,47.02,158,178,42.56,103,139,39.57,55,84,2018,Regular,From
WSH,67,81,51.51,50.00,7,7,55.56,15,12,53.57,30,26,49.52,52,53,57.14,28,21,50.00,16,16,37.50,6,10,WSH,67,81,46.89,59.66,142,96,59.22,122,84,52.52,261,236,43.65,471,608,44.27,251,316,40.43,131,193,30.47,39,89,WSH,67,81,46.92,51.96,53,49,48.81,41,43,49.80,122,123,48.28,266,285,39.58,114,174,46.99,78,88,39.62,21,32,WSH,67,81,51.60,68.00,85,40,60.98,75,48,59.42,164,112,50.84,272,263,43.58,146,189,39.01,71,111,40.35,23,34,2018,Regular,From
ANA,66,78,51.14,57.14,8,6,54.55,12,10,50.00,24,24,49.48,48,49,56.52,26,20,53.33,16,14,37.50,6,10,ANA,66,78,48.53,61.17,63,40,57.49,119,88,53.83,274,235,48.53,543,576,41.81,263,366,40.17,145,216,44.44,88,110,ANA,66,78,48.69,50.00,28,28,55.77,58,46,56.52,117,90,47.87,236,257,44.08,149,189,40.49,66,97,44.19,38,48,ANA,66,78,48.29,71.15,37,15,57.35,78,58,56.20,145,113,46.68,267,305,39.69,129,196,41.98,68,94,34.48,30,57,2018,Regular,From
ARI,66,53,43.41,50.00,11,11,47.06,16,18,42.86,27,36,41.51,44,62,35.71,15,27,38.46,5,8,83.33,5,1,ARI,66,53,47.48,54.51,133,111,52.71,175,157,52.90,328,292,47.51,592,654,42.64,226,304,39.05,41,64,43.21,35,46,ARI,66,53,44.86,51.75,59,55,47.22,68,76,54.20,155,131,44.32,285,358,39.61,101,154,36.36,16,28,34.55,19,36,ARI,66,53,51.46,61.61,69,43,58.56,106,75,54.44,190,159,51.86,334,310,48.20,147,158,41.18,21,30,45.71,32,38,2018,Regular,From
BOS,66,94,56.88,55.56,5,4,60.00,15,10,52.94,27,24,54.55,54,45,56.60,30,23,69.70,23,10,56.52,13,10,BOS,66,94,53.50,66.07,74,38,57.98,149,108,60.05,239,159,51.57,640,601,48.22,271,291,49.12,112,116,53.04,131,116,BOS,66,94,54.23,59.52,25,17,62.63,62,37,61.96,114,70,51.95,266,246,47.60,119,131,52.14,61,56,50.00,63,63,BOS,66,94,55.33,68.97,40,18,64.35,74,41,64.14,127,71,53.64,317,274,45.25,143,173,49.17,59,61,48.95,70,73,2018,Regular,From
BUF,66,53,41.90,48.48,16,17,36.11,13,23,38.18,21,34,40.86,38,55,55.00,22,18,28.57,4,10,16.67,1,5,BUF,66,53,47.36,55.42,138,111,57.95,164,119,51.09,350,335,47.32,548,610,43.89,219,280,38.55,64,102,26.03,19,54,BUF,66,53,45.04,56.14,64,50,48.21,54,58,50.82,155,150,44.80,181,223,43.18,76,100,29.23,19,46,30.00,9,21,BUF,66,53,45.79,53.28,65,57,52.50,63,57,60.88,207,133,43.37,216,282,36.36,80,140,32.56,28,58,31.58,12,26,2018,Regular,From
CAR,66,69,46.16,33.33,6,12,41.67,10,14,47.17,25,28,48.04,49,53,47.46,28,31,50.00,11,11,40.00,4,6,CAR,66,69,54.11,53.36,119,104,61.99,168,103,61.69,314,195,53.82,676,580,49.91,276,277,46.35,108,125,48.26,83,89,CAR,66,69,52.63,50.49,52,51,46.34,57,66,64.85,155,84,54.70,320,265,47.66,112,123,47.87,45,49,35.48,22,40,CAR,66,69,56.83,67.92,72,34,72.50,87,33,63.80,178,101,55.90,379,299,46.93,130,147,50.41,61,60,45.59,31,37,2018,Regular,From
CBJ,66,71,50.62,56.25,9,7,40.74,11,16,49.02,25,26,53.00,53,47,50.00,26,26,52.38,11,10,50.00,6,6,CBJ,66,71,52.54,50.81,63,61,63.10,236,138,60.78,327,211,52.35,713,649,45.23,294,356,43.39,82,107,47.95,82,89,CBJ,66,71,52.92,65.63,42,22,59.03,85,59,60.73,133,86,52.43,281,255,46.22,110,128,40.96,34,49,47.89,34,37,CBJ,66,71,48.52,59.62,31,21,59.54,103,70,55.17,160,130,50.08,314,313,36.66,114,197,31.63,31,67,46.24,43,50,2018,Regular,From
CGY,66,73,49.32,50.00,7,7,36.84,7,12,56.60,30,23,51.96,53,49,40.00,22,33,56.00,14,11,44.44,4,5,CGY,66,73,51.39,64.71,77,42,54.71,122,101,51.03,272,261,52.14,718,659,47.32,265,295,46.95,123,139,51.49,52,49,CGY,66,73,53.46,60.27,44,29,60.58,63,41,54.94,128,105,53.11,350,309,48.86,129,135,51.38,56,53,53.70,29,25,CGY,66,73,54.53,76.12,51,16,65.49,93,49,58.80,167,117,54.06,386,328,46.40,129,149,49.07,53,55,40.00,22,33,2018,Regular,From
CHI,66,64,48.60,50.00,17,17,32.00,8,17,34.88,15,28,51.58,49,46,48.00,24,26,56.00,14,11,69.23,18,8,CHI,66,64,51.97,61.56,205,128,63.90,177,100,52.60,243,219,50.16,636,632,48.75,253,266,44.86,109,134,49.16,117,121,CHI,66,64,51.65,68.06,98,46,58.33,70,50,59.62,93,63,48.47,238,253,51.31,98,93,40.00,34,51,36.73,36,62,CHI,66,64,58.82,75.38,150,49,67.25,115,56,60.84,160,103,57.98,396,287,55.04,153,125,46.02,52,61,47.44,74,82,2018,Regular,From
COL,66,77,50.48,50.00,12,12,44.00,11,14,40.91,18,26,52.69,49,44,52.73,29,26,54.17,13,11,58.33,14,10,COL,66,77,47.34,57.14,76,57,60.56,109,71,53.62,259,224,45.67,522,621,45.05,300,366,31.47,62,135,39.56,72,110,COL,66,77,46.57,43.42,33,43,56.16,41,32,48.31,100,107,43.66,210,271,50.21,118,117,43.30,42,55,42.35,36,49,COL,66,77,48.92,50.57,44,43,63.27,62,36,51.64,142,133,49.76,308,311,48.37,163,174,28.43,29,73,33.67,33,65,2018,Regular,From
DAL,66,80,54.37,56.25,9,7,28.57,6,15,58.14,25,18,50.54,47,46,55.56,30,24,61.90,13,8,75.00,18,6,DAL,66,80,52.03,61.02,144,92,60.94,117,75,57.05,271,204,52.20,594,544,44.42,243,304,39.84,51,77,49.22,126,130,DAL,66,80,52.22,60.67,54,35,63.08,41,24,55.25,121,98,51.00,230,221,51.63,111,104,42.19,27,37,43.31,55,72,DAL,66,80,51.21,57.03,73,55,63.96,71,40,56.12,156,122,51.20,341,325,47.50,152,168,25.64,20,58,44.10,71,90,2018,Regular,From
DET,66,63,46.23,31.25,5,11,48.39,15,16,44.07,26,33,44.94,40,49,49.09,27,28,57.89,11,8,42.86,3,4,DET,66,63,48.66,55.95,94,74,55.47,152,122,51.67,310,290,48.52,590,626,43.56,203,263,46.98,140,158,39.67,48,73,DET,66,63,50.71,59.46,44,30,43.59,51,66,52.80,132,118,53.26,253,222,45.71,96,114,51.54,67,63,43.14,22,29,DET,66,63,46.28,63.04,58,34,55.20,69,56,54.40,167,140,46.46,243,280,35.04,82,152,36.23,50,88,33.33,18,36,2018,Regular,From
EDM,66,60,48.72,44.44,8,10,57.58,19,14,43.94,29,37,48.45,47,50,50.94,27,26,42.31,11,15,55.56,10,8,EDM,66,60,50.89,57.44,166,123,54.50,200,167,53.80,389,334,50.79,609,590,51.79,203,189,44.71,93,115,46.00,69,81,EDM,66,60,52.83,58.12,68,49,52.70,78,70,57.09,169,127,55.27,262,212,44.72,72,89,45.57,36,43,55.88,38,30,EDM,66,60,48.37,64.24,97,54,56.02,107,84,49.87,199,200,51.69,321,300,44.60,95,118,30.53,40,91,35.53,27,49,2018,Regular,From
FLA,66,75,47.74,26.67,4,11,55.17,16,13,52.63,30,27,50.00,50,50,41.67,25,35,53.57,15,13,36.84,7,12,FLA,66,75,49.97,49.24,65,67,58.82,140,98,59.38,418,286,50.42,666,655,43.07,264,349,38.33,87,140,37.41,55,92,FLA,66,75,50.25,60.87,28,18,62.24,61,37,55.07,152,124,49.79,237,239,44.06,115,146,40.38,42,62,46.43,26,30,FLA,66,75,46.93,66.18,45,23,57.45,54,40,56.83,179,136,44.39,253,317,36.36,104,182,41.58,42,59,39.34,24,37,2018,Regular,From
L.A,66,77,54.22,73.33,11,4,57.69,15,11,50.00,29,29,43.88,43,55,61.36,27,17,73.68,14,5,66.67,8,4,L.A,66,77,49.06,48.42,92,98,54.86,141,116,53.53,341,296,51.31,569,540,45.67,216,257,35.65,82,148,43.79,74,95,L.A,66,77,48.41,64.79,46,25,54.13,59,50,50.62,163,159,51.35,267,253,43.02,77,102,32.65,32,66,36.49,27,47,L.A,66,77,51.01,56.52,52,40,51.59,65,61,59.29,185,127,52.59,315,284,51.94,134,124,30.65,38,86,31.46,28,61,2018,Regular,From
MIN,66,81,52.37,40.00,8,12,50.00,11,11,43.75,21,27,53.26,49,43,59.26,32,22,68.75,22,10,44.00,11,14,MIN,66,81,49.48,49.29,69,71,62.15,133,81,54.68,251,208,47.32,529,589,47.27,303,338,40.74,110,160,46.79,102,116,MIN,66,81,44.71,53.06,26,23,56.52,39,30,54.87,107,88,40.05,175,262,40.24,101,150,40.83,49,71,38.61,39,62,MIN,66,81,45.29,52.78,38,34,57.47,50,37,52.84,121,108,44.03,247,314,38.39,124,199,35.29,54,99,35.77,44,79,2018,Regular,From
MTL,66,61,45.42,40.91,9,13,30.77,8,18,42.55,20,27,44.68,42,52,50.00,23,23,57.14,12,9,61.54,8,5,MTL,66,61,51.55,62.03,165,101,58.62,153,108,54.56,323,269,50.30,681,673,48.00,180,195,48.73,153,161,41.18,35,50,MTL,66,61,49.43,61.82,68,42,60.38,64,42,50.50,102,100,49.14,258,267,50.29,87,86,39.37,50,77,25.58,11,32,MTL,66,61,49.62,56.43,79,61,62.01,111,68,56.35,173,134,51.33,386,366,36.03,89,158,45.60,88,105,22.95,14,47,2018,Regular,From
N.J,66,74,48.41,58.33,7,5,44.83,13,16,49.12,28,29,49.55,55,56,43.64,24,31,50.00,10,10,50.00,3,3,N.J,66,74,49.90,53.85,70,60,52.14,122,112,55.08,363,296,50.72,599,582,46.27,273,317,38.92,72,113,46.04,64,75,N.J,66,74,48.11,58.33,35,25,56.88,62,47,52.35,145,132,45.01,212,259,47.55,126,139,38.37,33,53,47.06,24,27,N.J,66,74,46.60,68.00,51,24,47.11,57,64,55.71,161,128,47.68,267,293,39.05,107,167,34.02,33,64,23.73,14,45,2018,Regular,From
NSH,66,95,56.59,40.00,2,3,75.00,12,4,57.14,28,21,58.82,50,35,59.02,36,25,45.16,14,17,50.00,11,11,NSH,66,95,50.64,50.55,46,45,55.17,80,65,58.61,279,197,51.52,628,591,43.20,302,397,42.37,125,170,46.72,128,146,NSH,66,95,54.84,69.77,30,13,68.66,46,21,59.04,111,77,58.45,287,204,44.25,127,160,44.35,51,64,43.81,46,59,NSH,66,95,53.59,67.44,29,14,59.77,52,35,63.53,162,93,52.72,310,278,42.74,162,217,45.45,70,84,47.76,64,70,2018,Regular,From
NYI,66,66,47.92,56.52,13,10,43.75,14,18,44.78,30,37,46.02,52,61,48.21,27,29,61.54,16,10,45.83,11,13,NYI,66,66,46.19,49.82,142,143,44.86,144,177,53.72,339,292,47.76,490,536,39.18,230,357,41.85,95,132,43.30,97,127,NYI,66,66,46.38,43.80,53,68,59.49,94,64,47.33,124,138,46.63,180,206,42.79,89,119,39.56,36,55,47.73,42,46,NYI,66,66,49.59,62.09,95,58,57.78,104,76,56.29,188,146,50.10,259,258,40.57,114,167,40.16,49,73,39.05,41,64,2018,Regular,From
NYR,66,66,46.53,46.15,6,7,47.06,16,18,45.59,31,37,45.13,51,62,46.30,25,29,52.63,10,9,50.00,3,3,NYR,66,66,46.40,49.17,89,92,56.25,189,147,50.32,388,383,46.97,559,631,38.81,215,339,42.53,94,127,48.00,36,39,NYR,66,66,46.63,47.95,35,38,58.33,77,55,52.14,134,123,45.03,195,238,39.64,88,134,48.51,49,52,34.48,10,19,NYR,66,66,43.80,44.19,38,48,58.97,92,64,51.21,169,161,44.04,251,319,36.06,97,172,37.70,46,76,15.38,6,33,2018,Regular,From
OTT,66,57,44.81,69.57,16,7,24.24,8,25,49.21,31,32,44.23,46,58,47.06,24,27,40.74,11,16,30.00,3,7,OTT,66,57,47.54,50.00,119,119,47.60,129,142,53.69,364,314,47.66,559,614,46.18,230,268,38.94,81,127,44.83,39,48,OTT,66,57,47.58,54.35,50,42,56.00,70,55,51.21,148,141,49.14,256,265,42.72,91,122,36.96,34,58,31.58,12,26,OTT,66,57,45.41,63.16,72,42,60.00,126,84,58.49,224,159,41.73,275,384,33.57,95,188,32.32,32,67,30.19,16,37,2018,Regular,From
PHI,66,79,53.00,69.23,9,4,36.00,9,16,52.27,23,21,57.73,56,41,50.85,30,29,58.33,14,10,41.18,7,10,PHI,66,79,49.92,54.07,93,79,57.83,144,105,54.63,224,186,49.77,641,647,45.14,246,299,43.34,127,166,44.88,57,70,PHI,66,79,48.12,62.50,40,24,54.90,56,46,51.97,79,73,48.95,280,292,40.97,93,134,41.23,47,67,35.85,19,34,PHI,66,79,48.83,65.26,62,33,61.11,77,49,59.07,127,88,48.12,320,345,36.59,105,182,43.80,53,68,30.65,19,43,2018,Regular,From
PIT,66,78,48.95,21.05,4,15,56.00,14,11,49.21,31,32,50.00,49,49,50.91,28,27,51.61,16,15,53.33,8,7,PIT,66,78,53.18,53.81,106,91,57.09,141,106,55.61,342,273,55.40,657,529,47.08,242,272,54.44,135,113,44.40,111,139,PIT,66,78,51.60,59.04,49,34,54.95,61,50,54.88,135,111,50.00,227,227,46.23,92,107,55.75,63,50,47.56,39,43,PIT,66,78,50.16,46.73,50,57,61.24,79,50,57.05,170,128,50.09,290,289,46.72,121,138,39.46,58,89,41.75,43,60,2018,Regular,From
S.J,66,79,48.16,45.45,5,6,56.67,17,13,44.44,24,30,45.92,45,53,43.40,23,30,66.67,18,9,43.75,7,9,S.J,66,79,51.59,51.91,68,63,64.92,124,67,54.10,409,347,54.42,566,474,47.28,235,262,36.61,123,213,49.50,99,101,S.J,66,79,53.49,59.32,35,24,55.34,57,46,57.38,171,127,54.93,262,215,48.94,115,120,51.49,69,65,38.75,31,49,S.J,66,79,49.47,53.16,42,37,63.24,86,50,55.08,233,190,49.75,304,307,45.75,140,166,39.90,81,122,29.66,35,83,2018,Regular,From
STL,66,75,51.52,52.63,10,9,29.17,7,17,43.59,17,22,56.47,48,37,55.56,30,24,64.29,18,10,45.45,10,12,STL,66,75,52.11,52.17,120,110,55.70,127,101,53.23,247,217,54.19,627,530,49.61,315,320,43.48,100,130,47.78,86,94,STL,66,75,53.76,63.16,60,35,59.34,54,37,53.96,109,93,56.54,242,186,46.38,128,148,43.12,47,62,61.54,32,20,STL,66,75,48.04,53.72,65,56,44.76,47,58,52.17,132,121,48.07,311,336,45.78,152,180,41.79,56,78,40.00,36,54,2018,Regular,From
T.B,66,94,57.23,70.00,7,3,45.83,11,13,60.38,32,21,54.65,47,39,62.30,38,23,59.52,25,17,52.17,12,11,T.B,66,94,50.02,53.91,69,59,48.75,78,82,59.63,257,174,51.92,608,563,42.81,244,326,39.58,171,261,44.29,128,161,T.B,66,94,55.57,54.55,24,20,66.25,53,27,56.70,110,84,57.24,253,189,54.13,131,111,46.55,81,93,44.54,53,66,T.B,66,94,53.91,59.32,35,24,62.96,51,30,56.88,124,94,52.91,318,283,50.47,161,158,45.45,90,108,42.74,53,71,2018,Regular,From
TOR,66,85,53.29,90.00,9,1,51.61,16,15,48.94,23,24,54.64,53,44,50.85,30,29,55.81,24,19,48.28,14,15,TOR,66,85,48.15,62.67,47,28,61.32,195,123,54.25,249,210,44.72,584,722,42.50,235,318,43.25,141,185,46.40,129,149,TOR,66,85,49.45,52.94,18,16,58.33,84,60,57.14,120,90,49.00,294,306,41.74,96,134,41.38,48,68,43.51,57,74,TOR,66,85,54.85,47.50,19,21,65.36,100,53,63.72,144,82,55.30,365,295,44.44,120,150,46.39,77,89,44.83,65,80,2018,Regular,From
VAN,66,59,45.41,44.44,8,10,31.25,10,22,48.21,27,29,44.00,44,56,46.15,18,21,61.90,13,8,46.15,6,7,VAN,66,59,47.35,50.25,99,98,56.72,232,177,54.62,343,285,46.58,442,507,39.58,188,287,40.27,91,135,43.23,83,109,VAN,66,59,46.11,53.16,42,37,47.93,81,88,49.38,119,122,50.72,210,204,42.86,78,104,36.90,31,53,28.89,26,64,VAN,66,59,47.89,57.83,48,35,60.29,123,81,55.69,186,148,48.95,210,219,39.91,87,131,32.76,38,78,30.61,30,68,2018,Regular,From
VGK,66,89,54.85,55.56,5,4,29.41,5,12,67.31,35,17,56.88,62,47,53.52,38,33,55.26,21,17,42.11,8,11,VGK,66,89,52.28,50.72,35,34,67.50,108,52,55.81,298,236,53.45,659,574,46.07,281,329,47.00,133,150,42.34,116,158,VGK,66,89,51.65,60.71,17,11,58.02,47,34,58.47,145,103,50.69,257,250,47.22,119,133,45.69,53,63,41.88,49,68,VGK,66,89,52.65,51.43,18,17,71.15,74,30,59.66,173,117,52.94,315,280,42.94,140,186,40.59,69,101,42.48,65,88,2018,Regular,From
WPG,66,89,54.76,37.50,6,10,46.67,7,8,47.73,21,23,61.36,54,34,60.34,35,23,51.28,20,19,57.14,16,12,WPG,66,89,52.31,54.97,94,77,62.01,111,68,57.43,201,149,51.19,517,493,47.68,319,350,49.37,195,200,43.66,117,151,WPG,66,89,52.14,64.79,46,25,54.29,38,32,51.88,83,77,45.54,199,238,53.15,152,134,53.67,95,82,49.53,53,54,WPG,66,89,51.25,64.89,61,33,64.29,45,25,58.38,108,77,47.22,263,294,47.42,147,163,42.56,103,139,39.57,55,84,2018,Regular,From
WSH,66,81,51.80,50.00,7,7,55.56,15,12,53.70,29,25,50.49,52,51,57.14,28,21,50.00,16,16,37.50,6,10,WSH,66,81,46.85,59.66,142,96,59.02,121,84,52.65,248,223,43.63,462,597,44.27,251,316,40.43,131,193,30.47,39,89,WSH,66,81,47.08,51.96,53,49,48.81,41,43,49.33,111,114,48.79,263,276,39.58,114,174,46.99,78,88,39.62,21,32,WSH,66,81,51.56,68.00,85,40,60.66,74,48,59.11,159,110,51.05,268,257,43.58,146,189,39.01,71,111,40.35,23,34,2018,Regular,From
ANA,65,76,50.78,57.14,8,6,54.55,12,10,50.00,24,24,49.48,48,49,55.56,25,20,50.00,14,14,36.36,4,7,ANA,65,76,48.55,61.17,63,40,57.49,119,88,53.83,274,235,48.43,541,576,41.83,261,363,39.53,136,208,46.39,77,89,ANA,65,76,48.61,50.00,28,28,55.77,58,46,56.52,117,90,47.87,236,257,44.21,149,188,40.79,62,90,42.62,26,35,ANA,65,76,48.42,71.15,37,15,57.35,78,58,56.20,145,113,46.68,267,305,39.63,128,195,42.58,66,89,35.21,25,46,2018,Regular,From
ARI,65,51,43.33,50.00,11,11,47.06,16,18,42.86,27,36,40.95,43,62,36.59,15,26,38.46,5,8,83.33,5,1,ARI,65,51,47.28,54.51,133,111,52.71,175,157,52.90,328,292,46.88,564,639,42.61,225,303,39.05,41,64,43.21,35,46,ARI,65,51,44.78,51.75,59,55,47.22,68,76,54.20,155,131,44.21,275,347,39.61,101,154,36.36,16,28,34.55,19,36,ARI,65,51,51.33,61.61,69,43,58.56,106,75,54.44,190,159,51.29,317,301,48.36,147,157,41.18,21,30,45.71,32,38,2018,Regular,From
BOS,65,92,57.35,55.56,5,4,60.00,15,10,52.00,26,24,55.67,54,43,57.69,30,22,70.97,22,9,56.52,13,10,BOS,65,92,53.49,66.07,74,38,57.98,149,108,60.68,233,151,51.28,623,592,48.31,271,290,48.90,111,116,53.04,131,116,BOS,65,92,53.94,59.52,25,17,62.63,62,37,61.71,108,67,51.77,263,245,47.60,119,131,50.46,55,54,50.00,63,63,BOS,65,92,55.45,68.97,40,18,64.35,74,41,64.06,123,69,53.54,310,269,45.40,143,172,50.00,59,59,48.95,70,73,2018,Regular,From
BUF,65,51,41.23,48.48,16,17,36.11,13,23,38.18,21,34,40.22,37,55,54.05,20,17,23.08,3,10,16.67,1,5,BUF,65,51,47.56,55.42,138,111,57.95,164,119,51.09,350,335,47.04,541,609,44.26,216,272,41.30,57,81,27.27,18,48,BUF,65,51,44.80,56.14,64,50,48.21,54,58,50.82,155,150,44.53,179,223,43.02,74,98,28.07,16,41,25.93,7,20,BUF,65,51,45.90,53.28,65,57,52.50,63,57,60.88,207,133,43.37,216,282,36.57,79,137,33.77,26,51,28.57,10,25,2018,Regular,From
CAR,65,69,46.03,33.33,6,12,39.13,9,14,47.06,24,27,48.51,49,52,47.46,28,31,50.00,11,11,40.00,4,6,CAR,65,69,54.14,53.36,119,104,62.41,166,100,61.43,293,184,53.90,671,574,49.91,276,277,46.35,108,125,48.26,83,89,CAR,65,69,52.71,50.49,52,51,46.61,55,63,66.21,145,74,54.56,317,264,47.66,112,123,47.87,45,49,35.48,22,40,CAR,65,69,56.88,67.92,72,34,72.27,86,33,63.40,168,97,56.07,379,297,46.93,130,147,50.41,61,60,45.59,31,37,2018,Regular,From
CBJ,65,69,50.26,56.25,9,7,40.74,11,16,49.02,25,26,52.53,52,47,48.00,24,26,52.63,10,9,54.55,6,5,CBJ,65,69,52.55,50.81,63,61,63.10,236,138,60.78,327,211,52.36,709,645,45.09,285,347,42.44,73,99,48.48,80,85,CBJ,65,69,52.98,65.63,42,22,59.03,85,59,60.73,133,86,52.53,280,253,46.15,108,126,41.25,33,47,48.48,32,34,CBJ,65,69,48.18,59.62,31,21,59.54,103,70,55.17,160,130,49.60,308,313,36.60,112,194,30.00,27,63,43.82,39,50,2018,Regular,From
CGY,65,73,49.61,50.00,7,7,36.84,7,12,56.86,29,22,53.00,53,47,40.00,22,33,56.00,14,11,44.44,4,5,CGY,65,73,51.23,64.71,77,42,52.79,104,93,49.90,254,255,52.23,714,653,47.32,265,295,46.95,123,139,51.49,52,49,CGY,65,73,53.46,60.27,44,29,61.29,57,36,54.13,118,100,53.27,350,307,48.86,129,135,51.38,56,53,53.70,29,25,CGY,65,73,54.52,76.12,51,16,66.15,86,44,57.97,160,116,54.06,386,328,46.40,129,149,49.07,53,55,40.00,22,33,2018,Regular,From
CHI,65,64,48.85,48.28,14,15,34.78,8,15,35.71,15,27,51.58,49,46,48.00,24,26,56.00,14,11,69.23,18,8,CHI,65,64,52.02,61.13,184,117,65.00,169,91,52.52,240,217,50.24,636,630,48.75,253,266,44.86,109,134,49.16,117,121,CHI,65,64,51.68,71.43,85,34,57.80,63,46,59.35,92,63,48.47,238,253,51.31,98,93,40.00,34,51,36.73,36,62,CHI,65,64,58.90,75.96,139,44,67.07,110,54,60.92,159,102,57.98,396,287,55.04,153,125,46.02,52,61,47.44,74,82,2018,Regular,From
COL,65,76,50.80,50.00,12,12,44.00,11,14,40.91,18,26,53.85,49,42,52.73,29,26,54.17,13,11,58.33,14,10,COL,65,76,47.30,57.14,76,57,60.56,109,71,53.63,244,211,45.49,509,610,45.05,300,366,31.47,62,135,39.56,72,110,COL,65,76,46.69,43.42,33,43,56.16,41,32,48.76,98,103,43.71,205,264,50.21,118,117,43.30,42,55,42.35,36,49,COL,65,76,48.94,50.57,44,43,63.27,62,36,52.49,137,124,49.18,299,309,48.37,163,174,28.43,29,73,33.67,33,65,2018,Regular,From
DAL,65,79,54.55,56.25,9,7,28.57,6,15,57.14,24,18,51.65,47,44,55.56,30,24,61.90,13,8,75.00,18,6,DAL,65,79,52.08,61.02,144,92,60.94,117,75,57.11,265,199,52.29,593,541,44.08,227,288,39.84,51,77,49.22,126,130,DAL,65,79,52.46,60.67,54,35,63.08,41,24,55.35,119,96,51.12,228,218,53.03,105,93,42.19,27,37,43.31,55,72,DAL,65,79,51.20,57.03,73,55,63.96,71,40,55.35,150,121,51.06,337,323,48.31,143,153,25.64,20,58,44.10,71,90,2018,Regular,From
DET,65,62,46.02,31.25,5,11,44.83,13,16,43.64,24,31,45.98,40,47,49.09,27,28,57.89,11,8,42.86,3,4,DET,65,62,48.81,55.95,94,74,55.85,148,117,51.72,300,280,48.66,583,615,43.56,203,263,46.98,140,158,39.67,48,73,DET,65,62,50.74,59.46,44,30,43.48,50,65,53.33,128,112,53.10,248,219,45.71,96,114,51.54,67,63,43.14,22,29,DET,65,62,46.23,63.04,58,34,56.20,68,53,53.36,159,139,46.51,240,276,35.04,82,152,36.23,50,88,33.33,18,36,2018,Regular,From
EDM,65,58,48.84,44.44,8,10,57.58,19,14,43.94,29,37,47.87,45,49,51.92,27,25,44.00,11,14,55.56,10,8,EDM,65,58,51.02,57.44,166,123,54.50,200,167,53.77,385,331,50.89,603,582,51.30,198,188,47.06,88,99,46.00,69,81,EDM,65,58,53.03,58.12,68,49,52.70,78,70,57.09,169,127,55.53,261,209,45.57,72,86,46.48,33,38,55.88,38,30,EDM,65,58,48.37,64.24,97,54,56.02,107,84,50.13,198,197,51.30,315,299,44.34,94,118,30.51,36,82,35.53,27,49,2018,Regular,From
FLA,65,73,47.85,26.67,4,11,55.17,16,13,52.63,30,27,49.49,49,50,42.11,24,33,55.56,15,12,36.84,7,12,FLA,65,73,50.00,49.24,65,67,58.82,140,98,59.38,418,286,50.51,647,634,43.03,256,339,37.78,85,140,37.41,55,92,FLA,65,73,49.80,60.87,28,18,62.24,61,37,55.07,152,124,49.46,229,234,42.52,108,146,40.00,40,60,46.43,26,30,FLA,65,73,46.98,66.18,45,23,57.45,54,40,56.83,179,136,44.19,247,312,36.43,102,178,42.00,42,58,39.34,24,37,2018,Regular,From
L.A,65,77,54.26,73.33,11,4,57.69,15,11,50.00,28,28,43.75,42,54,61.90,26,16,73.68,14,5,66.67,8,4,L.A,65,77,48.93,48.42,92,98,54.86,141,116,53.58,337,292,51.19,560,534,45.16,210,255,34.98,78,145,43.79,74,95,L.A,65,77,48.53,64.79,46,25,54.13,59,50,50.79,161,156,51.76,264,246,42.37,75,102,32.98,31,63,36.49,27,47,L.A,65,77,51.25,56.52,52,40,51.59,65,61,59.48,182,124,53.14,313,276,51.59,130,122,30.83,37,83,31.46,28,61,2018,Regular,From
MIN,65,79,52.04,40.00,8,12,50.00,11,11,43.75,21,27,53.33,48,42,58.49,31,22,67.74,21,10,44.00,11,14,MIN,65,79,49.56,49.29,69,71,62.15,133,81,54.88,242,199,47.44,529,586,47.33,293,326,40.74,110,160,46.54,101,116,MIN,65,79,44.54,53.06,26,23,56.52,39,30,55.08,103,84,40.09,174,260,39.58,95,145,40.83,49,71,38.00,38,62,MIN,65,79,45.31,52.78,38,34,57.47,50,37,53.60,119,103,43.99,245,312,37.58,118,196,35.29,54,99,36.07,44,78,2018,Regular,From
MTL,65,61,45.07,29.41,5,12,30.77,8,18,43.48,20,26,45.16,42,51,50.00,23,23,57.14,12,9,61.54,8,5,MTL,65,61,51.59,61.11,143,91,58.62,153,108,55.04,322,263,50.37,678,668,48.00,180,195,48.73,153,161,41.18,35,50,MTL,65,61,49.24,62.50,60,36,60.38,64,42,49.49,98,100,49.14,257,266,50.29,87,86,39.37,50,77,25.58,11,32,MTL,65,61,49.68,57.38,70,52,61.80,110,68,56.21,172,134,51.20,383,365,36.03,89,158,45.60,88,105,22.95,14,47,2018,Regular,From
N.J,65,74,48.50,58.33,7,5,42.86,12,16,49.12,28,29,50.46,55,54,43.64,24,31,50.00,10,10,50.00,3,3,N.J,65,74,49.77,53.85,70,60,52.14,122,112,54.42,345,289,50.69,587,571,46.27,273,317,38.92,72,113,46.04,64,75,N.J,65,74,48.17,58.33,35,25,56.88,62,47,52.83,140,125,44.86,205,252,47.55,126,139,38.37,33,53,47.06,24,27,N.J,65,74,46.63,68.00,51,24,47.11,57,64,55.87,157,124,47.55,262,289,39.05,107,167,34.02,33,64,23.73,14,45,2018,Regular,From
NSH,65,93,56.20,40.00,2,3,75.00,12,4,57.14,28,21,58.33,49,35,58.33,35,25,45.16,14,17,50.00,11,11,NSH,65,93,50.63,50.55,46,45,55.17,80,65,58.61,279,197,51.34,612,580,43.38,298,389,42.37,125,170,46.72,128,146,NSH,65,93,54.89,69.77,30,13,68.66,46,21,59.04,111,77,59.00,282,196,43.57,122,158,44.35,51,64,43.81,46,59,NSH,65,93,53.59,67.44,29,14,59.77,52,35,63.53,162,93,52.35,301,274,42.93,161,214,45.45,70,84,47.76,64,70,2018,Regular,From
NYI,65,65,47.86,56.52,13,10,43.75,14,18,44.78,30,37,45.45,50,60,49.09,27,28,61.54,16,10,45.83,11,13,NYI,65,65,46.38,49.82,142,143,44.86,144,177,53.72,339,292,47.97,484,525,39.56,214,327,41.85,95,132,43.30,97,127,NYI,65,65,46.43,43.80,53,68,59.49,94,64,47.33,124,138,46.34,177,205,43.98,84,107,39.56,36,55,47.73,42,46,NYI,65,65,49.58,62.09,95,58,57.78,104,76,56.29,188,146,49.60,251,255,41.00,107,154,40.16,49,73,39.05,41,64,2018,Regular,From
NYR,65,64,46.45,46.15,6,7,47.06,16,18,45.59,31,37,44.64,50,62,46.15,24,28,55.56,10,8,50.00,3,3,NYR,65,64,46.38,49.17,89,92,56.25,189,147,50.32,388,383,47.01,559,630,38.14,193,313,42.45,90,122,48.00,36,39,NYR,65,64,46.60,47.95,35,38,58.33,77,55,52.14,134,123,45.14,195,237,39.05,82,128,49.48,48,49,34.48,10,19,NYR,65,64,43.50,44.19,38,48,58.97,92,64,51.21,169,161,44.04,251,319,34.02,83,161,37.29,44,74,15.38,6,33,2018,Regular,From
OTT,65,56,44.68,69.57,16,7,24.24,8,25,48.39,30,32,43.56,44,57,48.98,24,25,40.74,11,16,30.00,3,7,OTT,65,56,47.61,50.00,119,119,47.60,129,142,53.64,361,312,47.94,546,593,45.88,223,263,38.94,81,127,44.83,39,48,OTT,65,56,47.46,54.35,50,42,56.00,70,55,51.21,148,141,49.41,250,256,41.58,84,118,36.96,34,58,31.58,12,26,OTT,65,56,45.27,63.16,72,42,60.00,126,84,58.49,224,159,41.32,269,382,33.09,92,186,32.32,32,67,30.19,16,37,2018,Regular,From
PHI,65,79,53.33,72.73,8,3,37.50,9,15,53.49,23,20,57.73,56,41,50.85,30,29,58.33,14,10,41.18,7,10,PHI,65,79,49.77,50.65,78,76,56.52,130,100,55.11,221,180,49.84,641,645,45.14,246,299,43.34,127,166,44.88,57,70,PHI,65,79,48.17,64.29,36,20,55.32,52,42,52.00,78,72,48.95,280,292,40.97,93,134,41.23,47,67,35.85,19,34,PHI,65,79,48.93,66.67,58,29,60.68,71,46,59.42,123,84,48.11,319,344,36.59,105,182,43.80,53,68,30.65,19,43,2018,Regular,From
PIT,65,76,48.89,21.05,4,15,56.00,14,11,48.39,30,32,50.53,48,47,50.91,28,27,51.61,16,15,53.33,8,7,PIT,65,76,53.05,53.81,106,91,57.09,141,106,54.83,312,257,55.26,646,523,47.08,242,272,54.44,135,113,44.40,111,139,PIT,65,76,51.46,59.04,49,34,54.95,61,50,53.71,123,106,50.22,226,224,46.23,92,107,55.75,63,50,47.56,39,43,PIT,65,76,50.28,46.73,50,57,61.24,79,50,56.47,157,121,50.53,287,281,46.72,121,138,39.46,58,89,41.75,43,60,2018,Regular,From
S.J,65,79,48.38,40.00,4,6,57.14,16,12,46.15,24,28,46.39,45,52,43.40,23,30,66.67,18,9,43.75,7,9,S.J,65,79,51.70,51.20,64,61,66.67,116,58,54.20,400,338,54.46,562,470,47.28,235,262,36.61,123,213,49.50,99,101,S.J,65,79,53.45,59.26,32,22,55.00,55,45,57.48,169,125,54.85,260,214,48.94,115,120,51.49,69,65,38.75,31,49,S.J,65,79,49.85,56.00,42,33,64.06,82,46,55.02,230,188,50.25,304,301,45.75,140,166,39.90,81,122,29.66,35,83,2018,Regular,From
STL,65,74,51.71,52.63,10,9,29.17,7,17,42.11,16,22,57.32,47,35,56.60,30,23,64.29,18,10,45.45,10,12,STL,65,74,52.18,52.17,120,110,55.70,127,101,52.86,240,214,54.46,605,506,49.68,312,316,43.48,100,130,47.78,86,94,STL,65,74,54.02,63.16,60,35,59.34,54,37,54.00,108,92,57.31,239,178,46.49,126,145,43.12,47,62,61.54,32,20,STL,65,74,48.03,53.72,65,56,44.76,47,58,51.98,131,121,48.24,302,324,45.29,149,180,41.79,56,78,40.00,36,54,2018,Regular,From
T.B,65,92,57.39,70.00,7,3,40.91,9,13,61.22,30,19,55.42,46,37,63.33,38,22,59.52,25,17,52.17,12,11,T.B,65,92,50.04,53.91,69,59,48.99,73,76,59.95,250,167,52.05,598,551,42.25,237,324,39.58,171,261,44.29,128,161,T.B,65,92,55.48,54.55,24,20,65.38,51,27,56.32,107,83,57.31,251,187,54.17,130,110,46.55,81,93,44.54,53,66,T.B,65,92,53.98,59.32,35,24,63.29,50,29,56.60,120,92,52.94,315,280,50.48,159,156,45.45,90,108,42.74,53,71,2018,Regular,From
TOR,65,84,53.26,90.00,9,1,50.00,15,15,48.89,22,23,55.21,53,43,50.85,30,29,55.81,24,19,48.28,14,15,TOR,65,84,48.04,62.67,47,28,61.20,194,123,54.18,240,203,44.37,564,707,42.50,235,318,43.25,141,185,46.40,129,149,TOR,65,84,49.14,52.94,18,16,58.33,84,60,56.16,114,89,48.65,289,305,41.74,96,134,41.38,48,68,43.51,57,74,TOR,65,84,54.75,47.50,19,21,65.36,100,53,64.09,141,79,54.77,356,294,44.44,120,150,46.39,77,89,44.83,65,80,2018,Regular,From
VAN,65,57,45.08,44.44,8,10,29.03,9,22,49.09,27,28,43.30,42,55,46.15,18,21,61.90,13,8,46.15,6,7,VAN,65,57,47.45,50.25,99,98,56.47,227,175,54.84,340,280,46.67,434,496,39.74,186,282,40.27,91,135,43.23,83,109,VAN,65,57,46.11,53.16,42,37,47.90,80,87,49.38,119,122,51.12,205,196,42.54,77,104,36.90,31,53,28.89,26,64,VAN,65,57,47.79,57.83,48,35,59.69,117,79,56.06,185,145,48.33,202,216,40.19,86,128,32.76,38,78,30.61,30,68,2018,Regular,From
VGK,65,89,55.32,55.56,5,4,31.25,5,11,68.00,34,16,57.94,62,45,53.52,38,33,55.26,21,17,42.11,8,11,VGK,65,89,52.11,49.25,33,34,68.21,103,48,54.67,275,228,53.42,656,572,46.07,281,329,47.00,133,150,42.34,116,158,VGK,65,89,52.18,59.26,16,11,62.50,45,27,60.59,143,93,50.60,255,249,47.22,119,133,45.69,53,63,41.88,49,68,VGK,65,89,52.58,50.00,17,17,69.89,65,28,58.80,167,117,53.39,315,275,42.94,140,186,40.59,69,101,42.48,65,88,2018,Regular,From
WPG,65,87,54.26,37.50,6,10,46.67,7,8,47.73,21,23,60.92,53,34,59.65,34,23,50.00,19,19,57.14,16,12,WPG,65,87,52.30,54.97,94,77,62.01,111,68,57.43,201,149,50.91,502,484,47.87,315,343,49.87,185,186,43.40,115,150,WPG,65,87,52.22,64.79,46,25,54.29,38,32,51.88,83,77,45.56,195,233,52.86,148,132,55.09,92,75,49.53,53,54,WPG,65,87,51.03,64.89,61,33,64.29,45,25,58.38,108,77,47.16,257,288,46.56,142,163,41.92,96,133,39.57,55,84,2018,Regular,From
WSH,65,81,52.26,53.85,7,6,57.69,15,11,54.72,29,24,50.49,52,51,57.14,28,21,50.00,16,16,37.50,6,10,WSH,65,81,46.61,57.49,119,88,58.29,116,83,52.92,245,218,43.57,461,597,44.27,251,316,40.43,131,193,30.47,39,89,WSH,65,81,47.27,53.75,43,37,49.38,40,41,50.00,110,110,48.60,261,276,39.58,114,174,46.99,78,88,39.62,21,32,WSH,65,81,51.46,64.86,72,39,60.18,68,45,60.00,156,104,51.05,268,257,43.58,146,189,39.01,71,111,40.35,23,34,2018,Regular,From
ANA,64,74,50.64,57.14,8,6,54.55,12,10,48.94,23,24,50.00,48,48,54.55,24,20,48.15,13,14,40.00,4,6,ANA,64,74,48.42,61.17,63,40,57.49,119,88,53.65,272,235,48.35,528,564,41.89,261,362,39.01,126,197,46.34,76,88,ANA,64,74,48.49,50.00,28,28,55.77,58,46,56.52,117,90,47.49,227,251,44.21,149,188,40.43,57,84,44.07,26,33,ANA,64,74,48.27,71.15,37,15,57.35,78,58,56.20,145,113,46.54,262,301,39.63,128,195,42.18,62,85,35.21,25,46,2018,Regular,From
ARI,64,50,43.06,50.00,11,11,45.45,15,18,41.94,26,36,41.18,42,60,36.59,15,26,38.46,5,8,83.33,5,1,ARI,64,50,47.13,54.51,133,111,51.13,159,152,53.26,327,287,46.76,556,633,42.61,222,299,39.05,41,64,43.21,35,46,ARI,64,50,44.53,51.75,59,55,46.32,63,73,53.71,152,131,44.01,272,346,39.61,101,154,36.36,16,28,34.55,19,36,ARI,64,50,51.33,61.61,69,43,57.74,97,71,54.60,190,158,51.72,316,295,48.00,144,156,41.18,21,30,45.71,32,38,2018,Regular,From
BOS,64,90,56.92,55.56,5,4,60.00,15,10,51.02,25,24,54.74,52,43,57.69,30,22,70.97,22,9,56.52,13,10,BOS,64,90,53.50,66.07,74,38,57.98,149,108,60.73,232,150,51.18,605,577,48.56,270,286,48.90,111,116,53.04,131,116,BOS,64,90,53.81,59.52,25,17,62.63,62,37,61.49,107,67,51.64,252,236,47.37,117,130,50.46,55,54,50.00,63,63,BOS,64,90,55.56,68.97,40,18,64.35,74,41,64.40,123,68,53.71,304,262,45.69,143,170,50.00,59,59,48.95,70,73,2018,Regular,From
BUF,64,51,41.64,48.48,16,17,37.14,13,22,37.74,20,33,41.11,37,53,54.05,20,17,23.08,3,10,16.67,1,5,BUF,64,51,47.52,55.98,131,103,57.76,160,117,51.34,346,328,46.85,535,607,44.26,216,272,41.30,57,81,27.27,18,48,BUF,64,51,44.72,55.66,59,47,48.21,54,58,50.83,154,149,44.50,178,222,43.02,74,98,28.07,16,41,25.93,7,20,BUF,64,51,45.71,54.62,65,54,52.54,62,56,60.06,200,133,43.26,215,282,36.57,79,137,33.77,26,51,28.57,10,25,2018,Regular,From
CAR,64,67,45.49,33.33,6,12,39.13,9,14,47.06,24,27,47.47,47,52,46.55,27,31,50.00,11,11,40.00,4,6,CAR,64,67,54.09,53.36,119,104,62.41,166,100,61.43,293,184,53.88,652,558,49.81,269,271,46.35,108,125,48.26,83,89,CAR,64,67,52.50,50.49,52,51,46.61,55,63,66.21,145,74,54.05,307,261,47.83,110,120,47.87,45,49,35.48,22,40,CAR,64,67,56.87,67.92,72,34,72.27,86,33,63.40,168,97,56.09,373,292,46.82,125,142,50.83,61,59,45.59,31,37,2018,Regular,From
CBJ,64,69,50.46,53.33,8,7,42.31,11,15,50.00,25,25,52.04,51,47,48.98,24,25,52.63,10,9,54.55,6,5,CBJ,64,69,52.62,50.82,62,60,63.74,225,128,60.71,326,211,52.45,697,632,45.24,285,345,42.44,73,99,48.48,80,85,CBJ,64,69,53.09,64.52,40,22,59.40,79,54,60.73,133,86,52.90,274,244,46.15,108,126,41.25,33,47,48.48,32,34,CBJ,64,69,48.19,59.62,31,21,60.00,99,66,55.17,160,130,49.67,304,308,36.60,112,194,30.00,27,63,43.82,39,50,2018,Regular,From
CGY,64,73,50.17,50.00,7,7,38.89,7,11,58.00,29,21,53.54,53,46,39.62,21,32,56.00,14,11,44.44,4,5,CGY,64,73,51.20,64.71,77,42,51.34,96,91,49.80,248,250,52.32,710,647,47.38,262,291,47.27,121,135,51.49,52,49,CGY,64,73,53.32,60.27,44,29,60.92,53,34,54.13,118,100,53.07,346,306,48.67,128,135,51.85,56,52,53.70,29,25,CGY,64,73,54.08,76.12,51,16,65.60,82,43,57.66,158,116,53.77,378,325,46.01,127,149,47.62,50,55,40.00,22,33,2018,Regular,From
CHI,64,62,48.86,48.28,14,15,34.78,8,15,35.00,14,26,51.61,48,45,47.92,23,25,56.00,14,11,69.23,18,8,CHI,64,62,52.16,61.13,184,117,65.61,166,87,53.01,238,211,50.36,630,621,48.73,249,262,44.86,109,134,49.16,117,121,CHI,64,62,51.50,71.43,85,34,57.14,60,45,60.13,92,61,48.02,231,250,51.08,95,91,40.00,34,51,36.73,36,62,CHI,64,62,58.81,75.96,139,44,66.88,107,53,61.57,157,98,57.65,388,285,55.15,150,122,46.02,52,61,47.44,74,82,2018,Regular,From
COL,64,75,51.02,50.00,12,12,44.00,11,14,38.10,16,26,55.06,49,40,53.70,29,25,54.17,13,11,58.33,14,10,COL,64,75,47.30,57.14,76,57,60.56,109,71,53.78,235,202,45.54,500,598,45.02,298,364,31.47,62,135,39.56,72,110,COL,64,75,46.76,43.42,33,43,56.16,41,32,48.40,91,97,43.89,201,257,50.43,118,116,43.30,42,55,42.35,36,49,COL,64,75,48.95,50.57,44,43,63.27,62,36,52.23,129,118,48.90,290,303,49.39,163,167,28.43,29,73,33.67,33,65,2018,Regular,From
DAL,64,77,54.48,56.25,9,7,28.57,6,15,56.10,23,18,51.14,45,43,56.60,30,23,61.90,13,8,75.00,18,6,DAL,64,77,52.11,61.02,144,92,60.94,117,75,57.11,261,196,52.30,569,519,44.36,224,281,39.84,51,77,49.22,126,130,DAL,64,77,52.23,60.67,54,35,63.08,41,24,55.24,116,94,50.57,220,215,53.06,104,92,42.19,27,37,43.31,55,72,DAL,64,77,51.18,57.03,73,55,63.96,71,40,55.97,150,118,50.86,325,314,48.47,143,152,25.64,20,58,44.10,71,90,2018,Regular,From
DET,64,62,46.34,31.25,5,11,46.43,13,15,44.44,24,30,45.88,39,46,49.09,27,28,57.89,11,8,42.86,3,4,DET,64,62,48.70,56.29,94,73,55.85,148,117,51.61,288,270,48.54,580,615,43.30,194,254,46.98,140,158,39.67,48,73,DET,64,62,50.79,60.27,44,29,43.48,50,65,53.71,123,106,53.02,246,218,45.54,92,110,51.54,67,63,43.14,22,29,DET,64,62,46.10,62.64,57,34,56.20,68,53,53.98,156,133,46.48,238,274,33.92,77,150,36.23,50,88,33.33,18,36,2018,Regular,From
EDM,64,58,48.84,44.44,8,10,56.25,18,14,43.75,28,36,48.39,45,48,51.92,27,25,44.00,11,14,55.56,10,8,EDM,64,58,51.02,57.44,166,123,54.47,195,163,53.74,359,309,50.84,602,582,51.30,198,188,47.06,88,99,46.00,69,81,EDM,64,58,53.01,58.12,68,49,52.08,75,69,57.39,163,121,55.44,260,209,45.57,72,86,46.48,33,38,55.88,38,30,EDM,64,58,48.50,64.24,97,54,56.15,105,82,50.54,187,183,51.30,315,299,44.34,94,118,30.51,36,82,35.53,27,49,2018,Regular,From
FLA,64,71,47.37,26.67,4,11,55.17,16,13,52.63,30,27,49.49,49,50,41.07,23,33,53.85,14,12,33.33,6,12,FLA,64,71,50.04,49.24,65,67,58.82,140,98,59.38,418,286,50.51,638,625,42.98,254,337,37.95,85,139,37.61,44,73,FLA,64,71,49.68,60.87,28,18,62.24,61,37,55.07,152,124,49.34,226,232,42.29,107,146,40.00,40,60,47.62,20,22,FLA,64,71,47.03,66.18,45,23,57.45,54,40,56.83,179,136,44.46,245,306,35.97,100,178,41.84,41,57,44.19,19,24,2018,Regular,From
L.A,64,75,54.18,73.33,11,4,56.00,14,11,50.00,27,27,44.21,42,53,61.90,26,16,72.22,13,5,66.67,8,4,L.A,64,75,48.88,48.42,92,98,54.76,138,114,53.30,331,290,51.30,552,524,44.81,203,250,35.51,76,138,43.98,73,93,L.A,64,75,48.90,64.79,46,25,54.63,59,49,50.95,161,155,51.98,262,242,42.29,74,101,35.71,30,54,36.49,27,47,L.A,64,75,51.18,56.52,52,40,49.59,60,61,59.60,180,122,53.17,310,273,51.61,128,120,31.36,37,81,32.18,28,59,2018,Regular,From
MIN,64,79,53.00,46.67,7,8,52.38,11,10,43.75,21,27,53.93,48,41,58.49,31,22,67.74,21,10,44.00,11,14,MIN,64,79,49.35,43.75,49,63,61.72,129,80,54.88,242,199,47.51,524,579,47.33,293,326,40.74,110,160,46.54,101,116,MIN,64,79,44.39,48.28,14,15,56.52,39,30,55.08,103,84,40.14,173,258,39.58,95,145,40.83,49,71,38.00,38,62,MIN,64,79,45.30,52.63,30,27,56.79,46,35,53.39,118,103,44.26,243,306,37.58,118,196,35.29,54,99,36.07,44,78,2018,Regular,From
MTL,64,60,45.06,29.41,5,12,30.77,8,18,43.48,20,26,45.05,41,50,50.00,23,23,57.14,12,9,61.54,8,5,MTL,64,60,51.70,61.11,143,91,58.62,153,108,55.04,322,263,50.45,671,659,48.99,169,176,48.73,153,161,41.18,35,50,MTL,64,60,49.42,62.50,60,36,60.38,64,42,49.49,98,100,49.32,255,262,51.55,83,78,39.37,50,77,25.58,11,32,MTL,64,60,49.83,57.38,70,52,61.80,110,68,56.21,172,134,51.35,381,361,36.86,87,149,45.60,88,105,22.95,14,47,2018,Regular,From
N.J,64,74,49.03,58.33,7,5,42.86,12,16,50.00,28,28,51.40,55,52,43.64,24,31,50.00,10,10,50.00,3,3,N.J,64,74,49.82,53.85,70,60,52.14,122,112,54.59,339,282,50.85,571,552,46.27,273,317,38.92,72,113,46.04,64,75,N.J,64,74,48.37,58.33,35,25,56.88,62,47,52.69,137,123,45.50,202,242,47.55,126,139,38.37,33,53,47.06,24,27,N.J,64,74,46.59,68.00,51,24,46.67,56,64,56.09,152,119,47.59,257,283,39.05,107,167,34.02,33,64,23.73,14,45,2018,Regular,From
NSH,64,91,56.16,40.00,2,3,75.00,12,4,56.25,27,21,57.32,47,35,60.34,35,23,45.16,14,17,50.00,11,11,NSH,64,91,50.53,50.55,46,45,55.17,80,65,58.69,277,195,51.24,600,571,43.20,289,380,42.37,125,170,46.72,128,146,NSH,64,91,54.79,69.77,30,13,68.66,46,21,58.82,110,77,58.89,275,192,43.45,116,151,44.35,51,64,43.81,46,59,NSH,64,91,53.50,67.44,29,14,59.77,52,35,62.50,155,93,52.68,295,265,42.94,155,206,45.45,70,84,47.76,64,70,2018,Regular,From
NYI,64,65,48.44,56.52,13,10,45.16,14,17,43.75,28,36,47.17,50,56,49.09,27,28,61.54,16,10,45.83,11,13,NYI,64,65,46.25,49.82,142,143,44.79,142,175,53.68,328,283,47.73,473,518,39.56,214,327,41.85,95,132,43.30,97,127,NYI,64,65,46.32,43.80,53,68,59.74,92,62,46.61,117,134,46.38,173,200,43.98,84,107,39.56,36,55,47.73,42,46,NYI,64,65,49.36,62.09,95,58,57.30,102,76,56.17,182,142,49.30,247,254,41.00,107,154,40.16,49,73,39.05,41,64,2018,Regular,From
NYR,64,62,46.12,46.15,6,7,47.06,16,18,45.59,31,37,43.64,48,62,46.00,23,27,55.56,10,8,50.00,3,3,NYR,64,62,46.50,49.17,89,92,56.25,189,147,50.32,388,383,46.90,553,626,38.80,187,295,44.09,82,104,48.00,36,39,NYR,64,62,46.56,47.95,35,38,58.33,77,55,52.14,134,123,44.88,193,237,39.49,77,118,50.00,43,43,34.48,10,19,NYR,64,62,43.51,44.19,38,48,58.97,92,64,51.21,169,161,44.04,251,319,34.75,82,154,36.79,39,67,15.38,6,33,2018,Regular,From
OTT,64,54,44.50,69.57,16,7,24.24,8,25,48.39,30,32,42.42,42,57,50.00,24,24,40.74,11,16,30.00,3,7,OTT,64,54,47.57,50.00,119,119,47.60,129,142,53.82,345,296,47.84,543,592,45.89,218,257,38.94,81,127,44.83,39,48,OTT,64,54,47.22,54.35,50,42,56.00,70,55,50.37,137,135,49.30,247,254,41.41,82,116,36.96,34,58,31.58,12,26,OTT,64,54,45.23,63.16,72,42,60.00,126,84,58.22,209,150,41.40,267,378,33.58,91,180,32.32,32,67,30.19,16,37,2018,Regular,From
PHI,64,78,53.53,72.73,8,3,37.50,9,15,52.38,22,20,57.45,54,40,50.91,28,27,63.64,14,8,41.18,7,10,PHI,64,78,49.73,50.65,78,76,56.52,130,100,55.87,219,173,49.76,629,635,45.01,239,292,42.91,121,161,44.88,57,70,PHI,64,78,48.27,64.29,36,20,55.32,52,42,52.03,77,71,48.94,278,290,41.26,92,131,41.96,47,65,35.85,19,34,PHI,64,78,48.91,66.67,58,29,60.68,71,46,59.61,121,82,48.10,316,341,36.65,103,178,43.70,52,67,30.65,19,43,2018,Regular,From
PIT,64,76,49.03,12.50,2,14,56.52,13,10,49.18,30,31,50.54,47,46,51.85,28,26,51.61,16,15,53.33,8,7,PIT,64,76,53.28,55.56,95,76,58.26,141,101,55.03,312,255,55.31,646,522,46.98,241,272,54.44,135,113,44.40,111,139,PIT,64,76,51.74,60.27,44,29,55.96,61,48,54.42,123,103,50.22,226,224,46.23,92,107,55.75,63,50,47.56,39,43,PIT,64,76,50.84,51.65,47,44,63.71,79,45,56.32,156,121,50.71,287,279,46.51,120,138,39.46,58,89,41.75,43,60,2018,Regular,From
S.J,64,77,47.44,40.00,4,6,57.14,16,12,45.10,23,28,46.32,44,51,42.31,22,30,65.38,17,9,33.33,4,8,S.J,64,77,51.69,51.20,64,61,66.67,116,58,54.31,397,334,54.43,559,468,47.06,232,261,36.25,120,211,51.50,86,81,S.J,64,77,53.36,59.26,32,22,55.00,55,45,57.34,168,125,54.68,257,213,48.93,114,119,51.13,68,65,39.13,27,42,S.J,64,77,49.95,56.00,42,33,64.06,82,46,55.42,230,185,50.25,302,299,44.82,134,165,40.30,81,120,31.18,29,64,2018,Regular,From
STL,64,72,51.58,52.63,10,9,29.17,7,17,42.11,16,22,56.79,46,35,55.77,29,23,66.67,18,9,45.45,10,12,STL,64,72,52.35,52.17,120,110,55.70,127,101,52.86,240,214,54.85,599,493,50.00,299,299,43.86,100,128,47.78,86,94,STL,64,72,54.41,63.16,60,35,59.34,54,37,54.00,108,92,57.25,237,177,48.00,120,130,43.93,47,60,61.54,32,20,STL,64,72,48.22,53.72,65,56,44.76,47,58,51.98,131,121,48.46,299,318,45.69,143,170,43.75,56,72,40.00,36,54,2018,Regular,From
T.B,64,90,57.28,70.00,7,3,40.91,9,13,60.42,29,19,54.43,43,36,63.79,37,21,60.98,25,16,52.17,12,11,T.B,64,90,50.14,53.91,69,59,48.99,73,76,59.95,250,167,52.16,592,543,43.10,231,305,39.06,166,259,44.29,128,161,T.B,64,90,55.89,54.55,24,20,65.38,51,27,56.32,107,83,57.61,246,181,56.19,127,99,46.82,81,92,44.54,53,66,T.B,64,90,53.78,59.32,35,24,63.29,50,29,56.60,120,92,52.91,309,275,50.33,152,150,44.90,88,108,42.74,53,71,2018,Regular,From
TOR,64,83,53.49,90.00,9,1,50.00,15,15,47.73,21,23,55.91,52,41,51.72,30,28,55.81,24,19,48.28,14,15,TOR,64,83,48.21,62.67,47,28,61.20,194,123,54.17,234,198,44.62,556,690,42.96,232,308,43.25,141,185,46.40,129,149,TOR,64,83,49.29,52.94,18,16,58.33,84,60,57.07,113,85,48.89,285,298,41.48,95,134,41.38,48,68,43.51,57,74,TOR,64,83,54.81,47.50,19,21,65.36,100,53,64.76,136,74,54.90,353,290,44.32,117,147,46.39,77,89,44.83,65,80,2018,Regular,From
VAN,64,56,45.62,44.44,8,10,29.03,9,22,49.09,27,28,43.75,42,54,47.22,17,19,65.00,13,7,46.15,6,7,VAN,64,56,47.59,50.25,99,98,56.47,227,175,54.84,340,280,46.68,429,490,40.28,172,255,40.81,91,132,43.23,83,109,VAN,64,56,46.08,53.16,42,37,47.90,80,87,49.38,119,122,51.39,204,193,42.17,70,96,36.59,30,52,28.89,26,64,VAN,64,56,47.87,57.83,48,35,59.69,117,79,56.06,185,145,48.44,202,215,41.15,79,113,32.14,36,76,30.61,30,68,2018,Regular,From
VGK,64,87,55.24,55.56,5,4,31.25,5,11,68.00,34,16,57.14,60,45,53.52,38,33,56.76,21,16,42.11,8,11,VGK,64,87,52.26,49.25,33,34,68.21,103,48,54.67,275,228,53.53,645,560,46.84,274,311,47.00,133,150,42.34,116,158,VGK,64,87,52.07,59.26,16,11,62.50,45,27,60.59,143,93,50.61,248,242,46.67,112,128,45.69,53,63,41.88,49,68,VGK,64,87,52.54,50.00,17,17,69.89,65,28,58.80,167,117,53.53,311,270,42.77,136,182,40.59,69,101,42.48,65,88,2018,Regular,From
WPG,64,85,54.37,37.50,6,10,46.67,7,8,47.73,21,23,60.47,52,34,60.00,33,22,51.35,19,18,57.14,16,12,WPG,64,85,52.37,54.97,94,77,62.01,111,68,57.43,201,149,50.87,496,479,48.56,304,322,49.73,182,184,43.40,115,150,WPG,64,85,52.17,64.79,46,25,54.29,38,32,51.88,83,77,45.75,194,230,53.08,138,122,54.94,89,73,49.53,53,54,WPG,64,85,51.06,64.89,61,33,64.29,45,25,58.38,108,77,46.96,255,288,47.42,138,153,42.11,96,132,39.57,55,84,2018,Regular,From
WSH,64,79,52.20,53.85,7,6,57.69,15,11,54.72,29,24,50.00,51,51,57.45,27,20,50.00,15,15,37.50,6,10,WSH,64,79,46.36,57.49,119,88,58.29,116,83,52.92,245,218,43.41,458,597,44.09,246,312,38.96,120,188,29.13,30,73,WSH,64,79,47.33,53.75,43,37,49.38,40,41,50.00,110,110,48.41,259,276,39.79,113,171,47.56,78,86,41.46,17,24,WSH,64,79,51.69,64.86,72,39,60.18,68,45,60.00,156,104,51.06,266,255,43.81,145,186,40.00,70,105,45.00,18,22,2018,Regular,From
ANA,63,73,50.77,57.14,8,6,50.00,10,10,48.84,21,22,51.61,48,45,54.55,24,20,48.15,13,14,40.00,4,6,ANA,63,73,48.32,61.17,63,40,55.73,107,85,53.33,256,224,48.54,517,548,41.89,261,362,39.01,126,197,46.34,76,88,ANA,63,73,48.61,50.00,28,28,55.00,55,45,57.43,116,86,47.66,224,246,44.21,149,188,40.43,57,84,44.07,26,33,ANA,63,73,48.46,71.15,37,15,58.02,76,55,56.52,143,110,46.68,260,297,39.63,128,195,42.18,62,85,35.21,25,46,2018,Regular,From
ARI,63,48,42.80,50.00,11,11,45.45,15,18,40.98,25,36,41.00,41,59,36.59,15,26,38.46,5,8,83.33,5,1,ARI,63,48,47.11,54.51,133,111,51.13,159,152,52.98,320,284,46.92,549,621,42.35,216,294,39.05,41,64,43.21,35,46,ARI,63,48,44.50,51.75,59,55,46.32,63,73,53.24,148,130,44.10,269,341,39.75,97,147,36.36,16,28,34.55,19,36,ARI,63,48,51.39,61.61,69,43,57.74,97,71,54.87,186,153,51.58,311,292,48.26,139,149,41.18,21,30,45.71,32,38,2018,Regular,From
BOS,63,88,57.14,55.56,5,4,60.00,15,10,51.02,25,24,53.76,50,43,58.33,28,20,75.86,22,7,56.52,13,10,BOS,63,88,53.42,66.07,74,38,57.98,149,108,60.73,232,150,51.03,594,570,48.51,260,276,48.62,106,112,53.04,131,116,BOS,63,88,53.83,59.52,25,17,62.63,62,37,61.49,107,67,51.88,249,231,46.84,111,126,50.47,54,53,50.00,63,63,BOS,63,88,55.73,68.97,40,18,64.35,74,41,64.40,123,68,53.67,300,259,46.71,142,162,49.12,56,58,48.95,70,73,2018,Regular,From
BUF,63,49,41.58,48.48,16,17,37.14,13,22,36.54,19,33,41.57,37,52,54.05,20,17,23.08,3,10,16.67,1,5,BUF,63,49,47.45,55.98,131,103,57.76,160,117,51.08,331,317,46.72,527,601,44.26,216,272,41.30,57,81,27.27,18,48,BUF,63,49,44.62,55.66,59,47,48.21,54,58,50.35,143,141,44.56,176,219,43.02,74,98,28.07,16,41,25.93,7,20,BUF,63,49,45.95,54.62,65,54,52.54,62,56,60.69,193,125,43.65,213,275,36.57,79,137,33.77,26,51,28.57,10,25,2018,Regular,From
CAR,63,65,44.87,33.33,6,12,39.13,9,14,47.06,24,27,46.94,46,52,45.61,26,31,45.00,9,11,44.44,4,5,CAR,63,65,53.91,53.36,119,104,62.41,166,100,61.43,293,184,53.74,647,557,49.81,263,265,45.05,100,122,47.40,73,81,CAR,63,65,52.57,50.49,52,51,46.61,55,63,66.21,145,74,54.14,307,260,48.21,108,116,48.28,42,45,33.90,20,39,CAR,63,65,56.86,67.92,72,34,72.27,86,33,63.40,168,97,56.09,373,292,47.47,122,135,49.56,56,57,44.62,29,36,2018,Regular,From
CBJ,63,69,50.65,53.33,8,7,44.00,11,14,50.00,25,25,51.55,50,47,48.94,23,24,55.56,10,8,54.55,6,5,CBJ,63,69,52.68,50.42,60,59,63.37,218,126,61.14,321,204,52.40,687,624,45.50,283,339,42.51,71,96,48.48,80,85,CBJ,63,69,52.72,64.52,40,22,56.91,70,53,60.83,132,85,52.73,270,242,45.92,107,126,40.51,32,47,48.48,32,34,CBJ,63,69,48.21,58.00,29,21,59.51,97,66,55.24,158,128,49.67,301,305,36.42,110,192,31.76,27,58,43.82,39,50,2018,Regular,From
CGY,63,73,50.32,50.00,7,7,38.89,7,11,58.00,29,21,54.08,53,45,39.62,21,32,56.00,14,11,44.44,4,5,CGY,63,73,51.21,64.71,77,42,50.59,86,84,49.49,244,249,52.42,704,639,47.38,262,291,47.27,121,135,51.49,52,49,CGY,63,73,53.17,60.27,44,29,58.23,46,33,54.13,118,100,53.10,343,303,48.67,128,135,51.85,56,52,53.70,29,25,CGY,63,73,54.03,76.12,51,16,63.06,70,41,57.78,156,114,53.98,373,318,46.01,127,149,47.62,50,55,40.00,22,33,2018,Regular,From
CHI,63,62,49.67,52.00,13,12,36.36,8,14,35.90,14,25,51.65,47,44,48.94,23,24,56.00,14,11,69.23,18,8,CHI,63,62,52.19,61.19,164,104,66.13,164,84,53.26,237,208,50.40,628,618,48.61,245,259,44.86,109,134,49.16,117,121,CHI,63,62,51.64,72.22,78,30,57.69,60,44,60.26,91,60,48.22,230,247,51.35,95,90,40.00,34,51,36.73,36,62,CHI,63,62,58.85,75.95,120,38,66.46,105,53,62.90,156,92,57.70,386,283,54.65,147,122,46.02,52,61,47.44,74,82,2018,Regular,From
COL,63,73,50.10,50.00,12,12,44.00,11,14,38.10,16,26,54.55,48,40,53.70,29,25,52.17,12,11,52.63,10,9,COL,63,73,47.42,57.14,76,57,60.56,109,71,53.78,235,202,45.40,493,593,45.02,298,364,31.77,61,131,41.56,64,90,COL,63,73,46.69,43.42,33,43,56.16,41,32,48.40,91,97,43.74,199,256,50.43,118,116,43.30,42,55,43.08,28,37,COL,63,73,48.78,50.57,44,43,63.27,62,36,52.23,129,118,48.55,284,301,49.54,163,166,28.13,27,69,31.33,26,57,2018,Regular,From
DAL,63,76,54.93,56.25,9,7,25.00,5,15,56.41,22,17,52.38,44,40,57.69,30,22,61.90,13,8,75.00,18,6,DAL,63,76,52.00,61.02,144,92,62.16,115,70,56.02,242,190,52.23,561,513,44.36,224,281,39.84,51,77,49.22,126,130,DAL,63,76,51.91,60.67,54,35,62.50,40,24,53.57,105,91,50.47,214,210,53.06,104,92,42.19,27,37,43.31,55,72,DAL,63,76,51.41,57.03,73,55,65.14,71,38,56.47,144,111,50.96,320,308,48.47,143,152,25.64,20,58,44.10,71,90,2018,Regular,From
DET,63,62,46.57,31.25,5,11,42.31,11,15,46.15,24,28,46.43,39,45,50.00,27,27,57.89,11,8,42.86,3,4,DET,63,62,48.83,56.29,94,73,56.92,144,109,52.26,277,253,48.34,569,608,43.05,192,254,46.98,140,158,39.67,48,73,DET,63,62,51.16,60.27,44,29,45.87,50,59,54.13,118,100,52.94,243,216,45.77,92,109,51.54,67,63,43.14,22,29,DET,63,62,46.40,62.64,57,34,57.26,67,50,55.11,151,123,46.53,235,270,33.63,76,150,36.23,50,88,33.33,18,36,2018,Regular,From
EDM,63,58,49.32,44.44,8,10,56.25,18,14,44.44,28,35,48.35,44,47,52.94,27,24,45.83,11,13,55.56,10,8,EDM,63,58,51.04,57.44,166,123,54.21,193,163,54.07,359,305,50.70,582,566,52.13,196,180,45.98,80,94,46.00,69,81,EDM,63,58,53.48,58.12,68,49,52.08,75,69,57.24,162,121,56.40,260,201,45.81,71,84,48.53,33,35,55.88,38,30,EDM,63,58,48.38,64.24,97,54,56.15,105,82,50.68,187,182,51.83,312,290,43.63,89,115,25.71,27,78,35.53,27,49,2018,Regular,From
FLA,63,70,47.54,26.67,4,11,50.00,13,13,55.56,30,24,50.52,49,48,41.07,23,33,53.85,14,12,33.33,6,12,FLA,63,70,49.95,49.24,65,67,58.33,126,90,59.31,411,282,50.45,621,610,42.98,254,337,37.95,85,139,37.61,44,73,FLA,63,70,49.61,60.87,28,18,59.30,51,35,55.22,148,120,49.78,223,225,42.29,107,146,40.00,40,60,47.62,20,22,FLA,63,70,47.18,66.18,45,23,56.82,50,38,56.63,175,134,44.98,242,296,35.97,100,178,41.84,41,57,44.19,19,24,2018,Regular,From
L.A,63,73,53.84,73.33,11,4,56.00,14,11,49.06,26,27,44.09,41,52,60.98,25,16,72.22,13,5,66.67,8,4,L.A,63,73,49.01,48.42,92,98,54.76,138,114,52.94,324,288,51.50,548,516,45.02,199,243,36.41,75,131,44.24,73,92,L.A,63,73,49.05,64.79,46,25,54.63,59,49,50.95,161,155,52.42,260,236,41.86,72,100,36.14,30,53,36.49,27,47,L.A,63,73,51.30,56.52,52,40,49.59,60,61,59.47,179,122,53.39,307,268,52.08,125,115,31.30,36,79,32.18,28,59,2018,Regular,From
MIN,63,79,53.34,46.67,7,8,50.00,10,10,45.65,21,25,54.65,47,39,58.49,31,22,67.74,21,10,44.00,11,14,MIN,63,79,49.26,43.75,49,63,61.84,128,79,54.76,236,195,47.34,517,575,47.25,284,317,40.74,110,160,46.54,101,116,MIN,63,79,44.17,48.28,14,15,56.52,39,30,55.19,101,82,39.76,167,253,38.94,88,138,40.83,49,71,38.00,38,62,MIN,63,79,45.39,52.63,30,27,57.50,46,34,53.00,115,102,44.49,238,297,37.50,114,190,35.29,54,99,36.07,44,78,2018,Regular,From
MTL,63,58,44.13,29.41,5,12,30.77,8,18,43.48,20,26,42.53,37,50,51.16,22,21,55.00,11,9,61.54,8,5,MTL,63,58,51.80,61.11,143,91,58.62,153,108,55.04,322,263,50.61,664,648,49.23,160,165,48.71,151,159,41.18,35,50,MTL,63,58,49.43,62.50,60,36,60.38,64,42,49.49,98,100,49.21,250,258,52.67,79,71,39.02,48,75,25.58,11,32,MTL,63,58,49.99,57.38,70,52,61.80,110,68,56.21,172,134,51.56,380,357,36.73,83,143,46.07,88,103,22.95,14,47,2018,Regular,From
N.J,63,74,49.33,58.33,7,5,40.74,11,16,50.91,28,27,52.38,55,50,43.64,24,31,50.00,10,10,50.00,3,3,N.J,63,74,49.86,53.85,70,60,51.93,121,112,54.44,331,277,51.06,554,531,46.27,273,317,38.92,72,113,46.04,64,75,N.J,63,74,48.52,58.33,35,25,56.48,61,47,51.81,129,120,46.42,201,232,47.55,126,139,38.37,33,53,47.06,24,27,N.J,63,74,46.35,68.00,51,24,47.06,56,63,55.51,146,117,47.14,247,277,39.05,107,167,34.02,33,64,23.73,14,45,2018,Regular,From
NSH,63,89,55.59,40.00,2,3,73.33,11,4,55.56,25,20,56.79,46,35,60.34,35,23,45.16,14,17,50.00,11,11,NSH,63,89,50.34,50.55,46,45,54.23,77,65,58.00,250,181,51.21,594,566,43.20,289,380,42.37,125,170,46.72,128,146,NSH,63,89,54.81,69.77,30,13,69.23,45,20,59.30,102,70,58.75,272,191,43.45,116,151,44.35,51,64,43.81,46,59,NSH,63,89,53.43,67.44,29,14,60.24,50,33,61.95,140,86,52.59,294,265,42.94,155,206,45.45,70,84,47.76,64,70,2018,Regular,From
NYI,63,65,48.54,56.52,13,10,45.16,14,17,44.44,28,35,46.67,49,56,50.00,27,27,61.54,16,10,45.83,11,13,NYI,63,65,46.24,49.82,142,143,45.21,137,166,53.15,321,283,47.64,465,511,39.74,213,323,41.85,95,132,43.30,97,127,NYI,63,65,45.84,43.80,53,68,56.83,79,60,46.18,115,134,46.07,170,199,44.44,84,105,39.56,36,55,47.73,42,46,NYI,63,65,49.09,62.09,95,58,56.05,88,69,55.52,176,141,49.08,239,248,41.00,107,154,40.16,49,73,39.05,41,64,2018,Regular,From
NYR,63,60,45.68,46.15,6,7,47.06,16,18,45.59,31,37,41.51,44,62,47.83,22,24,52.94,9,8,60.00,3,2,NYR,63,60,46.76,49.17,89,92,56.25,189,147,50.32,388,383,47.00,549,619,39.60,177,270,45.09,78,95,49.32,36,37,NYR,63,60,46.51,47.95,35,38,58.33,77,55,52.14,134,123,44.86,192,236,39.46,73,112,48.78,40,42,35.71,10,18,NYR,63,60,43.56,44.19,38,48,58.97,92,64,51.21,169,161,43.94,250,319,34.80,79,148,37.37,37,62,15.79,6,32,2018,Regular,From
OTT,63,54,44.61,69.57,16,7,24.24,8,25,48.39,30,32,42.27,41,56,51.06,24,23,40.74,11,16,30.00,3,7,OTT,63,54,47.56,50.00,119,119,47.60,129,142,53.97,340,290,47.58,531,585,46.24,215,250,38.94,81,127,44.83,39,48,OTT,63,54,47.12,54.35,50,42,56.00,70,55,49.81,130,131,49.09,242,251,41.97,81,112,36.96,34,58,31.58,12,26,OTT,63,54,45.15,63.16,72,42,60.00,126,84,58.21,202,145,41.44,264,373,32.82,86,176,32.32,32,67,30.19,16,37,2018,Regular,From
PHI,63,78,54.09,70.00,7,3,40.91,9,13,53.66,22,19,58.06,54,39,50.91,28,27,63.64,14,8,41.18,7,10,PHI,63,78,50.00,51.47,70,66,57.99,127,92,56.05,213,167,49.92,628,630,45.01,239,292,42.91,121,161,44.88,57,70,PHI,63,78,48.19,66.04,35,18,55.17,48,39,51.41,73,69,48.85,277,290,41.26,92,131,41.96,47,65,35.85,19,34,PHI,63,78,49.04,67.86,57,27,62.73,69,41,59.07,114,79,48.10,316,341,36.65,103,178,43.70,52,67,30.65,19,43,2018,Regular,From
PIT,63,76,48.97,12.50,2,14,56.52,13,10,48.33,29,31,50.55,46,45,52.83,28,25,51.61,16,15,53.33,8,7,PIT,63,76,53.37,55.56,95,76,58.26,141,101,54.83,295,243,55.68,632,503,46.75,237,270,54.44,135,113,44.40,111,139,PIT,63,76,51.84,60.27,44,29,55.96,61,48,54.59,119,99,50.23,222,220,46.46,92,106,55.75,63,50,47.56,39,43,PIT,63,76,50.71,51.65,47,44,63.71,79,45,55.51,146,117,50.64,279,272,46.48,119,137,39.46,58,89,41.75,43,60,2018,Regular,From
S.J,63,75,46.84,40.00,4,6,57.14,16,12,44.00,22,28,46.24,43,50,41.18,21,30,62.50,15,9,36.36,4,7,S.J,63,75,51.58,51.20,64,61,66.67,116,58,54.53,391,326,54.40,556,466,46.39,225,260,36.19,114,201,49.69,79,80,S.J,63,75,53.45,59.26,32,22,55.00,55,45,57.99,167,121,54.80,257,212,48.91,112,117,51.18,65,62,36.92,24,41,S.J,63,75,49.92,56.00,42,33,64.06,82,46,55.50,227,182,50.42,301,296,44.33,129,162,39.47,75,115,31.82,28,60,2018,Regular,From
STL,63,72,52.27,58.82,10,7,25.00,5,15,44.44,16,20,56.79,46,35,55.77,29,23,66.67,18,9,45.45,10,12,STL,63,72,52.45,53.00,115,102,56.13,119,93,52.56,236,213,54.85,599,493,50.00,299,299,43.86,100,128,47.78,86,94,STL,63,72,54.39,62.65,52,31,59.55,53,36,53.61,104,90,57.38,237,176,48.00,120,130,43.93,47,60,61.54,32,20,STL,63,72,48.13,53.10,60,53,44.33,43,54,51.61,128,120,48.21,296,318,45.69,143,170,43.75,56,72,40.00,36,54,2018,Regular,From
T.B,63,89,57.29,70.00,7,3,40.91,9,13,60.42,29,19,53.85,42,36,64.91,37,20,60.98,25,16,52.17,12,11,T.B,63,89,50.21,53.91,69,59,48.99,73,76,59.95,250,167,52.27,586,535,43.14,220,290,39.06,166,259,44.29,128,161,T.B,63,89,56.03,54.55,24,20,65.38,51,27,56.32,107,83,57.58,243,179,57.49,119,88,46.82,81,92,44.54,53,66,T.B,63,89,53.61,59.32,35,24,63.29,50,29,56.60,120,92,52.52,302,273,50.17,144,143,44.90,88,108,42.74,53,71,2018,Regular,From
TOR,63,81,53.68,90.00,9,1,50.00,15,15,46.51,20,23,56.67,51,39,52.63,30,27,55.81,24,19,48.28,14,15,TOR,63,81,47.99,62.67,47,28,61.20,194,123,52.87,221,197,44.30,540,679,43.20,232,305,43.25,141,185,46.40,129,149,TOR,63,81,49.27,52.94,18,16,58.33,84,60,55.85,105,83,49.21,281,290,41.59,94,132,41.38,48,68,43.51,57,74,TOR,63,81,54.68,47.50,19,21,65.36,100,53,63.90,131,74,54.57,340,283,44.83,117,144,46.39,77,89,44.83,65,80,2018,Regular,From
VAN,63,55,45.80,41.18,7,10,30.00,9,21,47.06,24,27,45.65,42,50,47.22,17,19,65.00,13,7,46.15,6,7,VAN,63,55,47.22,49.74,97,98,56.04,218,171,53.85,315,270,46.48,422,486,40.28,172,255,40.81,91,132,43.23,83,109,VAN,63,55,46.08,52.56,41,37,48.47,79,84,48.92,113,118,51.39,203,192,42.17,70,96,36.59,30,52,28.89,26,64,VAN,63,55,47.76,57.32,47,35,59.26,112,77,55.76,179,142,48.56,202,214,41.15,79,113,32.14,36,76,30.61,30,68,2018,Regular,From
VGK,63,87,55.60,55.56,5,4,26.67,4,11,69.39,34,15,57.28,59,44,55.07,38,31,56.76,21,16,42.11,8,11,VGK,63,87,52.49,49.25,33,34,67.83,97,46,55.02,263,215,53.99,643,548,46.90,272,308,47.00,133,150,42.34,116,158,VGK,63,87,52.10,59.26,16,11,62.50,45,27,60.52,141,92,50.83,246,238,46.44,111,128,45.69,53,63,41.88,49,68,VGK,63,87,52.33,50.00,17,17,68.89,62,28,58.70,162,114,53.16,303,267,42.68,134,180,40.59,69,101,42.48,65,88,2018,Regular,From
WPG,63,83,54.07,37.50,6,10,46.67,7,8,46.51,20,23,60.00,51,34,58.49,31,22,54.29,19,16,57.14,16,12,WPG,63,83,52.28,54.97,94,77,62.01,111,68,57.76,201,147,51.10,489,468,47.99,287,311,49.15,174,180,43.40,115,150,WPG,63,83,51.86,64.79,46,25,54.29,38,32,51.57,82,77,45.82,192,227,53.01,132,117,53.21,83,73,49.53,53,54,WPG,63,83,50.79,64.89,61,33,64.29,45,25,58.70,108,76,46.83,251,285,46.38,128,148,41.52,93,131,39.57,55,84,2018,Regular,From
WSH,63,77,51.88,53.85,7,6,57.69,15,11,54.72,29,24,49.50,50,51,55.56,25,20,51.72,15,14,37.50,6,10,WSH,63,77,46.39,57.49,119,88,58.29,116,83,52.92,245,218,43.32,451,590,44.49,238,297,38.82,118,186,29.13,30,73,WSH,63,77,47.27,53.75,43,37,49.38,40,41,50.00,110,110,48.10,253,273,40.07,107,160,47.50,76,84,41.46,17,24,WSH,63,77,52.04,64.86,72,39,60.18,68,45,60.00,156,104,51.07,262,251,44.65,142,176,41.18,70,100,45.00,18,22,2018,Regular,From
ANA,62,73,51.19,57.14,8,6,50.00,10,10,50.00,21,21,52.17,48,44,54.55,24,20,48.15,13,14,40.00,4,6,ANA,62,73,48.46,61.17,63,40,55.73,107,85,54.04,234,199,48.63,516,545,41.89,261,362,39.01,126,197,46.34,76,88,ANA,62,73,48.63,50.00,28,28,55.00,55,45,57.30,106,79,47.86,224,244,44.21,149,188,40.43,57,84,44.07,26,33,ANA,62,73,48.22,71.15,37,15,57.03,73,55,56.03,130,102,46.58,259,297,39.63,128,195,42.18,62,85,35.21,25,46,2018,Regular,From
ARI,62,46,42.34,50.00,11,11,45.45,15,18,40.98,25,36,40.21,39,58,33.33,13,26,41.67,5,7,83.33,5,1,ARI,62,46,47.16,54.51,133,111,51.13,159,152,53.07,311,275,47.02,545,614,42.40,212,288,38.83,40,63,43.21,35,46,ARI,62,46,44.50,51.75,59,55,46.32,63,73,53.41,141,123,44.07,264,335,39.58,95,145,36.36,16,28,34.55,19,36,ARI,62,46,51.24,61.61,69,43,57.74,97,71,54.71,180,149,51.27,302,287,48.59,138,146,40.00,20,30,45.71,32,38,2018,Regular,From
BOS,62,86,57.22,55.56,5,4,60.00,15,10,51.02,25,24,53.85,49,42,58.33,28,20,75.86,22,7,56.52,13,10,BOS,62,86,53.36,66.07,74,38,57.98,149,108,60.51,213,139,50.96,585,563,48.51,260,276,48.62,106,112,53.04,131,116,BOS,62,86,53.73,59.52,25,17,62.63,62,37,61.11,99,63,51.69,245,229,46.84,111,126,50.47,54,53,50.00,63,63,BOS,62,86,55.53,68.97,40,18,64.35,74,41,63.33,114,66,53.53,296,257,46.71,142,162,49.12,56,58,48.95,70,73,2018,Regular,From
BUF,62,47,41.17,48.48,16,17,37.14,13,22,36.54,19,33,40.91,36,52,52.78,19,17,18.18,2,9,16.67,1,5,BUF,62,47,47.62,55.98,131,103,57.76,160,117,51.08,331,317,46.79,524,596,44.12,214,271,43.97,51,65,27.78,15,39,BUF,62,47,44.83,55.66,59,47,48.21,54,58,50.35,143,141,44.39,174,218,43.27,74,97,32.56,14,29,18.18,4,18,BUF,62,47,45.79,54.62,65,54,52.54,62,56,60.69,193,125,43.83,213,273,36.15,77,136,32.39,23,48,24.00,6,19,2018,Regular,From
CAR,62,64,45.39,33.33,6,12,39.13,9,14,47.06,24,27,47.42,46,51,46.30,25,29,47.37,9,10,44.44,4,5,CAR,62,64,53.91,53.36,119,104,62.41,166,100,61.43,293,184,53.75,624,537,49.71,257,260,45.25,100,121,47.40,73,81,CAR,62,64,52.72,50.49,52,51,46.61,55,63,66.21,145,74,54.60,297,247,47.95,105,114,48.28,42,45,33.90,20,39,CAR,62,64,56.88,67.92,72,34,72.27,86,33,63.40,168,97,56.15,365,285,47.66,122,134,49.56,56,57,44.62,29,36,2018,Regular,From
CBJ,62,67,50.31,53.33,8,7,44.00,11,14,50.00,25,25,51.04,49,47,47.83,22,24,55.56,10,8,54.55,6,5,CBJ,62,67,52.56,50.42,60,59,63.37,218,126,61.14,321,204,52.33,684,623,45.53,280,335,42.07,69,95,46.51,60,69,CBJ,62,67,52.73,64.52,40,22,56.91,70,53,60.83,132,85,52.76,268,240,45.89,106,125,40.51,32,47,48.21,27,29,CBJ,62,67,47.89,58.00,29,21,59.51,97,66,55.24,158,128,49.59,300,305,36.24,108,190,32.14,27,57,40.00,30,45,2018,Regular,From
CGY,62,71,50.01,50.00,7,7,38.89,7,11,58.00,29,21,53.61,52,45,38.46,20,32,56.52,13,10,44.44,4,5,CGY,62,71,51.22,64.71,77,42,50.59,86,84,49.49,244,249,52.42,704,639,48.12,256,276,46.47,112,129,50.54,47,46,CGY,62,71,52.75,60.27,44,29,58.23,46,33,54.13,118,100,53.10,343,303,47.39,118,131,50.49,52,51,52.27,23,21,CGY,62,71,53.80,76.12,51,16,63.06,70,41,57.78,156,114,53.98,373,318,46.59,123,141,45.83,44,52,35.29,18,33,2018,Regular,From
CHI,62,62,49.72,52.00,13,12,36.36,8,14,35.90,14,25,51.14,45,43,50.00,23,23,56.00,14,11,69.23,18,8,CHI,62,62,52.18,61.19,164,104,66.13,164,84,53.30,234,205,50.29,613,606,48.67,237,250,44.86,109,134,49.16,117,121,CHI,62,62,51.53,72.22,78,30,57.69,60,44,59.46,88,60,48.30,227,243,50.84,91,88,40.00,34,51,36.73,36,62,CHI,62,62,58.78,75.95,120,38,66.46,105,53,62.60,154,92,57.56,377,278,55.00,143,117,46.02,52,61,47.44,74,82,2018,Regular,From
COL,62,71,49.61,50.00,12,12,44.00,11,14,37.50,15,25,54.02,47,40,52.83,28,25,50.00,11,11,52.63,10,9,COL,62,71,47.40,57.14,76,57,60.34,105,69,53.72,231,199,45.26,487,589,45.01,293,358,32.42,59,123,41.56,64,90,COL,62,71,46.87,43.42,33,43,55.56,40,32,48.66,91,96,44.00,198,252,50.43,118,116,43.96,40,51,43.08,28,37,COL,62,71,49.21,50.57,44,43,65.26,62,33,52.65,129,116,48.95,281,293,49.85,163,164,28.57,26,65,31.33,26,57,2018,Regular,From
DAL,62,74,54.80,56.25,9,7,25.00,5,15,56.41,22,17,51.81,43,40,57.69,30,22,61.90,13,8,75.00,18,6,DAL,62,74,52.04,61.02,144,92,62.16,115,70,56.02,242,190,52.17,553,507,44.60,223,277,39.64,44,67,49.22,126,130,DAL,62,74,52.21,60.67,54,35,62.50,40,24,53.57,105,91,50.48,211,207,53.06,104,92,46.43,26,30,43.31,55,72,DAL,62,74,51.56,57.03,73,55,65.14,71,38,56.47,144,111,50.81,313,303,48.45,141,150,28.13,18,46,44.10,71,90,2018,Regular,From
DET,62,62,46.73,31.25,5,11,40.00,10,15,47.06,24,27,46.99,39,44,50.00,27,27,57.89,11,8,42.86,3,4,DET,62,62,48.65,56.29,94,73,56.57,142,109,52.00,260,240,48.01,556,602,43.05,192,254,46.98,140,158,39.67,48,73,DET,62,62,50.89,60.27,44,29,44.86,48,59,52.28,103,94,53.07,242,214,45.77,92,109,51.54,67,63,43.14,22,29,DET,62,62,45.93,62.64,57,34,54.95,61,50,54.65,141,117,46.17,229,267,33.63,76,150,36.23,50,88,33.33,18,36,2018,Regular,From
EDM,62,58,49.82,41.18,7,10,60.00,18,12,45.16,28,34,48.31,43,46,54.00,27,23,45.83,11,13,55.56,10,8,EDM,62,58,51.21,58.72,165,116,53.82,183,157,54.57,358,298,50.74,580,563,51.93,188,174,45.98,80,94,46.00,69,81,EDM,62,58,53.55,59.29,67,46,52.17,72,66,57.35,160,119,56.30,259,201,44.67,67,83,48.53,33,35,55.88,38,30,EDM,62,58,48.35,63.70,93,53,56.82,100,76,50.97,184,177,51.67,309,289,43.43,86,112,25.71,27,78,35.53,27,49,2018,Regular,From
FLA,62,68,47.21,26.67,4,11,50.00,13,13,55.56,30,24,50.52,49,48,40.00,22,33,52.00,13,12,31.25,5,11,FLA,62,68,50.12,49.24,65,67,58.33,126,90,59.31,411,282,50.37,619,610,42.61,248,334,39.02,80,125,41.41,41,58,FLA,62,68,49.54,60.87,28,18,59.30,51,35,55.22,148,120,49.78,223,225,42.23,106,145,39.13,36,56,47.06,16,18,FLA,62,68,47.00,66.18,45,23,56.82,50,38,56.63,175,134,44.96,241,295,35.56,96,174,42.70,38,51,42.86,15,20,2018,Regular,From
L.A,62,71,54.10,73.33,11,4,56.00,14,11,49.02,25,26,44.57,41,51,60.98,25,16,72.22,13,5,66.67,8,4,L.A,62,71,49.00,48.42,92,98,55.19,133,108,52.62,301,271,51.52,541,509,45.02,199,243,36.41,75,131,44.24,73,92,L.A,62,71,49.03,64.79,46,25,54.81,57,47,50.67,152,148,52.32,259,236,41.86,72,100,36.14,30,53,36.49,27,47,L.A,62,71,51.40,56.52,52,40,50.00,60,60,59.45,173,118,53.67,307,265,52.08,125,115,31.30,36,79,32.18,28,59,2018,Regular,From
MIN,62,77,52.81,46.67,7,8,50.00,10,10,45.65,21,25,54.65,47,39,56.86,29,22,70.37,19,8,39.13,9,14,MIN,62,77,49.18,43.75,49,63,61.84,128,79,54.76,236,195,47.34,517,575,47.48,283,313,40.16,102,152,45.59,93,111,MIN,62,77,44.20,48.28,14,15,56.52,39,30,55.19,101,82,39.62,166,253,39.09,86,134,40.68,48,70,38.64,34,54,MIN,62,77,45.38,52.63,30,27,57.50,46,34,53.00,115,102,44.74,238,294,37.67,113,187,34.48,50,95,35.96,41,73,2018,Regular,From
MTL,62,56,43.90,29.41,5,12,30.77,8,18,42.22,19,26,43.02,37,49,50.00,21,21,55.00,11,9,61.54,8,5,MTL,62,56,51.80,61.11,143,91,58.62,153,108,54.83,318,262,50.66,657,640,50.31,160,158,47.97,142,154,41.18,35,50,MTL,62,56,49.91,62.50,60,36,60.38,64,42,48.98,96,100,49.40,249,255,53.38,79,69,42.59,46,62,25.58,11,32,MTL,62,56,50.18,57.38,70,52,61.80,110,68,56.21,172,134,51.73,374,349,37.44,82,137,47.65,81,89,22.95,14,47,2018,Regular,From
N.J,62,72,49.35,58.33,7,5,40.74,11,16,50.00,27,27,52.43,54,49,44.44,24,30,50.00,10,10,50.00,3,3,N.J,62,72,49.86,53.85,70,60,51.93,121,112,54.65,329,273,50.86,535,517,46.52,261,300,38.92,72,113,46.04,64,75,N.J,62,72,48.47,58.33,35,25,56.48,61,47,51.61,128,120,46.35,197,228,47.47,122,135,38.37,33,53,47.06,24,27,N.J,62,72,46.41,68.00,51,24,47.06,56,63,55.56,145,116,47.15,240,269,39.62,103,157,34.02,33,64,23.73,14,45,2018,Regular,From
NSH,62,87,55.10,40.00,2,3,71.43,10,4,54.55,24,20,56.96,45,34,59.65,34,23,45.16,14,17,50.00,11,11,NSH,62,87,50.37,50.55,46,45,55.81,72,57,57.48,242,179,51.42,578,546,42.86,285,380,42.66,125,168,46.72,128,146,NSH,62,87,54.47,69.77,30,13,67.74,42,20,59.17,100,69,58.02,264,191,43.61,116,150,44.35,51,64,43.81,46,59,NSH,62,87,53.61,67.44,29,14,65.71,46,24,62.84,137,81,52.10,285,262,42.78,154,206,45.45,70,84,47.76,64,70,2018,Regular,From
NYI,62,65,48.73,56.52,13,10,45.16,14,17,44.44,28,35,46.60,48,55,50.94,27,26,61.54,16,10,45.83,11,13,NYI,62,65,46.13,49.82,142,143,45.21,137,166,53.09,318,281,47.79,455,497,38.94,199,312,41.85,95,132,43.30,97,127,NYI,62,65,45.53,43.80,53,68,56.83,79,60,45.75,113,134,45.15,163,198,44.57,82,102,39.56,36,55,47.73,42,46,NYI,62,65,49.22,62.09,95,58,56.05,88,69,55.63,173,138,49.27,237,244,41.43,104,147,40.16,49,73,39.05,41,64,2018,Regular,From
NYR,62,59,45.98,46.15,6,7,47.06,16,18,45.45,30,36,42.31,44,60,47.83,22,24,52.94,9,8,60.00,3,2,NYR,62,59,46.63,49.17,89,92,56.25,189,147,50.20,373,370,46.68,528,603,39.60,177,270,45.09,78,95,49.32,36,37,NYR,62,59,46.25,47.95,35,38,58.33,77,55,51.43,126,119,44.42,183,229,39.46,73,112,48.78,40,42,35.71,10,18,NYR,62,59,43.42,44.19,38,48,58.71,91,64,50.79,160,155,44.04,244,310,34.80,79,148,37.37,37,62,15.79,6,32,2018,Regular,From
OTT,62,52,44.20,69.57,16,7,24.24,8,25,46.67,28,32,42.11,40,55,50.00,23,23,42.31,11,15,30.00,3,7,OTT,62,52,47.33,50.00,119,119,47.60,129,142,53.92,337,288,47.10,519,583,45.91,202,238,39.50,79,121,44.83,39,48,OTT,62,52,47.13,54.35,50,42,56.00,70,55,50.00,130,130,48.87,238,249,42.11,80,110,36.96,34,58,31.58,12,26,OTT,62,52,45.29,63.16,72,42,60.00,126,84,58.31,200,143,41.69,261,365,32.68,83,171,33.33,32,64,30.19,16,37,2018,Regular,From
PHI,62,76,54.12,70.00,7,3,40.91,9,13,53.66,22,19,58.06,54,39,50.91,28,27,63.64,14,8,41.18,7,10,PHI,62,76,49.88,51.47,70,66,57.99,127,92,56.05,213,167,49.63,596,605,45.01,239,292,42.91,121,161,44.88,57,70,PHI,62,76,48.09,66.04,35,18,55.17,48,39,51.41,73,69,48.61,263,278,41.26,92,131,41.96,47,65,35.85,19,34,PHI,62,76,49.07,67.86,57,27,62.73,69,41,59.07,114,79,48.25,304,326,36.65,103,178,43.70,52,67,30.65,19,43,2018,Regular,From
PIT,62,76,49.26,6.67,1,14,57.14,12,9,48.21,27,29,52.27,46,42,52.83,28,25,51.61,16,15,53.33,8,7,PIT,62,76,53.34,56.21,95,74,58.74,131,92,54.62,284,236,55.44,622,500,46.75,237,270,54.44,135,113,44.40,111,139,PIT,62,76,51.85,59.72,43,29,55.34,57,46,54.38,118,99,50.46,221,217,46.46,92,106,55.75,63,50,47.56,39,43,PIT,62,76,50.58,51.11,46,44,62.61,72,43,55.51,141,113,50.64,275,268,46.48,119,137,39.46,58,89,41.75,43,60,2018,Regular,From
S.J,62,74,47.02,40.00,4,6,57.14,16,12,44.00,22,28,46.15,42,49,40.82,20,29,65.22,15,8,36.36,4,7,S.J,62,74,51.73,51.20,64,61,66.67,116,58,54.53,391,326,54.30,543,457,46.54,215,247,37.46,112,187,49.69,79,80,S.J,62,74,53.48,59.26,32,22,55.00,55,45,57.99,167,121,54.62,254,211,49.78,111,112,50.41,62,61,36.92,24,41,S.J,62,74,50.18,56.00,42,33,64.06,82,46,55.50,227,182,50.78,294,285,45.26,129,156,39.78,72,109,31.82,28,60,2018,Regular,From
STL,62,72,52.69,58.82,10,7,26.32,5,14,45.71,16,19,56.79,46,35,55.77,29,23,66.67,18,9,45.45,10,12,STL,62,72,52.77,54.55,102,85,56.52,117,90,53.08,233,206,55.00,599,490,50.00,299,299,43.86,100,128,47.78,86,94,STL,62,72,54.54,63.51,47,27,60.23,53,35,53.65,103,89,57.42,236,175,48.00,120,130,43.93,47,60,61.54,32,20,STL,62,72,48.41,56.44,57,44,44.57,41,51,51.42,127,120,48.29,296,317,45.69,143,170,43.75,56,72,40.00,36,54,2018,Regular,From
T.B,62,87,57.26,70.00,7,3,40.91,9,13,59.57,28,19,53.33,40,35,66.07,37,19,60.98,25,16,52.17,12,11,T.B,62,87,49.97,53.91,69,59,48.99,73,76,59.41,240,164,51.92,569,527,43.09,215,284,39.06,166,259,44.29,128,161,T.B,62,87,55.92,54.55,24,20,65.38,51,27,56.61,107,82,57.42,236,175,56.93,115,87,46.82,81,92,44.54,53,66,T.B,62,87,53.59,59.32,35,24,63.29,50,29,56.80,117,89,52.46,298,270,50.18,139,138,44.90,88,108,42.74,53,71,2018,Regular,From
TOR,62,79,53.75,90.00,9,1,48.28,14,15,45.00,18,22,57.95,51,37,52.63,30,27,55.81,24,19,48.28,14,15,TOR,62,79,48.13,62.67,47,28,61.46,193,121,53.65,206,178,44.31,533,670,43.20,232,305,43.25,141,185,46.40,129,149,TOR,62,79,49.45,52.94,18,16,58.74,84,59,56.42,101,78,49.29,278,286,41.59,94,132,41.38,48,68,43.51,57,74,TOR,62,79,54.72,47.50,19,21,65.31,96,51,63.87,122,69,54.78,338,279,44.83,117,144,46.39,77,89,44.83,65,80,2018,Regular,From
VAN,62,55,45.94,41.18,7,10,27.59,8,21,48.98,24,25,45.65,42,50,47.22,17,19,65.00,13,7,46.15,6,7,VAN,62,55,47.13,49.74,97,98,55.82,211,167,53.81,304,261,46.38,416,481,40.28,172,255,40.81,91,132,43.23,83,109,VAN,62,55,46.54,52.56,41,37,48.45,78,83,50.24,106,105,51.94,201,186,42.17,70,96,36.59,30,52,28.89,26,64,VAN,62,55,47.79,57.32,47,35,58.56,106,75,56.54,173,133,48.53,198,210,41.15,79,113,32.14,36,76,30.61,30,68,2018,Regular,From
VGK,62,87,56.03,55.56,5,4,26.67,4,11,70.83,34,14,57.43,58,43,55.88,38,30,56.76,21,16,42.11,8,11,VGK,62,87,52.41,48.48,32,34,66.67,90,45,54.82,256,211,53.86,635,544,47.29,270,301,47.00,133,150,42.34,116,158,VGK,62,87,52.02,59.26,16,11,61.97,44,27,60.87,140,90,50.42,240,236,46.44,111,128,45.69,53,63,41.88,49,68,VGK,62,87,52.28,50.00,17,17,68.97,60,27,58.58,157,111,53.02,298,264,42.81,134,179,40.59,69,101,42.48,65,88,2018,Regular,From
WPG,62,83,54.49,37.50,6,10,46.67,7,8,46.51,20,23,59.26,48,33,60.00,30,20,57.58,19,14,57.14,16,12,WPG,62,83,52.19,54.97,94,77,62.01,111,68,57.51,199,147,51.13,474,453,47.48,273,302,49.43,174,178,43.40,115,150,WPG,62,83,52.10,64.79,46,25,54.29,38,32,51.27,81,77,46.15,186,217,53.56,128,111,53.21,83,73,49.53,53,54,WPG,62,83,51.10,64.89,61,33,64.29,45,25,58.70,108,76,47.76,245,268,46.07,123,144,41.70,93,130,39.57,55,84,2018,Regular,From
WSH,62,77,52.26,53.85,7,6,57.69,15,11,55.77,29,23,50.00,50,50,55.56,25,20,51.72,15,14,37.50,6,10,WSH,62,77,46.51,60.23,103,68,58.67,115,81,52.85,241,215,43.39,450,587,44.49,238,297,38.82,118,186,29.13,30,73,WSH,62,77,47.31,54.29,38,32,49.38,40,41,50.00,109,109,48.08,251,271,40.07,107,160,47.50,76,84,41.46,17,24,WSH,62,77,52.27,69.07,67,30,59.82,67,45,60.16,154,102,51.17,262,250,44.65,142,176,41.18,70,100,45.00,18,22,2018,Regular,From
ANA,61,71,51.24,57.14,8,6,50.00,10,10,50.00,21,21,52.17,48,44,54.55,24,20,48.15,13,14,40.00,4,6,ANA,61,71,48.68,61.17,63,40,55.73,107,85,54.04,234,199,48.81,514,539,42.15,255,350,39.68,123,187,46.34,76,88,ANA,61,71,48.79,50.00,28,28,55.00,55,45,57.30,106,79,47.94,221,240,43.96,142,181,41.91,57,79,44.07,26,33,ANA,61,71,48.13,71.15,37,15,57.03,73,55,56.03,130,102,46.35,254,294,38.92,123,193,42.66,61,82,35.21,25,46,2018,Regular,From
ARI,61,46,42.57,50.00,11,11,45.45,15,18,40.98,25,36,40.63,39,57,33.33,13,26,41.67,5,7,83.33,5,1,ARI,61,46,46.86,54.51,133,111,50.00,151,151,52.12,283,260,46.98,544,614,42.40,212,288,38.83,40,63,43.21,35,46,ARI,61,46,44.49,51.75,59,55,46.27,62,72,53.56,128,111,44.15,264,334,39.58,95,145,36.36,16,28,34.55,19,36,ARI,61,46,51.20,61.61,69,43,56.71,93,71,54.34,169,142,51.28,301,286,48.59,138,146,40.00,20,30,45.71,32,38,2018,Regular,From
BOS,61,84,57.37,55.56,5,4,60.00,15,10,50.00,24,24,53.93,48,41,57.45,27,20,77.78,21,6,60.00,12,8,BOS,61,84,53.17,66.07,74,38,57.98,149,108,60.68,213,138,50.92,584,563,48.31,258,276,47.42,101,112,52.49,116,105,BOS,61,84,53.51,59.52,25,17,62.63,62,37,61.11,99,63,51.69,245,229,46.15,108,126,49.52,52,53,50.00,58,58,BOS,61,84,55.03,68.97,40,18,64.35,74,41,63.69,114,65,53.36,294,257,46.86,142,161,46.79,51,58,44.88,57,70,2018,Regular,From
BUF,61,47,41.61,50.00,16,16,36.36,12,21,37.25,19,32,41.38,36,51,52.78,19,17,18.18,2,9,16.67,1,5,BUF,61,47,47.72,56.22,131,102,57.75,149,109,51.47,315,297,46.79,524,596,44.12,214,271,43.97,51,65,27.78,15,39,BUF,61,47,44.86,55.66,59,47,47.62,50,55,50.75,135,131,44.39,174,218,43.27,74,97,32.56,14,29,18.18,4,18,BUF,61,47,46.07,55.08,65,53,53.21,58,51,61.69,182,113,43.83,213,273,36.15,77,136,32.39,23,48,24.00,6,19,2018,Regular,From
CAR,61,64,45.58,33.33,6,12,39.13,9,14,46.94,23,26,47.92,46,50,46.30,25,29,47.37,9,10,44.44,4,5,CAR,61,64,53.86,53.36,119,104,61.90,156,96,61.88,289,178,53.56,617,535,49.71,257,260,45.25,100,121,47.40,73,81,CAR,61,64,52.97,50.49,52,51,48.18,53,57,66.98,142,70,54.53,295,246,47.95,105,114,48.28,42,45,33.90,20,39,CAR,61,64,56.71,67.92,72,34,72.22,78,30,62.20,158,96,56.07,360,282,47.66,122,134,49.56,56,57,44.62,29,36,2018,Regular,From
CBJ,61,65,50.38,53.33,8,7,44.00,11,14,48.98,24,25,51.61,48,45,47.83,22,24,55.56,10,8,54.55,6,5,CBJ,61,65,52.66,50.42,60,59,63.37,218,126,61.42,312,196,52.50,672,608,45.48,277,332,42.07,69,95,46.51,60,69,CBJ,61,65,52.95,64.52,40,22,56.91,70,53,61.61,130,81,52.69,264,237,46.49,106,122,40.51,32,47,48.21,27,29,CBJ,61,65,48.14,58.00,29,21,59.51,97,66,55.23,153,124,49.92,295,296,36.49,108,188,32.14,27,57,40.00,30,45,2018,Regular,From
CGY,61,69,49.86,50.00,7,7,38.89,7,11,57.14,28,21,53.68,51,44,38.46,20,32,56.52,13,10,42.86,3,4,CGY,61,69,51.15,64.71,77,42,50.59,86,84,49.39,242,248,52.42,703,638,48.66,254,268,45.98,103,121,48.00,36,39,CGY,61,69,52.33,60.27,44,29,58.23,46,33,53.05,113,100,53.02,342,303,46.75,115,131,48.48,48,51,53.85,21,18,CGY,61,69,53.96,76.12,51,16,63.06,70,41,58.02,152,110,53.98,373,318,47.31,123,137,44.44,40,50,34.04,16,31,2018,Regular,From
CHI,61,60,49.43,52.00,13,12,36.36,8,14,35.90,14,25,50.57,44,43,47.73,21,23,58.33,14,10,69.23,18,8,CHI,61,60,52.30,61.19,164,104,66.13,164,84,53.30,234,205,50.55,600,587,47.72,220,241,46.70,106,121,49.16,117,121,CHI,61,60,51.85,72.22,78,30,57.69,60,44,59.46,88,60,48.80,224,235,50.56,90,88,41.56,32,45,36.73,36,62,CHI,61,60,58.72,75.95,120,38,66.46,105,53,62.60,154,92,57.68,368,270,54.07,133,113,44.95,49,60,47.44,74,82,2018,Regular,From
COL,61,69,49.51,50.00,12,12,44.00,11,14,37.50,15,25,54.02,47,40,50.98,26,25,52.38,11,10,52.63,10,9,COL,61,69,47.42,57.14,76,57,60.34,105,69,53.72,231,199,45.26,482,583,45.01,284,347,32.16,55,116,41.56,64,90,COL,61,69,46.28,43.42,33,43,55.56,40,32,48.66,91,96,43.44,192,250,49.07,105,109,43.82,39,50,43.08,28,37,COL,61,69,49.19,50.57,44,43,65.26,62,33,52.65,129,116,48.94,277,289,49.36,154,158,28.92,24,59,31.33,26,57,2018,Regular,From
DAL,61,74,55.19,53.85,7,6,26.32,5,14,56.41,22,17,51.85,42,39,58.82,30,21,61.90,13,8,75.00,18,6,DAL,61,74,51.96,59.63,130,88,62.09,113,69,56.02,242,190,52.13,550,505,44.81,216,266,39.64,44,67,49.22,126,130,DAL,61,74,52.13,63.29,50,29,61.90,39,24,53.57,105,91,50.48,210,206,51.87,97,90,46.43,26,30,43.31,55,72,DAL,61,74,51.59,57.76,67,49,64.15,68,38,56.47,144,111,50.73,311,302,48.20,134,144,28.13,18,46,44.10,71,90,2018,Regular,From
DET,61,60,46.37,31.25,5,11,40.00,10,15,47.06,24,27,45.68,37,44,50.00,26,26,57.89,11,8,42.86,3,4,DET,61,60,48.70,56.29,94,73,56.57,142,109,52.00,260,240,48.17,540,581,42.82,179,239,46.98,140,158,39.67,48,73,DET,61,60,51.12,60.27,44,29,44.86,48,59,52.28,103,94,53.41,235,205,46.56,88,101,51.54,67,63,43.14,22,29,DET,61,60,45.88,62.64,57,34,54.95,61,50,54.65,141,117,45.74,220,261,33.18,70,141,36.50,50,87,33.33,18,36,2018,Regular,From
EDM,61,56,49.76,41.18,7,10,60.00,18,12,45.16,28,34,46.51,40,46,54.35,25,21,50.00,11,11,55.56,10,8,EDM,61,56,51.32,58.72,165,116,53.82,183,157,54.57,358,298,50.54,564,552,52.84,177,158,48.43,77,82,46.00,69,81,EDM,61,56,53.43,59.29,67,46,52.17,72,66,57.35,160,119,56.19,254,198,43.45,63,82,50.00,32,32,55.88,38,30,EDM,61,56,48.25,63.70,93,53,56.82,100,76,50.97,184,177,51.52,305,287,43.01,83,110,24.00,24,76,35.53,27,49,2018,Regular,From
FLA,61,66,46.72,26.67,4,11,50.00,13,13,55.56,30,24,49.47,47,48,39.62,21,32,50.00,12,12,31.25,5,11,FLA,61,66,50.10,49.24,65,67,58.33,126,90,59.31,411,282,50.53,617,604,42.21,241,330,39.20,78,121,39.29,33,51,FLA,61,66,49.56,60.87,28,18,59.30,51,35,55.22,148,120,49.78,222,224,42.17,105,144,39.13,36,56,50.00,13,13,FLA,61,66,47.15,66.18,45,23,56.82,50,38,56.63,175,134,45.05,241,294,36.50,96,167,42.53,37,50,37.50,12,20,2018,Regular,From
L.A,61,71,54.39,73.33,11,4,50.00,11,11,52.08,25,23,45.05,41,50,60.98,25,16,72.22,13,5,66.67,8,4,L.A,61,71,48.96,48.42,92,98,53.39,118,103,52.91,291,259,51.57,541,508,45.02,199,243,36.41,75,131,44.24,73,92,L.A,61,71,48.87,64.79,46,25,52.58,51,46,50.53,144,141,52.32,259,236,41.86,72,100,36.14,30,53,36.49,27,47,L.A,61,71,51.63,56.52,52,40,49.56,56,57,60.15,163,108,53.67,307,265,52.08,125,115,31.30,36,79,32.18,28,59,2018,Regular,From
MIN,61,75,52.69,46.67,7,8,47.37,9,10,45.45,20,24,54.76,46,38,56.86,29,22,70.37,19,8,39.13,9,14,MIN,61,75,49.07,43.75,49,63,59.69,114,77,54.66,223,185,47.48,508,562,47.48,283,313,40.16,102,152,45.59,93,111,MIN,61,75,44.19,48.28,14,15,58.46,38,27,54.24,96,81,39.76,165,250,39.09,86,134,40.68,48,70,38.64,34,54,MIN,61,75,45.02,52.63,30,27,56.34,40,31,51.66,109,102,44.16,227,287,37.67,113,187,34.48,50,95,35.96,41,73,2018,Regular,From
MTL,61,55,43.96,29.41,5,12,30.77,8,18,42.22,19,26,43.02,37,49,50.00,21,21,55.00,11,9,61.54,8,5,MTL,61,55,51.95,61.11,143,91,58.62,153,108,54.83,318,262,50.97,632,608,50.31,160,158,47.97,142,154,41.18,35,50,MTL,61,55,49.98,62.50,60,36,60.38,64,42,48.98,96,100,49.58,237,241,53.38,79,69,42.59,46,62,25.58,11,32,MTL,61,55,50.19,57.38,70,52,61.80,110,68,56.21,172,134,51.58,359,337,37.44,82,137,47.65,81,89,22.95,14,47,2018,Regular,From
N.J,61,70,49.23,58.33,7,5,40.74,11,16,49.06,26,27,52.48,53,48,44.44,24,30,50.00,10,10,50.00,3,3,N.J,61,70,49.90,53.85,70,60,51.93,121,112,55.11,318,259,50.68,521,507,46.58,259,297,38.92,72,113,46.04,64,75,N.J,61,70,48.76,58.33,35,25,56.48,61,47,51.44,125,118,47.00,196,221,47.84,122,133,38.37,33,53,47.06,24,27,N.J,61,70,46.24,68.00,51,24,47.06,56,63,54.98,138,113,46.92,236,267,39.37,100,154,34.02,33,64,23.73,14,45,2018,Regular,From
NSH,61,85,55.07,40.00,2,3,66.67,8,4,53.66,22,19,58.67,44,31,59.65,34,23,45.16,14,17,50.00,11,11,NSH,61,85,50.52,50.55,46,45,55.12,70,57,58.54,233,165,51.46,563,531,42.99,285,378,42.66,125,168,46.72,128,146,NSH,61,85,54.42,69.77,30,13,67.74,42,20,59.12,94,65,57.86,254,185,43.77,116,149,44.35,51,64,43.81,46,59,NSH,61,85,53.48,67.44,29,14,65.22,45,24,63.64,133,76,51.15,268,256,42.78,154,206,45.45,70,84,47.76,64,70,2018,Regular,From
NYI,61,64,48.79,56.52,13,10,45.16,14,17,44.44,28,35,45.54,46,55,52.00,26,24,64.00,16,9,45.83,11,13,NYI,61,64,45.91,49.82,142,143,45.21,137,166,53.09,318,281,47.65,446,490,37.74,180,297,41.52,93,131,43.30,97,127,NYI,61,64,45.30,43.80,53,68,56.83,79,60,45.75,113,134,44.92,159,195,44.00,77,98,38.89,35,55,47.73,42,46,NYI,61,64,49.32,62.09,95,58,56.05,88,69,55.63,173,138,49.05,233,242,41.77,99,138,40.52,47,69,39.05,41,64,2018,Regular,From
NYR,61,59,46.31,46.15,6,7,46.88,15,17,46.15,30,35,42.72,44,59,47.83,22,24,52.94,9,8,60.00,3,2,NYR,61,59,46.86,51.48,87,82,56.13,183,143,50.69,369,359,46.65,523,598,39.60,177,270,45.09,78,95,49.32,36,37,NYR,61,59,46.33,49.30,35,36,58.46,76,54,51.91,122,113,44.09,179,227,39.46,73,112,48.78,40,42,35.71,10,18,NYR,61,59,43.45,43.90,36,46,58.55,89,63,51.29,159,151,43.69,239,308,34.80,79,148,37.37,37,62,15.79,6,32,2018,Regular,From
OTT,61,52,44.50,69.57,16,7,21.88,7,25,48.28,28,30,42.55,40,54,50.00,23,23,42.31,11,15,30.00,3,7,OTT,61,52,47.22,50.00,119,119,47.57,127,140,53.49,322,280,47.06,512,576,45.91,202,238,39.50,79,121,44.83,39,48,OTT,61,52,47.05,54.35,50,42,56.20,68,53,48.97,119,124,49.16,235,243,42.11,80,110,36.96,34,58,31.58,12,26,OTT,61,52,45.02,63.16,72,42,59.02,121,84,57.58,190,140,41.59,257,361,32.68,83,171,33.33,32,64,30.19,16,37,2018,Regular,From
PHI,61,74,53.74,70.00,7,3,40.91,9,13,53.66,22,19,57.61,53,39,49.06,26,27,61.90,13,8,42.86,6,8,PHI,61,74,49.68,51.47,70,66,57.99,127,92,56.05,213,167,49.63,596,605,44.56,221,275,42.18,116,159,43.33,52,68,PHI,61,74,48.03,66.04,35,18,55.17,48,39,51.41,73,69,48.61,263,278,40.48,85,125,42.45,45,61,35.29,18,33,PHI,61,74,49.24,67.86,57,27,62.73,69,41,59.07,114,79,48.25,304,326,36.68,95,164,43.59,51,66,30.51,18,41,2018,Regular,From
PIT,61,74,48.60,6.67,1,14,57.14,12,9,48.21,27,29,51.72,45,42,50.98,26,25,51.72,15,14,50.00,7,7,PIT,61,74,53.23,56.21,95,74,58.74,131,92,54.62,284,236,55.36,615,496,47.17,233,261,53.69,131,113,42.73,94,126,PIT,61,74,52.06,59.72,43,29,55.34,57,46,54.38,118,99,50.93,220,212,48.68,92,97,56.76,63,48,41.18,28,40,PIT,61,74,50.24,51.11,46,44,62.61,72,43,55.51,141,113,49.91,265,266,46.96,116,131,38.62,56,89,39.78,37,56,2018,Regular,From
S.J,61,74,47.40,40.00,4,6,55.56,15,12,45.83,22,26,46.67,42,48,40.82,20,29,65.22,15,8,36.36,4,7,S.J,61,74,51.71,51.20,64,61,65.19,103,55,55.28,382,309,54.13,524,444,46.54,215,247,37.46,112,187,49.69,79,80,S.J,61,74,53.27,59.26,32,22,53.26,49,43,58.19,167,120,54.19,246,208,49.78,111,112,50.41,62,61,36.92,24,41,S.J,61,74,50.62,56.00,42,33,65.32,81,43,56.46,223,172,50.89,286,276,45.26,129,156,39.78,72,109,31.82,28,60,2018,Regular,From
STL,61,72,53.38,62.50,10,6,26.32,5,14,47.06,16,18,57.50,46,34,55.77,29,23,66.67,18,9,45.45,10,12,STL,61,72,52.76,53.85,91,78,57.29,114,85,53.08,233,206,54.86,593,488,50.00,299,299,43.86,100,128,47.78,86,94,STL,61,72,54.75,67.24,39,19,61.18,52,33,53.65,103,89,57.32,235,175,48.00,120,130,43.93,47,60,61.54,32,20,STL,61,72,48.61,55.42,46,37,45.05,41,50,51.42,127,120,48.52,295,313,45.69,143,170,43.75,56,72,40.00,36,54,2018,Regular,From
T.B,61,85,57.57,70.00,7,3,40.91,9,13,58.70,27,19,54.05,40,34,67.27,37,18,60.98,25,16,52.17,12,11,T.B,61,85,49.98,53.91,69,59,48.99,73,76,59.55,237,161,51.95,547,506,43.17,215,283,39.06,166,259,44.29,128,161,T.B,61,85,55.91,54.55,24,20,65.38,51,27,57.30,106,79,57.22,222,166,56.72,114,87,46.82,81,92,44.54,53,66,T.B,61,85,53.66,59.32,35,24,63.29,50,29,56.93,115,87,52.21,283,259,50.18,139,138,44.90,88,108,42.74,53,71,2018,Regular,From
TOR,61,77,53.65,90.00,9,1,48.28,14,15,45.00,18,22,57.47,50,37,52.63,30,27,55.81,24,19,48.28,14,15,TOR,61,77,48.17,62.67,47,28,61.46,193,121,53.65,206,178,44.14,524,663,43.52,215,279,43.25,141,185,46.40,129,149,TOR,61,77,49.25,52.94,18,16,58.74,84,59,56.42,101,78,48.64,269,284,41.55,86,121,41.38,48,68,43.51,57,74,TOR,61,77,54.84,47.50,19,21,65.31,96,51,63.87,122,69,54.43,332,278,45.49,111,133,46.39,77,89,44.83,65,80,2018,Regular,From
VAN,61,53,45.79,41.18,7,10,27.59,8,21,48.98,24,25,45.05,41,50,47.22,17,19,65.00,13,7,46.15,6,7,VAN,61,53,47.38,49.74,97,98,55.82,211,167,53.81,304,261,46.43,416,480,40.89,157,227,42.06,90,124,43.23,83,109,VAN,61,53,46.36,52.56,41,37,48.45,78,83,50.24,106,105,51.81,200,186,41.13,58,83,36.25,29,51,28.89,26,64,VAN,61,53,48.01,57.32,47,35,58.56,106,75,56.54,173,133,48.52,197,209,41.38,72,102,33.33,36,72,30.61,30,68,2018,Regular,From
VGK,61,86,55.97,55.56,5,4,26.67,4,11,70.83,34,14,57.00,57,43,56.06,37,29,56.76,21,16,42.11,8,11,VGK,61,86,52.47,48.48,32,34,66.67,90,45,54.82,256,211,53.91,628,537,47.65,253,278,46.69,127,145,42.34,116,158,VGK,61,86,52.12,59.26,16,11,61.97,44,27,60.87,140,90,50.53,240,235,46.64,104,119,45.54,51,61,41.88,49,68,VGK,61,86,52.30,50.00,17,17,68.97,60,27,58.58,157,111,52.77,295,264,42.90,130,173,40.24,68,101,42.48,65,88,2018,Regular,From
WPG,61,81,54.46,37.50,6,10,46.67,7,8,45.24,19,23,59.49,47,32,60.00,30,20,56.25,18,14,60.00,15,10,WPG,61,81,52.37,54.97,94,77,62.01,111,68,57.32,188,140,51.19,472,450,47.48,273,302,49.57,173,176,44.94,111,136,WPG,61,81,52.28,64.79,46,25,54.29,38,32,53.02,79,70,46.13,185,216,53.56,128,111,53.55,83,72,48.45,47,50,WPG,61,81,51.35,64.89,61,33,64.29,45,25,59.65,102,69,47.84,244,266,46.07,123,144,42.27,93,127,38.58,49,78,2018,Regular,From
WSH,61,75,51.86,53.85,7,6,57.69,15,11,55.77,29,23,49.49,49,50,54.55,24,20,51.85,14,13,33.33,5,10,WSH,61,75,46.29,60.23,103,68,58.67,115,81,52.85,241,215,43.39,450,587,43.69,218,281,38.60,110,175,28.43,29,73,WSH,61,75,47.14,54.29,38,32,49.38,40,41,50.00,109,109,48.08,251,271,38.96,97,152,47.71,73,80,41.46,17,24,WSH,61,75,52.12,69.07,67,30,59.82,67,45,60.16,154,102,51.17,262,250,44.07,130,165,40.37,65,96,43.59,17,22,2018,Regular,From
ANA,60,69,50.82,57.14,8,6,50.00,10,10,50.00,21,21,51.65,47,44,53.49,23,20,48.15,13,14,40.00,4,6,ANA,60,69,48.80,61.17,63,40,55.73,107,85,54.04,234,199,48.90,512,535,42.07,244,336,40.48,119,175,46.34,76,88,ANA,60,69,48.76,50.00,28,28,55.00,55,45,57.30,106,79,47.70,218,239,43.46,133,173,42.75,56,75,44.07,26,33,ANA,60,69,48.44,71.15,37,15,57.03,73,55,56.03,130,102,46.48,251,289,39.60,118,180,44.53,61,76,35.21,25,46,2018,Regular,From
ARI,60,44,42.11,50.00,11,11,45.45,15,18,40.98,25,36,40.00,38,57,31.58,12,26,41.67,5,7,83.33,5,1,ARI,60,44,46.63,54.51,133,111,50.00,151,151,52.12,283,260,46.88,541,613,41.28,187,266,38.83,40,63,43.21,35,46,ARI,60,44,44.47,51.75,59,55,46.27,62,72,53.56,128,111,43.96,262,334,39.46,88,135,36.36,16,28,34.55,19,36,ARI,60,44,51.33,61.61,69,43,56.71,93,71,54.34,169,142,51.37,301,285,49.43,130,133,42.55,20,27,45.71,32,38,2018,Regular,From
BOS,60,82,56.87,55.56,5,4,58.33,14,10,48.89,22,23,53.41,47,41,57.45,27,20,77.78,21,6,60.00,12,8,BOS,60,82,53.30,66.07,74,38,57.81,148,108,61.18,208,132,51.09,564,540,48.31,258,276,47.42,101,112,52.49,116,105,BOS,60,82,53.60,59.52,25,17,62.63,62,37,61.78,97,60,51.44,232,219,46.15,108,126,49.52,52,53,50.00,58,58,BOS,60,82,55.03,68.97,40,18,64.35,74,41,63.48,113,65,53.54,287,249,46.86,142,161,46.79,51,58,44.88,57,70,2018,Regular,From
BUF,60,45,41.24,50.00,16,16,36.36,12,21,37.25,19,32,40.00,34,51,54.29,19,16,18.18,2,9,16.67,1,5,BUF,60,45,47.73,56.22,131,102,57.75,149,109,51.47,315,297,46.90,515,583,43.98,201,256,43.97,51,65,27.78,15,39,BUF,60,45,44.80,55.66,59,47,47.62,50,55,50.75,135,131,44.16,170,215,43.03,71,94,32.56,14,29,18.18,4,18,BUF,60,45,46.32,55.08,65,53,53.21,58,51,61.69,182,113,44.23,211,266,36.79,71,122,32.39,23,48,24.00,6,19,2018,Regular,From
CAR,60,64,46.16,35.29,6,11,38.10,8,13,48.94,23,24,48.42,46,49,46.30,25,29,47.37,9,10,44.44,4,5,CAR,60,64,54.11,54.92,106,87,62.90,156,92,61.67,280,174,53.72,613,528,49.71,257,260,45.25,100,121,47.40,73,81,CAR,60,64,52.97,55.06,49,40,47.22,51,57,65.52,133,70,54.21,290,245,47.95,105,114,48.28,42,45,33.90,20,39,CAR,60,64,57.22,70.83,68,28,73.58,78,28,62.04,152,93,56.83,358,272,47.66,122,134,49.56,56,57,44.62,29,36,2018,Regular,From
CBJ,60,65,50.36,53.33,8,7,44.00,11,14,48.98,24,25,51.09,47,45,48.89,22,23,55.56,10,8,54.55,6,5,CBJ,60,65,52.65,50.42,60,59,63.37,218,126,61.75,310,192,52.37,663,603,45.44,274,329,42.07,69,95,46.51,60,69,CBJ,60,65,53.00,64.52,40,22,56.91,70,53,61.17,126,80,52.87,258,230,46.49,106,122,40.51,32,47,48.21,27,29,CBJ,60,65,47.86,58.00,29,21,59.51,97,66,54.24,147,124,49.48,287,293,37.11,108,183,32.14,27,57,40.00,30,45,2018,Regular,From
CGY,60,69,50.59,53.85,7,6,41.18,7,10,56.52,26,20,55.43,51,41,38.46,20,32,56.52,13,10,42.86,3,4,CGY,60,69,51.06,63.06,70,41,50.00,83,83,49.13,227,235,52.43,701,636,48.66,254,268,45.98,103,121,48.00,36,39,CGY,60,69,52.10,60.87,42,27,56.58,43,33,51.22,105,100,53.04,340,301,46.75,115,131,48.48,48,51,53.85,21,18,CGY,60,69,53.90,75.41,46,15,62.39,68,41,58.94,145,101,53.85,371,318,47.31,123,137,44.44,40,50,34.04,16,31,2018,Regular,From
CHI,60,58,49.36,52.00,13,12,36.36,8,14,35.90,14,25,49.41,42,43,50.00,21,21,58.33,14,10,69.23,18,8,CHI,60,58,52.25,61.19,164,104,66.13,164,84,53.30,234,205,50.40,571,562,47.66,214,235,46.70,106,121,49.16,117,121,CHI,60,58,52.09,72.22,78,30,57.69,60,44,59.46,88,60,48.95,210,219,50.85,90,87,41.56,32,45,36.73,36,62,CHI,60,58,58.64,75.95,120,38,66.46,105,53,62.60,154,92,57.40,349,259,54.51,133,111,44.95,49,60,47.44,74,82,2018,Regular,From
COL,60,69,49.77,50.00,12,12,43.48,10,13,38.46,15,24,54.65,47,39,50.98,26,25,52.38,11,10,52.63,10,9,COL,60,69,47.40,58.40,73,52,62.26,99,60,52.81,216,193,45.26,482,583,45.01,284,347,32.16,55,116,41.56,64,90,COL,60,69,46.90,43.94,29,37,58.21,39,28,50.29,87,86,43.44,192,250,49.07,105,109,43.82,39,50,43.08,28,37,COL,60,69,49.37,53.01,44,39,68.60,59,27,51.93,121,112,48.94,277,289,49.36,154,158,28.92,24,59,31.33,26,57,2018,Regular,From
DAL,60,72,54.79,53.85,7,6,26.32,5,14,56.41,22,17,51.25,41,39,58.00,29,21,61.90,13,8,75.00,18,6,DAL,60,72,51.77,59.63,130,88,62.09,113,69,56.02,242,190,51.91,530,491,44.21,210,265,39.64,44,67,49.22,126,130,DAL,60,72,52.09,63.29,50,29,61.90,39,24,53.57,105,91,50.38,198,195,51.63,95,89,45.45,25,30,43.31,55,72,DAL,60,72,51.48,57.76,67,49,64.15,68,38,56.47,144,111,50.60,296,289,48.18,132,142,28.13,18,46,44.10,71,90,2018,Regular,From
DET,60,58,46.10,31.25,5,11,40.00,10,15,47.06,24,27,45.00,36,44,50.00,25,25,57.89,11,8,42.86,3,4,DET,60,58,48.77,56.29,94,73,56.57,142,109,52.00,260,240,48.38,538,574,42.40,173,235,47.89,136,148,39.67,48,73,DET,60,58,50.97,60.27,44,29,44.86,48,59,52.28,103,94,53.55,234,203,46.15,84,98,50.00,61,61,43.14,22,29,DET,60,58,46.18,62.64,57,34,54.95,61,50,54.65,141,117,45.88,217,256,34.50,69,131,37.30,47,79,33.33,18,36,2018,Regular,From
EDM,60,54,49.60,41.18,7,10,60.00,18,12,45.16,28,34,45.88,39,46,51.16,22,21,57.89,11,8,55.56,10,8,EDM,60,54,51.35,58.72,165,116,53.82,183,157,54.57,358,298,50.49,563,552,52.72,165,148,51.80,72,67,46.00,69,81,EDM,60,54,53.71,59.29,67,46,52.17,72,66,57.35,160,119,56.19,254,198,43.08,56,74,54.39,31,26,55.88,38,30,EDM,60,54,48.07,63.70,93,53,56.82,100,76,50.97,184,177,51.52,305,287,42.20,73,100,22.58,21,72,35.53,27,49,2018,Regular,From
FLA,60,64,46.31,26.67,4,11,50.00,13,13,55.56,30,24,48.39,45,48,38.46,20,32,52.17,12,11,31.25,5,11,FLA,60,64,50.08,49.24,65,67,58.33,126,90,59.31,411,282,50.38,596,587,42.29,236,322,39.39,78,120,39.29,33,51,FLA,60,64,49.47,60.87,28,18,59.30,51,35,55.22,148,120,48.74,212,223,42.86,102,136,39.56,36,55,50.00,13,13,FLA,60,64,47.25,66.18,45,23,56.82,50,38,56.63,175,134,45.28,235,284,36.86,94,161,41.86,36,50,37.50,12,20,2018,Regular,From
L.A,60,71,54.80,73.33,11,4,50.00,11,11,53.19,25,22,45.56,41,49,60.98,25,16,72.22,13,5,66.67,8,4,L.A,60,71,49.14,48.42,92,98,53.39,118,103,53.41,290,253,51.92,527,488,45.02,199,243,36.41,75,131,44.24,73,92,L.A,60,71,49.05,64.79,46,25,53.13,51,45,50.71,143,139,52.54,248,224,41.86,72,100,36.14,30,53,36.49,27,47,L.A,60,71,51.69,56.52,52,40,49.56,56,57,60.30,161,106,54.04,294,250,52.08,125,115,31.30,36,79,32.18,28,59,2018,Regular,From
MIN,60,73,52.35,46.67,7,8,47.37,9,10,45.45,20,24,54.22,45,38,56.00,28,22,72.00,18,7,39.13,9,14,MIN,60,73,48.74,43.75,49,63,59.69,114,77,54.66,223,185,47.45,503,557,46.82,272,309,40.16,98,146,43.23,83,109,MIN,60,73,44.00,48.28,14,15,58.46,38,27,54.24,96,81,39.85,163,246,38.10,80,130,40.52,47,69,37.21,32,54,MIN,60,73,44.84,52.63,30,27,56.34,40,31,51.66,109,102,44.38,225,282,36.95,109,186,34.51,49,93,35.45,39,71,2018,Regular,From
MTL,60,54,43.65,29.41,5,12,30.77,8,18,40.91,18,26,42.35,36,49,51.22,21,20,55.00,11,9,61.54,8,5,MTL,60,54,51.95,61.11,143,91,58.62,153,108,54.75,317,262,51.04,611,586,50.32,157,155,47.97,142,154,41.18,35,50,MTL,60,54,50.21,62.50,60,36,60.38,64,42,49.23,96,99,50.11,228,227,52.78,76,68,42.59,46,62,25.58,11,32,MTL,60,54,50.23,57.38,70,52,61.80,110,68,56.21,172,134,51.94,348,322,37.21,80,135,47.65,81,89,22.95,14,47,2018,Regular,From
N.J,60,70,49.79,58.33,7,5,40.74,11,16,50.00,26,26,53.00,53,47,44.23,23,29,52.63,10,9,50.00,3,3,N.J,60,70,49.69,53.85,70,60,51.72,120,112,54.71,302,250,50.54,514,503,46.24,252,293,39.13,72,112,46.04,64,75,N.J,60,70,48.50,58.33,35,25,56.07,60,47,51.52,119,112,46.75,194,221,46.75,115,131,38.37,33,53,47.06,24,27,N.J,60,70,46.14,68.00,51,24,46.15,54,63,55.74,136,108,46.69,233,266,39.11,97,151,34.38,33,63,23.73,14,45,2018,Regular,From
NSH,60,83,54.70,40.00,2,3,66.67,8,4,53.66,22,19,58.67,44,31,58.93,33,23,43.33,13,17,50.00,11,11,NSH,60,83,50.23,50.55,46,45,55.12,70,57,58.54,233,165,51.33,560,531,42.57,278,375,42.36,122,166,45.49,111,133,NSH,60,83,54.47,69.77,30,13,67.74,42,20,59.12,94,65,57.89,253,184,43.73,115,148,43.86,50,64,43.75,42,54,NSH,60,83,53.08,67.44,29,14,65.22,45,24,63.64,133,76,51.05,267,256,42.90,154,205,44.97,67,82,45.08,55,67,2018,Regular,From
NYI,60,64,49.01,56.52,13,10,43.33,13,17,45.00,27,33,45.92,45,53,53.06,26,23,64.00,16,9,45.83,11,13,NYI,60,64,45.89,49.82,142,143,45.48,136,163,53.15,304,268,47.62,441,485,37.58,177,294,41.52,93,131,43.30,97,127,NYI,60,64,45.00,43.80,53,68,56.52,78,60,45.15,107,130,44.25,154,194,43.68,76,98,38.89,35,55,47.73,42,46,NYI,60,64,48.96,62.09,95,58,55.77,87,69,54.55,162,135,48.38,224,239,42.67,99,133,40.52,47,69,39.05,41,64,2018,Regular,From
NYR,60,59,46.78,46.15,6,7,46.88,15,17,47.62,30,33,43.14,44,58,47.83,22,24,52.94,9,8,60.00,3,2,NYR,60,59,47.01,51.48,87,82,57.49,165,122,50.84,365,353,46.70,523,597,39.60,177,270,45.09,78,95,49.32,36,37,NYR,60,59,46.12,49.30,35,36,57.26,67,50,51.53,118,111,44.06,178,226,39.46,73,112,48.78,40,42,35.71,10,18,NYR,60,59,43.71,43.90,36,46,59.85,79,53,51.80,158,147,44.10,239,303,34.80,79,148,37.37,37,62,15.79,6,32,2018,Regular,From
OTT,60,52,44.82,70.00,14,6,22.58,7,24,50.00,28,28,43.01,40,53,50.00,23,23,42.31,11,15,30.00,3,7,OTT,60,52,47.37,50.65,117,114,48.08,125,135,53.79,305,262,47.06,512,576,45.91,202,238,39.50,79,121,44.83,39,48,OTT,60,52,47.12,54.44,49,41,55.65,64,51,49.13,113,117,49.16,235,243,42.11,80,110,36.96,34,58,31.58,12,26,OTT,60,52,44.79,63.06,70,41,59.11,120,83,57.14,176,132,41.59,257,361,32.68,83,171,33.33,32,64,30.19,16,37,2018,Regular,From
PHI,60,72,53.75,70.00,7,3,40.91,9,13,52.50,21,19,58.24,53,38,49.06,26,27,61.90,13,8,42.86,6,8,PHI,60,72,49.70,51.47,70,66,57.99,127,92,56.15,210,164,49.79,591,596,44.29,217,273,42.18,116,159,43.33,52,68,PHI,60,72,48.14,66.04,35,18,55.17,48,39,51.41,73,69,48.48,256,272,40.98,84,121,42.45,45,61,35.29,18,33,PHI,60,72,49.37,67.86,57,27,62.73,69,41,57.98,109,79,48.63,301,318,37.55,95,158,43.59,51,66,30.51,18,41,2018,Regular,From
PIT,60,72,48.03,6.67,1,14,57.14,12,9,48.21,27,29,51.16,44,42,48.98,24,25,50.00,13,13,53.85,7,6,PIT,60,72,53.37,56.21,95,74,58.74,131,92,54.62,284,236,55.32,614,496,47.25,232,259,54.75,121,100,44.06,89,113,PIT,60,72,51.99,59.72,43,29,55.34,57,46,54.38,118,99,51.04,220,211,49.19,91,94,53.92,55,47,42.11,24,33,PIT,60,72,50.24,51.11,46,44,62.61,72,43,55.51,141,113,49.81,264,266,47.74,116,127,38.52,52,83,39.56,36,55,2018,Regular,From
S.J,60,74,48.28,57.14,4,3,53.85,14,12,47.83,22,24,47.19,42,47,40.82,20,29,65.22,15,8,36.36,4,7,S.J,60,74,51.98,54.46,61,51,65.99,97,50,55.56,370,296,54.19,524,443,46.54,215,247,37.46,112,187,49.69,79,80,S.J,60,74,53.13,58.33,28,20,52.33,45,41,57.50,161,119,54.19,246,208,49.78,111,112,50.41,62,61,36.92,24,41,S.J,60,74,50.69,59.15,42,29,64.96,76,41,56.22,217,169,51.07,286,274,45.26,129,156,39.78,72,109,31.82,28,60,2018,Regular,From
STL,60,72,53.78,62.50,10,6,26.32,5,14,46.88,15,17,58.97,46,32,55.77,29,23,66.67,18,9,45.45,10,12,STL,60,72,52.61,53.85,91,78,56.85,112,85,52.14,219,201,54.88,579,476,50.00,299,299,43.86,100,128,47.78,86,94,STL,60,72,54.94,67.24,39,19,61.18,52,33,53.80,99,85,57.50,230,170,48.00,120,130,43.93,47,60,61.54,32,20,STL,60,72,48.36,55.42,46,37,46.07,41,48,50.21,118,117,48.24,287,308,45.69,143,170,43.75,56,72,40.00,36,54,2018,Regular,From
T.B,60,83,57.35,70.00,7,3,40.91,9,13,58.70,27,19,52.78,38,34,67.92,36,17,60.00,24,16,54.55,12,10,T.B,60,83,50.10,53.91,69,59,48.99,73,76,59.55,237,161,52.06,544,501,43.83,213,273,38.57,157,250,44.52,126,157,T.B,60,83,55.86,54.55,24,20,65.38,51,27,57.30,106,79,57.36,222,165,56.35,111,86,45.78,76,90,44.83,52,64,T.B,60,83,53.71,59.32,35,24,63.29,50,29,56.93,115,87,51.87,278,258,51.13,136,130,45.60,83,99,42.98,52,69,2018,Regular,From
TOR,60,75,53.32,90.00,9,1,48.28,14,15,43.59,17,22,56.47,48,37,53.57,30,26,55.81,24,19,48.28,14,15,TOR,60,75,48.07,62.67,47,28,61.46,193,121,53.65,206,178,43.91,505,645,43.22,207,272,43.25,141,185,46.40,129,149,TOR,60,75,49.24,52.94,18,16,58.74,84,59,56.42,101,78,48.61,262,277,40.91,81,117,41.38,48,68,43.51,57,74,TOR,60,75,54.65,47.50,19,21,65.31,96,51,63.87,122,69,54.26,325,274,44.96,107,131,46.39,77,89,44.83,65,80,2018,Regular,From
VAN,60,53,46.19,41.18,7,10,29.63,8,19,47.92,23,25,45.45,40,48,48.57,17,18,65.00,13,7,46.15,6,7,VAN,60,53,47.36,50.54,94,92,55.74,199,158,53.50,298,259,46.48,409,471,40.89,157,227,42.06,90,124,43.23,83,109,VAN,60,53,46.34,50.00,37,37,48.03,73,79,50.72,105,102,51.99,196,181,41.13,58,83,36.25,29,51,28.89,26,64,VAN,60,53,48.15,58.23,46,33,59.88,100,67,56.44,171,132,48.50,194,206,41.38,72,102,33.33,36,72,30.61,30,68,2018,Regular,From
VGK,60,84,55.61,55.56,5,4,26.67,4,11,70.21,33,14,56.70,55,42,56.92,37,28,54.29,19,16,42.11,8,11,VGK,60,84,52.47,48.48,32,34,66.67,90,45,54.82,256,211,53.87,619,530,47.99,251,272,47.01,118,133,41.51,110,155,VGK,60,84,52.24,59.26,16,11,61.97,44,27,60.87,140,90,50.43,235,231,46.12,101,118,45.63,47,56,43.36,49,64,VGK,60,84,52.09,50.00,17,17,68.97,60,27,58.58,157,111,52.80,292,261,43.00,129,171,38.71,60,95,42.00,63,87,2018,Regular,From
WPG,60,79,53.87,37.50,6,10,46.67,7,8,45.24,19,23,58.97,46,32,59.18,29,20,56.25,18,14,58.33,14,10,WPG,60,79,52.44,54.97,94,77,62.01,111,68,57.32,188,140,51.42,470,444,47.48,273,302,49.27,168,173,45.41,104,125,WPG,60,79,52.25,64.79,46,25,54.29,38,32,53.02,79,70,46.25,185,215,53.56,128,111,53.29,81,71,48.15,39,42,WPG,60,79,51.14,64.89,61,33,64.29,45,25,59.65,102,69,47.52,240,265,46.07,123,144,42.01,92,127,38.53,42,67,2018,Regular,From
WSH,60,75,52.03,53.85,7,6,57.69,15,11,54.90,28,23,50.00,49,49,55.81,24,19,51.85,14,13,33.33,5,10,WSH,60,75,46.13,60.23,103,68,58.67,115,81,52.60,233,210,43.15,441,581,43.67,207,267,38.60,110,175,28.43,29,73,WSH,60,75,46.81,54.29,38,32,49.38,40,41,49.29,104,107,47.58,246,271,38.37,94,151,47.71,73,80,41.46,17,24,WSH,60,75,52.23,69.07,67,30,59.82,67,45,60.08,149,99,51.29,259,246,44.83,130,160,40.37,65,96,43.59,17,22,2018,Regular,From
ANA,59,67,51.06,57.14,8,6,50.00,10,10,48.78,20,21,52.22,47,43,54.76,23,19,48.15,13,14,40.00,4,6,ANA,59,67,48.90,61.17,63,40,55.73,107,85,54.37,224,188,49.12,501,519,41.86,239,332,40.48,119,175,46.34,76,88,ANA,59,67,48.70,50.00,28,28,55.00,55,45,56.50,100,77,47.87,214,233,43.75,133,171,42.75,56,75,44.07,26,33,ANA,59,67,48.17,71.15,37,15,57.03,73,55,54.75,121,100,46.27,242,281,39.38,115,177,44.53,61,76,35.21,25,46,2018,Regular,From
ARI,59,44,42.20,50.00,10,10,45.45,15,18,40.98,25,36,39.78,37,56,32.43,12,25,41.67,5,7,83.33,5,1,ARI,59,44,46.68,55.75,126,100,50.18,143,142,51.59,275,258,46.88,540,612,41.33,186,264,38.83,40,63,43.21,35,46,ARI,59,44,44.84,51.38,56,53,47.69,62,68,54.24,128,108,44.03,262,333,40.37,88,130,36.36,16,28,34.55,19,36,ARI,59,44,51.37,62.04,67,41,57.59,91,67,53.75,165,142,51.37,301,285,49.41,126,129,42.55,20,27,45.71,32,38,2018,Regular,From
BOS,59,82,57.36,55.56,5,4,59.09,13,9,50.00,22,22,54.02,47,40,57.45,27,20,77.78,21,6,60.00,12,8,BOS,59,82,53.14,65.00,65,35,56.41,132,102,61.42,207,130,51.00,559,537,48.31,258,276,47.42,101,112,52.49,116,105,BOS,59,82,53.35,62.16,23,14,58.82,50,35,61.54,96,60,51.56,231,217,46.15,108,126,49.52,52,53,50.00,58,58,BOS,59,82,55.16,70.83,34,14,65.14,71,38,64.00,112,63,53.37,285,249,46.86,142,161,46.79,51,58,44.88,57,70,2018,Regular,From
BUF,59,45,41.25,50.00,16,16,32.26,10,21,38.78,19,30,40.48,34,50,54.29,19,16,18.18,2,9,16.67,1,5,BUF,59,45,47.70,56.22,131,102,57.50,138,102,51.26,306,291,46.98,505,570,43.98,201,256,43.97,51,65,27.78,15,39,BUF,59,45,44.92,55.66,59,47,45.92,45,53,52.19,131,120,44.09,168,213,43.03,71,94,32.56,14,29,18.18,4,18,BUF,59,45,46.38,55.08,65,53,51.92,54,50,62.02,178,109,44.49,210,262,36.79,71,122,32.39,23,48,24.00,6,19,2018,Regular,From
CAR,59,63,46.12,35.29,6,11,38.10,8,13,46.67,21,24,49.46,46,47,46.30,25,29,47.37,9,10,44.44,4,5,CAR,59,63,53.98,54.92,106,87,62.90,156,92,61.21,262,166,53.58,599,519,49.71,257,260,45.25,100,121,47.40,73,81,CAR,59,63,52.67,55.06,49,40,47.22,51,57,64.84,118,64,54.15,287,243,47.95,105,114,48.28,42,45,33.90,20,39,CAR,59,63,57.11,70.83,68,28,73.58,78,28,61.80,144,89,56.54,350,269,47.66,122,134,49.56,56,57,44.62,29,36,2018,Regular,From
CBJ,59,63,50.21,53.33,8,7,44.00,11,14,48.98,24,25,50.00,45,45,50.00,22,22,55.56,10,8,54.55,6,5,CBJ,59,63,52.90,50.42,60,59,63.37,218,126,61.75,310,192,52.50,661,598,46.22,263,306,42.07,69,95,46.51,60,69,CBJ,59,63,53.05,64.52,40,22,56.91,70,53,61.17,126,80,53.11,256,226,46.30,100,116,40.51,32,47,48.21,27,29,CBJ,59,63,47.80,58.00,29,21,59.51,97,66,54.24,147,124,49.56,284,289,36.33,101,177,32.14,27,57,40.00,30,45,2018,Regular,From
CGY,59,68,51.03,53.85,7,6,41.18,7,10,56.52,26,20,56.67,51,39,38.46,20,32,56.52,13,10,42.86,3,4,CGY,59,68,51.12,63.06,70,41,50.00,83,83,49.89,225,226,52.28,677,618,48.66,254,268,45.98,103,121,48.00,36,39,CGY,59,68,51.94,60.87,42,27,56.58,43,33,50.76,100,97,52.92,326,290,46.75,115,131,48.48,48,51,53.85,21,18,CGY,59,68,54.00,75.41,46,15,62.39,68,41,58.65,139,98,54.09,364,309,47.31,123,137,44.44,40,50,34.04,16,31,2018,Regular,From
CHI,59,58,49.60,50.00,12,12,36.36,8,14,36.84,14,24,50.00,42,42,50.00,21,21,58.33,14,10,69.23,18,8,CHI,59,58,52.38,62.20,153,93,65.81,154,80,53.58,232,201,50.58,570,557,47.66,214,235,46.70,106,121,49.16,117,121,CHI,59,58,51.94,71.84,74,29,57.14,56,42,58.90,86,60,49.18,210,217,50.85,90,87,41.56,32,45,36.73,36,62,CHI,59,58,58.45,73.97,108,38,65.28,94,50,62.08,149,91,57.81,348,254,54.51,133,111,44.95,49,60,47.44,74,82,2018,Regular,From
COL,59,68,49.98,50.00,12,12,40.91,9,13,37.84,14,23,55.95,47,37,50.98,26,25,52.38,11,10,52.63,10,9,COL,59,68,47.64,58.40,73,52,61.29,95,60,53.65,213,184,45.62,463,552,45.01,284,347,32.16,55,116,41.56,64,90,COL,59,68,46.89,43.94,29,37,56.92,37,28,49.40,83,85,43.97,186,237,49.07,105,109,43.82,39,50,43.08,28,37,COL,59,68,49.46,53.01,44,39,69.14,56,25,50.89,114,110,49.45,269,275,49.36,154,158,28.92,24,59,31.33,26,57,2018,Regular,From
DAL,59,72,54.84,53.85,7,6,26.32,5,14,56.41,22,17,51.25,41,39,58.00,29,21,61.90,13,8,75.00,18,6,DAL,59,72,51.56,59.63,130,88,60.95,103,66,55.56,230,184,51.73,524,489,44.21,210,265,39.64,44,67,49.22,126,130,DAL,59,72,51.89,63.29,50,29,58.62,34,24,53.85,98,84,50.26,194,192,51.63,95,89,45.45,25,30,43.31,55,72,DAL,59,72,51.68,57.76,67,49,63.73,65,37,57.26,142,106,50.78,293,284,48.18,132,142,28.13,18,46,44.10,71,90,2018,Regular,From
DET,59,57,46.29,31.25,5,11,40.00,10,15,46.00,23,27,46.15,36,42,50.00,25,25,57.89,11,8,42.86,3,4,DET,59,57,48.70,56.29,94,73,56.57,142,109,51.91,245,227,48.17,525,565,42.40,173,235,47.89,136,148,39.67,48,73,DET,59,57,51.00,60.27,44,29,44.86,48,59,52.36,100,91,53.72,231,199,46.15,84,98,50.00,61,61,43.14,22,29,DET,59,57,45.73,62.64,57,34,54.95,61,50,53.36,127,111,45.26,210,254,34.50,69,131,37.30,47,79,33.33,18,36,2018,Regular,From
EDM,59,52,49.50,41.18,7,10,60.00,18,12,45.16,28,34,44.58,37,46,51.22,21,20,61.11,11,7,55.56,10,8,EDM,59,52,51.14,58.72,165,116,53.82,183,157,54.57,358,298,49.95,532,533,51.83,156,145,53.33,72,63,46.00,69,81,EDM,59,52,53.65,59.29,67,46,52.17,72,66,57.35,160,119,55.66,241,192,44.00,55,70,56.36,31,24,55.88,38,30,EDM,59,52,47.98,63.70,93,53,56.82,100,76,50.97,184,177,51.05,291,279,43.29,71,93,21.59,19,69,35.53,27,49,2018,Regular,From
FLA,59,62,46.33,26.67,4,11,50.00,13,13,55.56,30,24,47.83,44,48,38.00,19,31,54.55,12,10,31.25,5,11,FLA,59,62,50.20,49.24,65,67,58.33,126,90,59.31,411,282,50.61,581,567,42.25,229,313,39.59,78,119,39.29,33,51,FLA,59,62,49.75,60.87,28,18,59.30,51,35,55.22,148,120,49.18,211,218,43.72,101,130,39.56,36,55,50.00,13,13,FLA,59,62,47.52,66.18,45,23,56.82,50,38,56.63,175,134,45.97,234,275,36.55,91,158,41.86,36,50,37.50,12,20,2018,Regular,From
L.A,59,69,54.70,73.33,11,4,50.00,11,11,53.19,25,22,44.94,40,49,61.54,24,15,72.22,13,5,66.67,8,4,L.A,59,69,49.35,48.42,92,98,53.39,118,103,54.05,287,244,52.13,514,472,45.08,197,240,36.45,74,129,44.24,73,92,L.A,59,69,48.97,64.79,46,25,53.13,51,45,50.90,141,136,52.46,245,222,40.72,68,99,37.50,30,50,36.49,27,47,L.A,59,69,51.77,56.52,52,40,49.56,56,57,60.61,160,104,53.93,288,246,52.32,124,113,31.58,36,78,32.18,28,59,2018,Regular,From
MIN,59,71,51.82,46.67,7,8,44.44,8,10,45.24,19,23,53.66,44,38,55.10,27,22,72.00,18,7,39.13,9,14,MIN,59,71,48.94,43.75,49,63,59.47,113,77,55.16,219,178,47.57,499,550,47.30,263,293,40.33,98,145,43.23,83,109,MIN,59,71,44.16,48.28,14,15,58.46,38,27,55.95,94,74,40.05,163,244,37.37,74,124,40.87,47,68,37.21,32,54,MIN,59,71,44.77,52.63,30,27,55.71,39,31,51.71,106,99,44.53,224,279,36.11,104,184,35.00,49,91,35.45,39,71,2018,Regular,From
MTL,59,52,43.00,29.41,5,12,30.77,8,18,40.91,18,26,41.67,35,49,48.72,19,20,55.00,11,9,61.54,8,5,MTL,59,52,51.78,61.11,143,91,58.62,153,108,54.75,317,262,51.00,610,586,50.00,151,151,47.08,121,136,41.18,35,50,MTL,59,52,50.39,62.50,60,36,60.38,64,42,49.23,96,99,50.11,227,226,53.62,74,64,44.21,42,53,25.58,11,32,MTL,59,52,49.88,57.38,70,52,61.80,110,68,56.21,172,134,51.58,343,322,36.19,76,134,47.33,71,79,22.95,14,47,2018,Regular,From
N.J,59,70,50.00,58.33,7,5,40.74,11,16,49.02,25,26,54.08,53,45,44.23,23,29,52.63,10,9,50.00,3,3,N.J,59,70,49.49,53.85,70,60,51.72,120,112,53.86,279,239,50.40,509,501,46.24,252,293,39.13,72,112,46.04,64,75,N.J,59,70,48.39,58.33,35,25,56.07,60,47,51.60,113,106,46.45,190,219,46.75,115,131,38.37,33,53,47.06,24,27,N.J,59,70,46.18,68.00,51,24,46.15,54,63,56.28,130,101,46.54,229,263,39.11,97,151,34.38,33,63,23.73,14,45,2018,Regular,From
NSH,59,81,53.84,40.00,2,3,66.67,8,4,53.66,22,19,58.11,43,31,57.41,31,23,44.83,13,16,42.11,8,11,NSH,59,81,50.00,50.55,46,45,55.12,70,57,58.54,233,165,51.28,559,531,42.20,265,363,42.24,117,160,43.72,101,130,NSH,59,81,54.77,69.77,30,13,67.74,42,20,59.12,94,65,57.89,253,184,44.53,114,142,44.44,48,60,44.44,40,50,NSH,59,81,53.01,67.44,29,14,65.22,45,24,63.64,133,76,50.86,265,256,43.14,151,199,45.77,65,77,43.22,51,67,2018,Regular,From
NYI,59,62,48.58,56.52,13,10,43.33,13,17,45.00,27,33,45.36,44,53,52.08,25,23,62.50,15,9,45.83,11,13,NYI,59,62,46.03,49.82,142,143,45.48,136,163,53.15,304,268,47.94,431,468,37.28,170,286,42.65,90,121,43.30,97,127,NYI,59,62,45.25,43.80,53,68,56.52,78,60,45.15,107,130,44.54,151,188,43.90,72,92,41.67,35,49,47.73,42,46,NYI,59,62,49.34,62.09,95,58,55.77,87,69,54.55,162,135,48.76,216,227,43.58,95,123,41.96,47,65,39.05,41,64,2018,Regular,From
NYR,59,59,47.22,46.15,6,7,48.39,15,16,46.67,28,32,43.30,42,55,50.00,22,22,52.94,9,8,60.00,3,2,NYR,59,59,46.94,53.16,84,74,57.30,161,120,50.57,353,345,46.44,509,587,39.50,175,268,45.09,78,95,49.32,36,37,NYR,59,59,46.13,49.30,35,36,57.26,67,50,51.33,116,110,44.33,176,221,39.34,72,111,48.78,40,42,35.71,10,18,NYR,59,59,43.96,43.59,34,44,60.31,79,52,51.85,154,143,44.53,236,294,34.80,79,148,37.37,37,62,15.79,6,32,2018,Regular,From
OTT,59,52,45.08,68.42,13,6,23.33,7,23,50.00,27,27,43.96,40,51,50.00,23,23,42.31,11,15,30.00,3,7,OTT,59,52,47.21,50.22,113,112,47.93,116,126,53.15,295,260,46.94,507,573,45.91,202,238,39.50,79,121,44.83,39,48,OTT,59,52,47.24,54.02,47,40,57.41,62,46,49.56,112,114,49.06,234,243,42.11,80,110,36.96,34,58,31.58,12,26,OTT,59,52,44.69,62.96,68,40,58.73,111,78,56.57,168,129,41.83,256,356,32.68,83,171,33.33,32,64,30.19,16,37,2018,Regular,From
PHI,59,70,53.84,70.00,7,3,40.91,9,13,51.28,20,19,59.09,52,36,49.06,26,27,61.90,13,8,42.86,6,8,PHI,59,70,49.64,51.47,70,66,57.99,127,92,56.74,202,154,49.48,570,582,44.29,217,273,42.18,116,159,43.33,52,68,PHI,59,70,47.94,66.04,35,18,55.17,48,39,52.94,72,64,47.73,242,265,40.98,84,121,42.45,45,61,35.29,18,33,PHI,59,70,49.12,67.86,57,27,62.73,69,41,57.23,99,74,48.23,286,307,37.55,95,158,43.59,51,66,30.51,18,41,2018,Regular,From
PIT,59,70,47.44,6.67,1,14,57.14,12,9,47.27,26,29,50.00,41,41,48.94,23,24,50.00,13,13,53.85,7,6,PIT,59,70,53.33,56.21,95,74,58.74,131,92,54.53,283,236,55.10,594,484,47.31,220,245,55.50,121,97,44.06,89,113,PIT,59,70,51.90,59.72,43,29,55.34,57,46,54.17,117,99,51.30,217,206,48.60,87,92,53.92,55,47,42.11,24,33,PIT,59,70,50.19,51.11,46,44,62.61,72,43,55.51,141,113,49.13,253,262,48.74,116,122,38.64,51,81,39.56,36,55,2018,Regular,From
S.J,59,72,47.89,57.14,4,3,53.85,14,12,47.83,22,24,45.98,40,47,40.43,19,28,65.22,15,8,36.36,4,7,S.J,59,72,52.21,54.46,61,51,65.99,97,50,55.56,370,296,54.41,512,429,47.40,210,233,37.71,112,185,49.69,79,80,S.J,59,72,53.08,58.33,28,20,52.33,45,41,57.50,161,119,54.28,241,203,49.77,107,108,50.41,62,61,36.92,24,41,S.J,59,72,50.88,59.15,42,29,64.96,76,41,56.22,217,169,51.37,281,266,46.15,126,147,39.11,70,109,31.82,28,60,2018,Regular,From
STL,59,72,54.04,62.50,10,6,26.32,5,14,48.39,15,16,58.97,46,32,55.77,29,23,66.67,18,9,45.45,10,12,STL,59,72,52.46,53.85,91,78,56.99,110,83,51.12,206,197,54.74,572,473,50.00,299,299,43.86,100,128,47.78,86,94,STL,59,72,54.81,67.24,39,19,61.18,52,33,54.14,98,83,57.18,223,167,48.00,120,130,43.93,47,60,61.54,32,20,STL,59,72,48.17,55.42,46,37,45.88,39,46,50.00,113,113,47.61,279,307,45.69,143,170,43.75,56,72,40.00,36,54,2018,Regular,From
T.B,59,81,57.18,70.00,7,3,40.91,9,13,58.70,27,19,52.78,38,34,66.67,34,17,60.53,23,15,54.55,12,10,T.B,59,81,50.30,53.91,69,59,48.99,73,76,59.55,237,161,52.06,544,501,43.88,208,266,39.37,150,231,44.89,123,151,T.B,59,81,55.79,54.55,24,20,65.38,51,27,57.30,106,79,57.36,222,165,56.02,107,84,45.45,70,84,45.61,52,62,T.B,59,81,53.72,59.32,35,24,63.29,50,29,56.93,115,87,51.96,278,257,50.58,130,127,46.43,78,90,43.10,50,66,2018,Regular,From
TOR,59,75,53.97,90.00,9,1,48.28,14,15,43.24,16,21,58.02,47,34,54.55,30,25,55.81,24,19,48.28,14,15,TOR,59,75,48.16,62.67,47,28,61.09,190,121,53.63,192,166,44.10,493,625,43.31,207,271,43.25,141,185,46.40,129,149,TOR,59,75,49.25,52.94,18,16,58.74,84,59,57.23,99,74,48.40,257,274,41.12,81,116,41.38,48,68,43.51,57,74,TOR,59,75,54.81,47.50,19,21,65.28,94,50,62.90,117,69,54.97,321,263,44.96,107,131,46.39,77,89,44.83,65,80,2018,Regular,From
VAN,59,52,45.60,41.18,7,10,29.63,8,19,47.92,23,25,44.83,39,48,47.06,16,18,63.16,12,7,46.15,6,7,VAN,59,52,47.43,50.54,94,92,55.74,199,158,53.50,298,259,46.43,397,458,41.80,153,213,41.51,88,124,42.63,81,109,VAN,59,52,45.99,50.00,37,37,48.03,73,79,50.72,105,102,50.96,185,178,41.79,56,78,36.25,29,51,28.89,26,64,VAN,59,52,47.95,58.23,46,33,59.88,100,67,56.44,171,132,47.95,187,203,41.21,68,97,33.33,36,72,29.90,29,68,2018,Regular,From
VGK,59,82,55.12,55.56,5,4,26.67,4,11,70.21,33,14,55.32,52,42,58.06,36,26,52.94,18,16,38.89,7,11,VGK,59,82,52.62,48.48,32,34,66.67,90,45,54.82,256,211,53.89,617,528,48.08,238,257,47.37,117,130,42.41,109,148,VGK,59,82,52.59,59.26,16,11,61.97,44,27,60.87,140,90,50.43,233,229,47.87,101,110,47.00,47,53,43.12,47,62,VGK,59,82,52.21,50.00,17,17,68.97,60,27,58.58,157,111,52.99,292,259,42.25,120,164,39.22,60,93,43.06,62,82,2018,Regular,From
WPG,59,79,54.15,37.50,6,10,46.67,7,8,45.00,18,22,59.74,46,31,59.18,29,20,56.25,18,14,58.33,14,10,WPG,59,79,52.28,54.97,94,77,61.93,109,67,57.28,185,138,51.30,454,431,46.89,264,299,49.27,168,173,45.41,104,125,WPG,59,79,52.23,64.79,46,25,52.24,35,32,54.17,78,66,46.33,183,212,53.42,125,109,53.29,81,71,48.15,39,42,WPG,59,79,51.13,64.89,61,33,63.77,44,25,59.52,100,68,47.68,236,259,45.83,121,143,42.01,92,127,38.53,42,67,2018,Regular,From
WSH,59,75,52.41,53.85,7,6,58.33,14,10,57.14,28,21,50.00,49,49,55.81,24,19,51.85,14,13,33.33,5,10,WSH,59,75,45.86,59.88,97,65,56.47,96,74,52.44,226,205,43.15,441,581,43.67,207,267,38.60,110,175,28.43,29,73,WSH,59,75,46.78,52.94,36,32,49.28,34,35,49.76,102,103,47.58,246,271,38.37,94,151,47.71,73,80,41.46,17,24,WSH,59,75,52.38,69.57,64,28,59.18,58,40,61.09,146,93,51.19,258,246,44.83,130,160,40.37,65,96,43.59,17,22,2018,Regular,From
ANA,58,65,50.70,57.14,8,6,47.37,9,10,48.72,19,20,51.69,46,43,54.76,23,19,48.15,13,14,40.00,4,6,ANA,58,65,48.97,61.17,63,40,56.02,107,84,54.16,215,182,48.84,483,506,42.83,239,319,40.48,119,175,46.34,76,88,ANA,58,65,48.75,50.00,28,28,55.00,55,45,56.90,99,75,47.63,211,232,44.19,133,168,42.75,56,75,44.07,26,33,ANA,58,65,48.54,71.15,37,15,56.69,72,55,55.09,119,97,46.59,239,274,40.57,114,167,44.53,61,76,35.21,25,46,2018,Regular,From
ARI,58,42,42.04,50.00,10,10,45.45,15,18,40.98,25,36,39.13,36,56,32.43,12,25,41.67,5,7,83.33,5,1,ARI,58,42,46.75,55.75,126,100,50.18,143,142,51.59,275,258,46.96,540,610,41.48,163,230,38.83,40,63,43.21,35,46,ARI,58,42,44.94,51.38,56,53,47.69,62,68,54.24,128,108,44.11,262,332,40.89,83,120,36.36,16,28,34.55,19,36,ARI,58,42,51.00,62.04,67,41,57.59,91,67,53.75,165,142,51.03,297,285,48.31,114,122,42.55,20,27,45.71,32,38,2018,Regular,From
BOS,58,82,57.37,55.56,5,4,59.09,13,9,48.84,21,22,53.57,45,39,58.70,27,19,77.78,21,6,60.00,12,8,BOS,58,82,53.43,65.00,65,35,56.41,132,102,61.08,204,130,51.26,548,521,49.42,257,263,47.42,101,112,52.49,116,105,BOS,58,82,53.40,62.16,23,14,58.82,50,35,61.44,94,59,51.15,223,213,47.32,106,118,49.52,52,53,50.00,58,58,BOS,58,82,55.48,70.83,34,14,65.14,71,38,63.37,109,63,54.09,278,236,47.65,142,156,46.79,51,58,44.88,57,70,2018,Regular,From
BUF,58,45,41.51,48.28,14,15,33.33,10,20,39.58,19,29,40.96,34,49,54.29,19,16,18.18,2,9,16.67,1,5,BUF,58,45,47.72,55.76,121,96,55.84,129,102,51.91,299,277,47.18,502,562,43.98,201,256,43.97,51,65,27.78,15,39,BUF,58,45,44.82,55.10,54,44,45.26,43,52,52.46,128,116,44.06,167,212,43.03,71,94,32.56,14,29,18.18,4,18,BUF,58,45,46.58,54.13,59,50,52.08,50,46,62.63,176,105,44.78,210,259,36.79,71,122,32.39,23,48,24.00,6,19,2018,Regular,From
CAR,58,63,46.72,35.29,6,11,40.00,8,12,47.73,21,23,50.00,46,46,46.30,25,29,47.37,9,10,44.44,4,5,CAR,58,63,53.84,54.92,106,87,62.13,146,89,61.50,254,159,53.35,582,509,49.71,257,260,45.25,100,121,47.40,73,81,CAR,58,63,52.33,55.06,49,40,44.12,45,57,65.12,112,60,53.93,281,240,47.95,105,114,48.28,42,45,33.90,20,39,CAR,58,63,56.88,70.83,68,28,72.55,74,28,61.19,134,85,56.43,338,261,47.66,122,134,49.56,56,57,44.62,29,36,2018,Regular,From
CBJ,58,63,50.81,50.00,7,7,45.45,10,12,51.06,24,23,50.56,45,44,50.00,22,22,55.56,10,8,54.55,6,5,CBJ,58,63,52.85,46.53,47,54,63.86,205,116,61.72,308,191,52.54,661,597,46.22,263,306,42.07,69,95,46.51,60,69,CBJ,58,63,53.27,64.71,33,18,60.53,69,45,60.89,123,79,53.01,255,226,46.30,100,116,40.51,32,47,48.21,27,29,CBJ,58,63,47.69,58.33,28,20,59.48,91,62,53.56,143,124,49.65,284,288,36.33,101,177,32.14,27,57,40.00,30,45,2018,Regular,From
CGY,58,68,51.70,54.55,6,5,46.67,7,8,56.52,26,20,57.30,51,38,38.46,20,32,56.52,13,10,42.86,3,4,CGY,58,68,51.20,64.65,64,35,50.00,76,76,49.89,220,221,52.29,675,616,48.66,254,268,45.98,103,121,48.00,36,39,CGY,58,68,51.90,64.06,41,23,51.56,33,31,51.05,97,93,52.92,326,290,46.75,115,131,48.48,48,51,53.85,21,18,CGY,58,68,54.07,76.36,42,13,63.81,67,38,58.87,136,95,53.96,361,308,47.31,123,137,44.44,40,50,34.04,16,31,2018,Regular,From
CHI,58,56,48.71,50.00,12,12,36.36,8,14,36.84,14,24,48.78,40,42,50.00,20,20,56.52,13,10,66.67,16,8,CHI,58,56,52.09,62.20,153,93,65.81,154,80,53.58,232,201,50.40,564,555,46.79,204,232,46.26,99,115,48.64,107,113,CHI,58,56,51.88,71.84,74,29,57.14,56,42,58.90,86,60,49.30,210,216,50.86,89,86,40.28,29,43,36.46,35,61,CHI,58,56,58.37,73.97,108,38,65.28,94,50,62.08,149,91,57.53,344,254,54.36,131,110,48.51,49,52,46.10,65,76,2018,Regular,From
COL,58,66,50.63,50.00,12,12,42.86,9,12,38.89,14,22,56.63,47,36,50.98,26,25,52.38,11,10,52.63,10,9,COL,58,66,47.49,59.35,73,50,62.09,95,58,52.51,199,180,45.45,450,540,45.01,284,347,32.16,55,116,41.56,64,90,COL,58,66,47.06,43.94,29,37,56.92,37,28,48.45,78,83,44.74,183,226,49.07,105,109,43.82,39,50,43.08,28,37,COL,58,66,49.61,53.66,44,38,69.14,56,25,50.70,109,106,49.81,266,268,49.36,154,158,28.92,24,59,31.33,26,57,2018,Regular,From
DAL,58,72,55.43,50.00,5,5,27.78,5,13,57.89,22,16,51.90,41,38,58.00,29,21,61.90,13,8,75.00,18,6,DAL,58,72,51.61,62.92,112,66,59.51,97,66,55.34,228,184,51.73,524,489,44.21,210,265,39.64,44,67,49.22,126,130,DAL,58,72,51.95,63.93,39,22,60.00,33,22,54.14,98,83,50.26,194,192,51.63,95,89,45.45,25,30,43.31,55,72,DAL,58,72,51.35,52.22,47,43,63.54,61,35,57.09,141,106,50.78,293,284,48.18,132,142,28.13,18,46,44.10,71,90,2018,Regular,From
DET,58,57,46.42,31.25,5,11,34.78,8,15,47.92,23,25,46.75,36,41,50.00,25,25,57.89,11,8,42.86,3,4,DET,58,57,48.66,56.29,94,73,56.52,130,100,51.01,227,218,48.43,523,557,42.40,173,235,47.89,136,148,39.67,48,73,DET,58,57,51.01,60.27,44,29,43.00,43,57,52.75,96,86,53.85,231,198,46.15,84,98,50.00,61,61,43.14,22,29,DET,58,57,45.81,62.64,57,34,57.14,56,42,52.97,116,103,45.26,210,254,34.50,69,131,37.30,47,79,33.33,18,36,2018,Regular,From
EDM,58,52,49.76,41.18,7,10,60.00,18,12,45.16,28,34,44.44,36,45,51.28,20,19,64.71,11,6,55.56,10,8,EDM,58,52,51.33,58.72,165,116,53.82,183,157,54.57,358,298,50.29,527,521,52.65,149,134,54.55,66,55,46.00,69,81,EDM,58,52,53.74,59.29,67,46,52.17,72,66,57.35,160,119,55.69,235,187,44.35,51,64,57.69,30,22,55.88,38,30,EDM,58,52,48.08,63.70,93,53,56.82,100,76,50.97,184,177,50.90,284,274,44.23,69,87,22.62,19,65,35.53,27,49,2018,Regular,From
FLA,58,60,45.94,26.67,4,11,50.00,13,13,55.56,30,24,46.07,41,48,36.96,17,29,55.00,11,9,33.33,5,10,FLA,58,60,50.29,49.24,65,67,58.33,126,90,59.31,411,282,50.93,578,557,42.37,222,302,38.76,69,109,37.80,31,51,FLA,58,60,49.78,60.87,28,18,59.30,51,35,55.22,148,120,48.94,208,217,43.91,101,129,40.00,34,51,52.00,13,12,FLA,58,60,47.60,66.18,45,23,56.82,50,38,56.63,175,134,45.91,230,271,36.25,87,153,44.16,34,43,38.71,12,19,2018,Regular,From
L.A,58,67,54.62,73.33,11,4,50.00,11,11,53.19,25,22,44.32,39,49,60.53,23,15,72.22,13,5,72.73,8,3,L.A,58,67,49.24,48.42,92,98,53.39,118,103,54.05,287,244,51.94,509,471,44.78,193,238,37.04,70,119,43.36,62,81,L.A,58,67,49.07,64.79,46,25,53.13,51,45,50.90,141,136,52.26,243,222,41.21,68,97,37.84,28,46,37.68,26,43,L.A,58,67,52.25,56.52,52,40,49.56,56,57,60.61,160,104,53.60,283,245,53.25,123,108,33.00,33,67,37.33,28,47,2018,Regular,From
MIN,58,69,51.59,46.67,7,8,44.44,8,10,43.90,18,23,53.16,42,37,54.35,25,21,75.00,18,6,39.13,9,14,MIN,58,69,48.84,43.75,49,63,59.47,113,77,55.24,216,175,47.55,494,545,47.26,250,279,39.75,95,144,43.23,83,109,MIN,58,69,44.36,48.28,14,15,58.46,38,27,56.29,94,73,40.40,162,239,37.23,70,118,41.23,47,67,37.21,32,54,MIN,58,69,44.91,52.63,30,27,55.71,39,31,50.50,101,99,45.01,221,270,36.86,101,173,35.25,49,90,35.45,39,71,2018,Regular,From
MTL,58,51,42.96,29.41,5,12,30.77,8,18,40.91,18,26,40.74,33,48,50.00,19,19,55.00,11,9,61.54,8,5,MTL,58,51,51.87,61.11,143,91,58.62,153,108,54.75,317,262,51.34,596,565,49.65,141,143,47.08,121,136,41.18,35,50,MTL,58,51,50.49,62.50,60,36,60.38,64,42,49.23,96,99,50.93,220,212,52.27,69,63,44.21,42,53,25.58,11,32,MTL,58,51,50.07,57.38,70,52,61.80,110,68,56.21,172,134,51.96,332,307,36.41,71,124,47.33,71,79,22.95,14,47,2018,Regular,From
N.J,58,68,50.08,58.33,7,5,40.74,11,16,49.02,25,26,53.13,51,45,46.00,23,27,52.63,10,9,50.00,3,3,N.J,58,68,49.70,53.85,70,60,51.72,120,112,53.86,279,239,50.66,500,487,47.01,244,275,39.13,72,112,46.04,64,75,N.J,58,68,48.69,58.33,35,25,56.07,60,47,51.60,113,106,46.53,188,216,48.44,109,116,38.37,33,53,47.06,24,27,N.J,58,68,46.37,68.00,51,24,46.15,54,63,56.28,130,101,46.99,226,255,39.41,93,143,34.38,33,63,23.73,14,45,2018,Regular,From
NSH,58,79,53.83,40.00,2,3,66.67,8,4,53.66,22,19,57.53,42,31,55.77,29,23,48.15,13,14,42.11,8,11,NSH,58,79,49.99,50.55,46,45,55.12,70,57,58.54,233,165,51.02,551,529,42.60,256,345,42.19,108,148,43.72,101,130,NSH,58,79,54.78,69.77,30,13,67.74,42,20,59.12,94,65,57.80,252,184,44.13,109,138,45.54,46,55,44.44,40,50,NSH,58,79,52.83,67.44,29,14,65.22,45,24,63.64,133,76,50.86,265,256,43.20,143,188,44.19,57,72,43.22,51,67,2018,Regular,From
NYI,58,60,48.33,56.52,13,10,43.33,13,17,45.00,27,33,45.36,44,53,51.06,24,23,60.87,14,9,45.83,11,13,NYI,58,60,46.06,49.82,142,143,45.48,136,163,53.15,304,268,47.98,428,464,36.08,153,271,42.79,86,115,45.81,93,110,NYI,58,60,45.35,43.80,53,68,56.52,78,60,45.15,107,130,44.64,150,186,44.74,68,84,41.67,35,49,48.24,41,44,NYI,58,60,49.42,62.09,95,58,55.77,87,69,54.55,162,135,49.20,215,222,42.92,91,121,42.45,45,61,39.80,39,59,2018,Regular,From
NYR,58,59,47.88,41.67,5,7,50.00,14,14,49.12,28,29,43.75,42,54,50.00,22,22,52.94,9,8,60.00,3,2,NYR,58,59,46.87,52.70,78,70,56.87,149,113,50.60,339,331,46.44,509,587,39.50,175,268,45.09,78,95,49.32,36,37,NYR,58,59,45.87,48.53,33,35,55.14,59,48,51.61,112,105,44.33,176,221,39.34,72,111,48.78,40,42,35.71,10,18,NYR,58,59,43.92,43.42,33,43,59.35,73,50,52.16,145,133,44.61,236,293,34.80,79,148,37.37,37,62,15.79,6,32,2018,Regular,From
OTT,58,51,45.06,68.42,13,6,23.33,7,23,48.08,25,27,44.94,40,49,50.00,23,23,42.31,11,15,30.00,3,7,OTT,58,51,47.23,50.22,113,112,47.93,116,126,53.22,289,254,46.98,482,544,45.91,202,238,39.50,79,121,44.83,39,48,OTT,58,51,47.02,54.02,47,40,57.41,62,46,49.33,111,114,48.77,218,229,42.11,80,110,36.96,34,58,31.58,12,26,OTT,58,51,44.77,62.96,68,40,58.73,111,78,56.27,166,129,42.10,245,337,32.68,83,171,33.33,32,64,30.19,16,37,2018,Regular,From
PHI,58,68,53.49,70.00,7,3,40.91,9,13,48.65,18,19,59.04,49,34,50.00,25,25,60.00,12,8,42.86,6,8,PHI,58,68,49.64,51.47,70,66,57.99,127,92,56.82,200,152,49.65,560,568,44.47,209,261,42.38,114,155,40.37,44,65,PHI,58,68,47.80,66.04,35,18,55.17,48,39,52.99,71,63,47.40,237,263,41.09,83,119,42.45,45,61,35.29,18,33,PHI,58,68,48.73,67.86,57,27,62.73,69,41,57.23,99,74,47.68,277,304,37.14,91,154,43.10,50,66,29.09,16,39,2018,Regular,From
PIT,58,68,47.10,6.67,1,14,57.14,12,9,47.27,26,29,49.38,40,41,47.83,22,24,50.00,13,13,53.85,7,6,PIT,58,68,53.31,56.21,95,74,58.74,131,92,54.53,283,236,55.26,573,464,46.99,211,238,55.50,121,97,44.06,89,113,PIT,58,68,51.88,59.72,43,29,55.34,57,46,54.17,117,99,51.94,214,198,47.09,81,91,53.92,55,47,42.11,24,33,PIT,58,68,49.92,51.11,46,44,62.61,72,43,55.51,141,113,48.90,244,255,48.00,108,117,38.64,51,81,39.56,36,55,2018,Regular,From
S.J,58,70,47.50,57.14,4,3,53.85,14,12,47.83,22,24,45.35,39,47,39.13,18,28,63.64,14,8,37.50,3,5,S.J,58,70,52.21,54.46,61,51,65.99,97,50,55.56,370,296,54.41,512,429,47.62,210,231,38.49,112,179,47.90,57,62,S.J,58,70,53.05,58.33,28,20,52.33,45,41,57.50,161,119,54.28,241,203,49.53,106,108,50.00,60,60,36.17,17,30,S.J,58,70,51.14,59.15,42,29,64.96,76,41,56.22,217,169,51.37,281,266,46.32,126,146,39.31,68,105,35.48,22,40,2018,Regular,From
STL,58,71,54.20,62.50,10,6,26.32,5,14,48.39,15,16,58.44,45,32,56.00,28,22,66.67,18,9,47.62,10,11,STL,58,71,52.52,53.85,91,78,56.99,110,83,51.12,206,197,54.86,564,464,50.34,296,292,43.95,98,125,47.31,79,88,STL,58,71,55.06,67.24,39,19,61.18,52,33,54.14,98,83,57.25,221,165,48.18,119,128,45.10,46,56,65.22,30,16,STL,58,71,48.41,55.42,46,37,45.88,39,46,50.00,113,113,47.92,276,300,46.13,143,167,43.09,53,70,44.00,33,42,2018,Regular,From
T.B,58,81,57.72,70.00,7,3,40.91,9,13,59.09,26,18,53.52,38,33,68.00,34,16,60.53,23,15,54.55,12,10,T.B,58,81,50.06,53.91,69,59,47.55,68,75,59.35,219,150,51.89,535,496,43.76,207,266,39.37,150,231,44.89,123,151,T.B,58,81,55.75,54.55,24,20,64.47,49,27,57.71,101,74,57.33,219,163,56.02,107,84,45.45,70,84,45.61,52,62,T.B,58,81,53.37,59.32,35,24,62.82,49,29,55.61,109,87,51.70,274,256,50.58,130,127,46.43,78,90,43.10,50,66,2018,Regular,From
TOR,58,73,53.69,90.00,9,1,48.28,14,15,43.24,16,21,56.96,45,34,52.94,27,24,57.50,23,17,48.28,14,15,TOR,58,73,48.64,62.67,47,28,61.09,190,121,53.63,192,166,44.30,490,616,43.71,198,255,46.80,139,158,46.21,128,149,TOR,58,73,49.59,52.94,18,16,58.74,84,59,57.23,99,74,48.67,257,271,40.32,75,111,44.76,47,58,43.85,57,73,TOR,58,73,54.71,47.50,19,21,65.28,94,50,62.90,117,69,54.75,317,262,44.93,102,125,46.79,73,83,44.83,65,80,2018,Regular,From
VAN,58,50,44.74,41.18,7,10,29.63,8,19,47.92,23,25,44.19,38,48,45.45,15,18,61.11,11,7,40.00,4,6,VAN,58,50,47.69,50.54,94,92,55.74,199,158,53.50,298,259,46.42,395,456,42.27,153,209,41.71,88,123,46.05,70,82,VAN,58,50,46.07,50.00,37,37,48.03,73,79,50.72,105,102,50.83,184,178,41.22,54,77,36.25,29,51,30.26,23,53,VAN,58,50,48.19,58.23,46,33,59.88,100,67,56.44,171,132,48.07,187,202,41.46,68,96,33.33,36,72,32.14,27,57,2018,Regular,From
VGK,58,82,55.59,55.56,5,4,26.67,4,11,71.74,33,13,55.91,52,41,58.06,36,26,52.94,18,16,38.89,7,11,VGK,58,82,52.50,48.48,32,34,65.55,78,41,54.75,242,200,53.82,613,526,48.08,238,257,47.37,117,130,42.41,109,148,VGK,58,82,52.70,59.26,16,11,60.61,40,26,61.97,132,81,50.66,232,226,47.87,101,110,47.00,47,53,43.12,47,62,VGK,58,82,51.78,50.00,17,17,66.67,54,27,57.60,144,106,52.85,287,256,42.25,120,164,39.22,60,93,43.06,62,82,2018,Regular,From
WPG,58,77,53.14,37.50,6,10,46.67,7,8,45.00,18,22,58.67,44,31,58.33,28,20,54.84,17,14,54.55,12,10,WPG,58,77,52.16,54.97,94,77,61.93,109,67,56.88,182,138,51.16,442,422,46.77,261,297,49.26,167,172,45.58,103,123,WPG,58,77,51.81,64.79,46,25,52.24,35,32,54.23,77,65,45.60,176,210,53.48,123,107,52.98,80,71,46.58,34,39,WPG,58,77,50.94,64.89,61,33,63.77,44,25,59.52,100,68,47.31,229,255,45.21,118,143,42.01,92,127,39.81,41,62,2018,Regular,From
WSH,58,73,52.38,53.85,7,6,58.33,14,10,57.14,28,21,49.48,48,49,53.66,22,19,56.00,14,11,33.33,5,10,WSH,58,73,45.75,59.88,97,65,56.47,96,74,52.44,226,205,42.84,428,571,43.79,201,258,38.58,103,164,28.43,29,73,WSH,58,73,46.44,52.94,36,32,49.28,34,35,49.76,102,103,47.56,244,269,36.09,83,147,48.63,71,75,41.46,17,24,WSH,58,73,52.31,69.57,64,28,59.18,58,40,61.09,146,93,50.90,254,245,44.68,126,156,41.03,64,92,43.59,17,22,2018,Regular,From
ANA,57,65,50.89,57.14,8,6,44.44,8,10,50.00,19,19,52.27,46,42,54.76,23,19,48.15,13,14,40.00,4,6,ANA,57,65,48.84,61.17,63,40,56.74,101,77,53.89,208,178,48.57,476,504,42.83,239,319,40.48,119,175,46.34,76,88,ANA,57,65,48.76,50.00,28,28,59.34,54,37,56.63,94,72,47.02,205,231,44.19,133,168,42.75,56,75,44.07,26,33,ANA,57,65,48.54,71.15,37,15,56.20,68,53,54.46,110,92,46.85,238,270,40.57,114,167,44.53,61,76,35.21,25,46,2018,Regular,From
ARI,57,40,41.56,50.00,10,10,45.45,15,18,40.98,25,36,39.13,36,56,30.56,11,25,33.33,3,6,83.33,5,1,ARI,57,40,46.92,55.75,126,100,50.18,143,142,51.59,275,258,46.94,536,606,41.51,159,224,38.78,38,60,52.46,32,29,ARI,57,40,45.25,51.38,56,53,47.69,62,68,54.24,128,108,44.24,261,329,40.91,81,117,39.02,16,25,40.54,15,22,ARI,57,40,50.91,62.04,67,41,57.59,91,67,53.75,165,142,51.13,294,281,48.47,111,118,42.22,19,26,44.90,22,27,2018,Regular,From
BOS,57,80,57.25,55.56,5,4,57.14,12,9,48.78,20,21,53.66,44,38,58.70,27,19,77.78,21,6,60.00,12,8,BOS,57,80,53.26,65.00,65,35,56.36,124,96,61.08,193,123,50.95,536,516,49.42,257,263,47.42,101,112,52.49,116,105,BOS,57,80,53.39,62.16,23,14,58.54,48,34,61.54,88,55,51.29,218,207,47.32,106,118,49.52,52,53,50.00,58,58,BOS,57,80,55.44,70.83,34,14,63.81,67,38,62.80,103,61,54.38,273,229,47.65,142,156,46.79,51,58,44.88,57,70,2018,Regular,From
BUF,57,44,41.50,48.28,14,15,33.33,10,20,39.58,19,29,40.00,32,48,57.58,19,14,18.18,2,9,16.67,1,5,BUF,57,44,47.76,55.76,121,96,55.84,129,102,51.91,299,277,47.28,496,553,44.06,189,240,43.97,51,65,27.78,15,39,BUF,57,44,45.09,55.10,54,44,45.26,43,52,52.46,128,116,44.86,166,204,43.23,67,88,32.56,14,29,18.18,4,18,BUF,57,44,46.78,54.13,59,50,52.08,50,46,62.63,176,105,45.32,208,251,36.21,63,111,32.39,23,48,24.00,6,19,2018,Regular,From
CAR,57,63,47.19,35.29,6,11,42.11,8,11,47.62,20,22,50.56,45,44,47.17,25,28,47.37,9,10,44.44,4,5,CAR,57,63,53.79,54.26,102,86,62.13,146,89,61.14,247,157,53.56,571,495,49.71,257,260,45.25,100,121,47.40,73,81,CAR,57,63,52.46,55.17,48,39,44.12,45,57,65.68,111,58,54.21,277,234,47.95,105,114,48.28,42,45,33.90,20,39,CAR,57,63,56.85,69.57,64,28,72.55,74,28,60.65,131,85,56.71,334,255,47.66,122,134,49.56,56,57,44.62,29,36,2018,Regular,From
CBJ,57,62,51.00,50.00,7,7,45.45,10,12,50.00,23,23,51.72,45,42,50.00,22,22,55.56,10,8,54.55,6,5,CBJ,57,62,52.66,46.53,47,54,63.86,205,116,61.17,293,186,52.45,641,581,46.22,263,306,42.07,69,95,46.51,60,69,CBJ,57,62,52.97,64.71,33,18,60.53,69,45,60.51,118,77,52.55,247,223,46.30,100,116,40.51,32,47,48.21,27,29,CBJ,57,62,47.52,58.33,28,20,59.48,91,62,52.73,135,121,49.64,273,277,36.33,101,177,32.14,27,57,40.00,30,45,2018,Regular,From
CGY,57,66,51.97,54.55,6,5,46.67,7,8,56.52,26,20,58.14,50,36,37.25,19,32,59.09,13,9,42.86,3,4,CGY,57,66,51.13,64.65,64,35,50.00,76,76,49.89,217,218,52.01,660,609,49.11,249,258,46.15,102,119,48.00,36,39,CGY,57,66,52.03,64.06,41,23,51.56,33,31,50.53,95,93,53.13,323,285,47.52,115,127,48.48,48,51,53.85,21,18,CGY,57,66,54.33,76.36,42,13,63.81,67,38,60.27,135,89,54.05,354,301,47.24,120,134,44.44,40,50,34.04,16,31,2018,Regular,From
CHI,57,56,49.06,50.00,12,12,36.36,8,14,36.84,14,24,49.38,40,41,50.00,19,19,59.09,13,9,66.67,16,8,CHI,57,56,51.98,62.20,153,93,65.81,154,80,52.14,219,201,50.64,551,537,47.03,198,223,46.01,98,115,48.64,107,113,CHI,57,56,51.76,71.84,74,29,57.14,56,42,58.04,83,60,49.53,209,213,50.58,87,85,40.28,29,43,36.46,35,61,CHI,57,56,58.14,73.97,108,38,65.28,94,50,60.70,139,90,57.31,337,251,54.24,128,108,49.00,49,51,46.10,65,76,2018,Regular,From
COL,57,66,51.00,50.00,12,12,42.86,9,12,40.00,14,21,56.25,45,35,53.06,26,23,52.38,11,10,52.63,10,9,COL,57,66,47.48,59.35,73,50,62.09,95,58,52.13,196,180,45.77,449,532,44.99,265,324,32.16,55,116,41.56,64,90,COL,57,66,46.84,43.94,29,37,56.25,36,28,48.43,77,82,44.96,183,224,48.45,94,100,43.82,39,50,43.08,28,37,COL,57,66,49.45,53.66,44,38,68.75,55,25,50.47,108,106,49.91,266,267,48.99,146,152,28.92,24,59,31.33,26,57,2018,Regular,From
DAL,57,70,55.19,50.00,5,5,27.78,5,13,57.89,22,16,51.90,41,38,57.14,28,21,61.90,13,8,75.00,18,6,DAL,57,70,51.79,62.92,112,66,59.51,97,66,55.34,228,184,51.94,521,482,44.98,206,252,39.25,42,65,49.22,126,130,DAL,57,70,52.06,63.93,39,22,60.00,33,22,54.14,98,83,50.80,191,185,51.38,93,88,45.45,25,30,43.31,55,72,DAL,57,70,51.57,52.22,47,43,63.54,61,35,57.09,141,106,51.41,292,276,48.30,128,137,26.67,16,44,44.10,71,90,2018,Regular,From
DET,57,57,46.77,31.25,5,11,34.78,8,15,46.81,22,25,48.00,36,39,51.02,25,24,57.89,11,8,42.86,3,4,DET,57,57,48.67,56.29,94,73,56.52,130,100,51.16,220,210,48.42,505,538,42.40,173,235,47.89,136,148,39.67,48,73,DET,57,57,51.07,60.27,44,29,43.00,43,57,53.18,92,81,53.98,224,191,46.15,84,98,50.00,61,61,43.14,22,29,DET,57,57,46.01,62.64,57,34,57.14,56,42,53.52,114,99,45.47,206,247,34.50,69,131,37.30,47,79,33.33,18,36,2018,Regular,From
EDM,57,50,49.30,41.18,7,10,60.00,18,12,43.33,26,34,44.87,35,43,50.00,19,19,64.71,11,6,55.56,10,8,EDM,57,50,51.27,58.72,165,116,53.82,183,157,54.56,335,279,49.95,519,520,53.21,149,131,54.55,66,55,46.00,69,81,EDM,57,50,53.89,59.29,67,46,52.17,72,66,58.30,151,108,55.48,233,187,44.25,50,63,58.82,30,21,55.88,38,30,EDM,57,50,48.23,63.70,93,53,56.82,100,76,51.30,178,169,50.81,283,274,44.52,69,86,22.89,19,64,35.53,27,49,2018,Regular,From
FLA,57,58,45.66,26.67,4,11,50.00,13,13,54.72,29,24,45.45,40,48,37.78,17,28,55.00,11,9,33.33,5,10,FLA,57,58,50.34,49.24,65,67,58.33,126,90,59.43,397,271,51.07,572,548,42.47,217,294,38.76,69,109,37.80,31,51,FLA,57,58,50.17,60.87,28,18,59.30,51,35,55.68,147,117,49.52,208,212,44.39,99,124,40.00,34,51,52.00,13,12,FLA,57,58,47.41,66.18,45,23,56.82,50,38,55.92,170,134,45.75,226,268,36.21,84,148,44.16,34,43,38.71,12,19,2018,Regular,From
L.A,57,65,54.31,73.33,11,4,50.00,11,11,53.19,25,22,43.68,38,49,59.46,22,15,70.59,12,5,87.50,7,1,L.A,57,65,49.12,48.42,92,98,53.39,118,103,54.05,287,244,51.70,501,468,43.66,179,231,38.89,70,110,44.09,56,71,L.A,57,65,49.00,64.79,46,25,53.13,51,45,50.90,141,136,52.27,242,221,40.51,64,94,38.03,27,44,37.70,23,38,L.A,57,65,52.06,56.52,52,40,49.56,56,57,60.61,160,104,53.33,280,245,52.89,119,106,31.52,29,63,37.88,25,41,2018,Regular,From
MIN,57,68,51.35,46.67,7,8,44.44,8,10,42.50,17,23,52.56,41,37,55.56,25,20,75.00,18,6,39.13,9,14,MIN,57,68,48.66,43.75,49,63,59.47,113,77,55.50,212,170,47.23,478,534,47.05,239,269,39.75,95,144,43.23,83,109,MIN,57,68,44.18,48.28,14,15,58.46,38,27,55.76,92,73,39.90,156,235,37.78,68,112,41.23,47,67,37.21,32,54,MIN,57,68,45.07,52.63,30,27,55.71,39,31,50.52,98,96,44.94,213,261,37.64,99,164,35.25,49,90,35.45,39,71,2018,Regular,From
MTL,57,51,43.29,31.25,5,11,29.17,7,17,41.46,17,24,41.25,33,47,50.00,19,19,55.00,11,9,61.54,8,5,MTL,57,51,51.85,61.69,124,77,58.37,150,107,54.69,309,256,51.38,596,564,49.65,141,143,47.08,121,136,41.18,35,50,MTL,57,51,50.20,61.11,55,35,59.62,62,42,48.63,89,94,50.93,220,212,52.27,69,63,44.21,42,53,25.58,11,32,MTL,57,51,50.08,55.77,58,46,61.80,110,68,56.42,167,129,51.96,331,306,36.41,71,124,47.33,71,79,22.95,14,47,2018,Regular,From
N.J,57,66,49.69,58.33,7,5,40.74,11,16,48.00,24,26,52.63,50,45,45.83,22,26,52.63,10,9,50.00,3,3,N.J,57,66,49.90,53.85,70,60,51.72,120,112,53.97,279,238,50.87,495,478,47.55,233,257,39.89,71,107,46.04,64,75,N.J,57,66,48.72,58.33,35,25,56.07,60,47,51.60,113,106,46.62,186,213,48.37,104,111,39.29,33,51,47.06,24,27,N.J,57,66,46.71,68.00,51,24,46.15,54,63,56.28,130,101,47.27,225,251,40.43,93,137,34.74,33,62,23.73,14,45,2018,Regular,From
NSH,57,77,53.49,40.00,2,3,66.67,8,4,53.66,22,19,57.53,42,31,54.00,27,23,48.00,12,13,42.11,8,11,NSH,57,77,49.85,50.55,46,45,55.12,70,57,58.54,233,165,51.26,548,521,42.76,248,332,40.08,95,142,42.92,94,125,NSH,57,77,54.47,69.77,30,13,67.74,42,20,59.12,94,65,57.41,248,184,44.26,108,136,44.68,42,52,43.02,37,49,NSH,57,77,52.57,67.44,29,14,65.22,45,24,63.64,133,76,50.58,261,255,43.44,139,181,41.88,49,68,42.74,50,67,2018,Regular,From
NYI,57,60,48.57,56.52,13,10,44.83,13,16,45.76,27,32,45.36,44,53,51.06,24,23,60.87,14,9,45.83,11,13,NYI,57,60,46.22,49.27,135,139,45.45,135,162,53.20,299,263,48.37,416,444,36.87,153,262,42.79,86,115,45.81,93,110,NYI,57,60,45.51,44.44,52,65,56.52,78,60,45.73,107,127,44.92,146,179,43.92,65,83,41.67,35,49,48.24,41,44,NYI,57,60,49.50,61.81,89,55,55.77,87,69,54.30,158,133,49.06,209,217,44.17,91,115,42.45,45,61,39.80,39,59,2018,Regular,From
NYR,57,59,48.21,41.67,5,7,51.85,14,13,50.00,28,28,43.75,42,54,50.00,22,22,52.94,9,8,60.00,3,2,NYR,57,59,46.65,48.03,61,66,56.75,143,109,50.78,324,314,46.37,505,584,39.50,175,268,45.09,78,95,49.32,36,37,NYR,57,59,45.56,47.69,31,34,55.14,59,48,50.73,104,101,44.16,174,220,39.34,72,111,48.78,40,42,35.71,10,18,NYR,57,59,43.69,40.58,28,41,58.97,69,48,52.57,143,129,44.17,231,292,34.80,79,148,37.37,37,62,15.79,6,32,2018,Regular,From
OTT,57,51,45.28,68.42,13,6,21.43,6,22,50.00,25,25,44.94,40,49,50.00,23,23,42.31,11,15,30.00,3,7,OTT,57,51,47.24,50.70,108,105,49.33,110,113,52.87,276,246,46.70,474,541,45.91,202,238,39.50,79,121,44.83,39,48,OTT,57,51,47.27,55.42,46,37,58.42,59,42,49.10,109,113,49.21,218,225,42.11,80,110,36.96,34,58,31.58,12,26,OTT,57,51,44.98,63.55,68,39,60.45,107,70,55.99,159,125,42.29,244,333,32.68,83,171,33.33,32,64,30.19,16,37,2018,Regular,From
PHI,57,66,53.30,70.00,7,3,40.91,9,13,48.65,18,19,58.02,47,34,51.02,25,24,60.00,12,8,42.86,6,8,PHI,57,66,49.83,51.47,70,66,57.99,127,92,56.82,200,152,49.82,544,548,45.33,204,246,42.38,114,155,40.37,44,65,PHI,57,66,48.05,66.04,35,18,55.17,48,39,52.99,71,63,47.85,234,255,41.54,81,114,42.45,45,61,35.29,18,33,PHI,57,66,48.84,67.86,57,27,62.73,69,41,57.23,99,74,47.58,266,293,37.61,88,146,43.10,50,66,29.09,16,39,2018,Regular,From
PIT,57,66,46.47,6.67,1,14,57.14,12,9,47.27,26,29,48.75,39,41,47.73,21,23,43.48,10,13,58.33,7,5,PIT,57,66,53.37,56.21,95,74,58.74,131,92,54.53,283,236,55.43,572,460,47.81,207,226,54.23,109,92,44.44,84,105,PIT,57,66,51.69,59.72,43,29,55.34,57,46,54.17,117,99,51.94,214,198,46.34,76,88,52.69,49,44,44.44,24,30,PIT,57,66,49.69,51.11,46,44,62.61,72,43,55.51,141,113,48.69,242,255,47.57,98,108,36.44,43,75,41.86,36,50,2018,Regular,From
S.J,57,68,46.86,57.14,4,3,53.85,14,12,47.83,22,24,44.71,38,47,37.78,17,28,60.00,12,8,42.86,3,4,S.J,57,68,52.48,54.46,61,51,65.99,97,50,55.56,370,296,54.29,506,426,48.70,206,217,39.38,102,157,47.83,55,60,S.J,57,68,53.16,58.33,28,20,52.33,45,41,57.50,161,119,54.44,239,200,50.00,104,104,50.93,55,53,34.78,16,30,S.J,57,68,51.06,59.15,42,29,64.96,76,41,56.22,217,169,51.19,279,266,46.21,122,142,38.69,65,103,36.36,20,35,2018,Regular,From
STL,57,71,54.86,62.50,10,6,27.78,5,13,50.00,15,15,58.67,44,31,57.14,28,21,66.67,18,9,47.62,10,11,STL,57,71,52.32,53.57,90,78,56.38,106,82,51.13,203,194,54.61,545,453,50.34,296,292,43.95,98,125,47.31,79,88,STL,57,71,54.94,67.24,39,19,60.24,50,33,54.44,98,82,57.14,212,159,48.18,119,128,45.10,46,56,65.22,30,16,STL,57,71,48.34,54.88,45,37,45.78,38,45,50.45,112,110,47.53,269,297,46.13,143,167,43.09,53,70,44.00,33,42,2018,Regular,From
T.B,57,79,57.39,70.00,7,3,40.91,9,13,59.09,26,18,52.86,37,33,68.00,34,16,59.46,22,15,54.55,12,10,T.B,57,79,50.09,53.91,69,59,47.55,68,75,59.35,219,150,51.84,534,496,43.86,207,265,38.95,134,210,45.74,118,140,T.B,57,79,55.34,54.55,24,20,64.47,49,27,57.71,101,74,57.48,219,162,56.61,107,82,41.96,60,83,44.44,48,60,T.B,57,79,53.14,59.32,35,24,62.82,49,29,55.61,109,87,51.80,274,255,50.39,129,127,45.45,70,84,41.96,47,65,2018,Regular,From
TOR,57,71,53.61,90.00,9,1,48.28,14,15,43.24,16,21,55.84,43,34,53.06,26,23,57.89,22,16,50.00,14,14,TOR,57,71,48.61,62.67,47,28,61.09,190,121,53.63,192,166,43.96,480,612,44.75,196,242,46.53,134,154,46.35,127,147,TOR,57,71,49.57,52.94,18,16,58.74,84,59,57.23,99,74,48.55,252,267,39.55,70,107,45.92,45,53,44.53,57,71,TOR,57,71,54.81,47.50,19,21,65.28,94,50,62.90,117,69,54.72,313,259,46.08,100,117,46.71,71,81,44.06,63,80,2018,Regular,From
VAN,57,50,45.18,37.50,6,10,32.00,8,17,48.94,23,24,44.71,38,47,45.45,15,18,61.11,11,7,40.00,4,6,VAN,57,50,47.37,50.55,92,90,54.46,177,148,52.69,284,255,46.56,392,450,42.27,153,209,41.71,88,123,46.05,70,82,VAN,57,50,45.84,50.68,37,36,47.14,66,74,50.25,101,100,50.70,181,176,41.22,54,77,36.25,29,51,30.26,23,53,VAN,57,50,48.33,56.94,41,31,60.49,98,64,56.61,167,128,48.32,187,200,41.46,68,96,33.33,36,72,32.14,27,57,2018,Regular,From
VGK,57,80,55.22,55.56,5,4,26.67,4,11,71.74,33,13,55.43,51,41,57.63,34,25,53.13,17,15,35.29,6,11,VGK,57,80,52.54,48.48,32,34,65.55,78,41,54.75,242,200,53.78,612,526,48.23,232,249,47.74,116,127,42.41,95,129,VGK,57,80,52.95,59.26,16,11,60.61,40,26,61.97,132,81,50.66,232,226,48.24,96,103,47.96,47,51,44.66,46,57,VGK,57,80,51.83,50.00,17,17,66.67,54,27,57.60,144,106,52.87,286,255,41.97,115,159,39.22,60,93,44.44,56,70,2018,Regular,From
WPG,57,75,52.75,37.50,6,10,46.67,7,8,45.00,18,22,58.11,43,31,57.45,27,20,54.84,17,14,55.00,11,9,WPG,57,75,52.14,54.97,94,77,61.93,109,67,56.88,182,138,51.29,439,417,46.48,251,289,49.41,167,171,45.87,100,118,WPG,57,75,51.63,64.79,46,25,52.24,35,32,54.23,77,65,45.41,173,208,53.33,120,105,52.67,79,71,46.97,31,35,WPG,57,75,50.68,64.89,61,33,63.77,44,25,59.52,100,68,47.10,227,255,44.05,111,141,42.40,92,125,39.18,38,59,2018,Regular,From
WSH,57,73,53.37,63.64,7,4,60.87,14,9,57.45,27,20,50.53,48,47,53.66,22,19,56.00,14,11,33.33,5,10,WSH,57,73,46.01,61.81,89,55,57.32,90,67,53.35,223,195,42.99,426,565,43.79,201,258,38.58,103,164,28.43,29,73,WSH,57,73,46.42,53.03,35,31,50.00,32,32,49.75,101,102,47.46,243,269,36.09,83,147,48.63,71,75,41.46,17,24,WSH,57,73,52.58,75.32,58,19,55.56,50,40,61.44,145,91,51.31,254,241,44.68,126,156,41.03,64,92,43.59,17,22,2018,Regular,From
ANA,56,64,50.91,57.14,8,6,44.44,8,10,50.00,19,19,51.72,45,42,55.00,22,18,50.00,13,13,40.00,4,6,ANA,56,64,48.91,61.17,63,40,56.74,101,77,53.89,208,178,48.45,469,499,43.39,223,291,40.27,118,175,46.34,76,88,ANA,56,64,48.84,50.00,28,28,59.34,54,37,56.63,94,72,46.90,204,231,45.00,126,154,42.19,54,74,44.07,26,33,ANA,56,64,48.16,71.15,37,15,56.20,68,53,54.46,110,92,47.13,238,267,37.84,98,161,44.53,61,76,35.21,25,46,2018,Regular,From
ARI,56,38,41.40,50.00,10,10,45.45,15,18,40.98,25,36,38.46,35,56,31.43,11,24,33.33,3,6,83.33,5,1,ARI,56,38,47.02,55.75,126,100,50.18,143,142,51.59,275,258,47.09,526,591,41.74,149,208,38.78,38,60,52.46,32,29,ARI,56,38,45.44,51.38,56,53,47.69,62,68,54.24,128,108,44.14,256,324,42.62,78,105,39.02,16,25,40.54,15,22,ARI,56,38,50.94,62.04,67,41,57.59,91,67,53.75,165,142,51.69,290,271,47.47,103,114,42.22,19,26,44.90,22,27,2018,Regular,From
BOS,56,78,56.85,55.56,5,4,57.14,12,9,48.78,20,21,52.50,42,38,58.70,27,19,77.78,21,6,60.00,12,8,BOS,56,78,53.29,65.00,65,35,56.36,124,96,61.08,193,123,51.29,518,492,48.72,248,261,47.42,101,112,52.49,116,105,BOS,56,78,53.68,62.16,23,14,58.54,48,34,61.54,88,55,51.75,207,193,47.69,103,113,49.52,52,53,50.00,58,58,BOS,56,78,55.57,70.83,34,14,63.81,67,38,62.80,103,61,54.32,264,222,48.10,139,150,46.79,51,58,44.88,57,70,2018,Regular,From
BUF,56,42,41.04,48.28,14,15,33.33,10,20,39.58,19,29,38.46,30,48,58.06,18,13,20.00,2,8,16.67,1,5,BUF,56,42,47.63,55.76,121,96,55.84,129,102,51.91,299,277,47.10,488,548,43.98,179,228,43.24,48,63,27.78,15,39,BUF,56,42,44.93,55.10,54,44,45.26,43,52,52.46,128,116,45.23,166,201,41.84,59,82,30.95,13,29,18.18,4,18,BUF,56,42,46.39,54.13,59,50,52.08,50,46,62.63,176,105,44.71,203,251,35.33,59,108,31.43,22,48,24.00,6,19,2018,Regular,From
CAR,56,61,46.70,35.29,6,11,42.11,8,11,47.62,20,22,50.00,44,44,46.15,24,28,44.44,8,10,50.00,3,3,CAR,56,61,53.69,54.26,102,86,62.13,146,89,61.14,247,157,53.44,567,494,49.71,257,260,44.81,95,117,46.55,54,62,CAR,56,61,52.48,55.17,48,39,44.12,45,57,65.68,111,58,54.22,276,233,47.95,105,114,47.62,40,44,33.33,16,32,CAR,56,61,56.76,69.57,64,28,72.55,74,28,60.65,131,85,56.66,332,254,47.66,122,134,50.00,53,53,42.31,22,30,2018,Regular,From
CBJ,56,62,51.53,50.00,7,7,42.11,8,11,52.38,22,20,52.94,45,40,50.00,22,22,55.56,10,8,54.55,6,5,CBJ,56,62,52.20,47.00,47,53,60.96,178,114,61.01,277,177,52.23,632,578,46.22,263,306,42.07,69,95,46.51,60,69,CBJ,56,62,52.61,64.00,32,18,57.28,59,44,61.41,113,71,52.25,244,223,46.30,100,116,40.51,32,47,48.21,27,29,CBJ,56,62,47.62,58.33,28,20,59.44,85,58,52.65,129,116,49.91,272,273,36.33,101,177,32.14,27,57,40.00,30,45,2018,Regular,From
CGY,56,66,52.40,54.55,6,5,50.00,7,7,56.82,25,19,58.33,49,35,38.00,19,31,59.09,13,9,42.86,3,4,CGY,56,66,51.20,64.95,63,34,50.00,73,73,49.77,212,214,51.90,655,607,49.79,242,244,46.15,102,119,48.00,36,39,CGY,56,66,52.23,65.57,40,21,50.79,32,31,50.80,95,92,53.31,322,282,47.86,112,122,48.48,48,51,53.85,21,18,CGY,56,66,54.48,75.47,40,13,62.75,64,38,60.36,134,88,54.22,353,298,48.18,119,128,44.44,40,50,34.04,16,31,2018,Regular,From
CHI,56,56,49.54,50.00,12,12,38.10,8,13,37.84,14,23,49.37,39,40,51.35,19,18,59.09,13,9,66.67,16,8,CHI,56,56,52.06,62.20,153,93,66.36,144,73,52.14,219,201,50.70,542,527,47.29,192,214,46.01,98,115,48.64,107,113,CHI,56,56,51.57,71.84,74,29,56.70,55,42,57.75,82,60,49.16,204,211,50.93,82,79,40.28,29,43,36.46,35,61,CHI,56,56,58.10,73.97,108,38,65.22,90,48,60.96,139,89,57.44,332,246,53.28,122,107,49.00,49,51,46.10,65,76,2018,Regular,From
COL,56,66,51.37,50.00,11,11,42.86,9,12,41.18,14,20,56.96,45,34,53.06,26,23,52.38,11,10,52.63,10,9,COL,56,66,47.44,59.13,68,47,61.84,94,58,52.51,188,170,45.63,444,529,44.99,265,324,32.16,55,116,41.56,64,90,COL,56,66,46.95,42.37,25,34,57.14,36,27,48.70,75,79,45.02,181,221,48.45,94,100,43.82,39,50,43.08,28,37,COL,56,66,49.76,53.95,41,35,67.95,53,25,51.71,106,99,50.09,266,265,48.99,146,152,28.92,24,59,31.33,26,57,2018,Regular,From
DAL,56,70,56.29,62.50,5,3,29.41,5,12,59.46,22,15,52.56,41,37,57.14,28,21,61.90,13,8,75.00,18,6,DAL,56,70,51.99,66.19,92,47,59.01,95,66,56.25,225,175,51.95,520,481,44.98,206,252,39.25,42,65,49.22,126,130,DAL,56,70,52.07,65.22,30,16,60.00,33,22,54.14,98,83,50.80,191,185,51.38,93,88,45.45,25,30,43.31,55,72,DAL,56,70,51.82,53.73,36,31,63.54,61,35,56.72,135,103,51.50,291,274,48.30,128,137,26.67,16,44,44.10,71,90,2018,Regular,From
DET,56,55,46.04,31.25,5,11,34.78,8,15,46.81,22,25,47.30,35,39,48.94,23,24,57.89,11,8,42.86,3,4,DET,56,55,48.51,56.29,94,73,56.52,130,100,51.16,220,210,48.56,505,535,41.75,167,233,47.70,114,125,39.67,48,73,DET,56,55,51.03,60.27,44,29,43.00,43,57,53.18,92,81,53.77,221,190,46.07,82,96,51.43,54,51,43.14,22,29,DET,56,55,46.32,62.64,57,34,57.14,56,42,53.52,114,99,45.56,205,245,35.20,69,127,39.25,42,65,33.33,18,36,2018,Regular,From
EDM,56,50,49.38,41.18,7,10,60.00,18,12,43.33,26,34,45.45,35,42,50.00,19,19,64.71,11,6,55.56,10,8,EDM,56,50,51.16,58.72,165,116,53.82,183,157,54.04,301,256,49.86,517,520,53.21,149,131,54.55,66,55,46.00,69,81,EDM,56,50,53.74,59.29,67,46,52.17,72,66,57.79,141,103,55.37,232,187,44.25,50,63,58.82,30,21,55.88,38,30,EDM,56,50,48.58,63.70,93,53,56.82,100,76,52.13,171,157,51.18,283,270,44.52,69,86,22.89,19,64,35.53,27,49,2018,Regular,From
FLA,56,58,45.77,26.67,4,11,50.00,13,13,54.72,29,24,45.98,40,47,37.78,17,28,55.00,11,9,33.33,5,10,FLA,56,58,50.30,49.24,65,67,58.33,126,90,59.36,371,254,51.18,565,539,42.47,217,294,38.76,69,109,37.80,31,51,FLA,56,58,50.42,60.87,28,18,59.30,51,35,55.51,136,109,50.37,206,203,44.39,99,124,40.00,34,51,52.00,13,12,FLA,56,58,47.46,66.18,45,23,56.82,50,38,55.40,159,128,46.20,225,262,36.21,84,148,44.16,34,43,38.71,12,19,2018,Regular,From
L.A,56,65,54.72,73.33,11,4,50.00,11,11,54.35,25,21,44.19,38,48,59.46,22,15,70.59,12,5,87.50,7,1,L.A,56,65,49.18,48.42,92,98,53.39,118,103,54.37,280,235,51.83,481,447,43.66,179,231,38.89,70,110,44.09,56,71,L.A,56,65,49.01,64.79,46,25,53.13,51,45,51.85,140,130,51.77,234,218,40.51,64,94,38.03,27,44,37.70,23,38,L.A,56,65,52.37,56.52,52,40,49.56,56,57,61.75,155,96,53.63,273,236,52.89,119,106,31.52,29,63,37.88,25,41,2018,Regular,From
MIN,56,68,52.09,42.86,6,8,53.33,8,7,43.59,17,22,53.25,41,36,55.56,25,20,75.00,18,6,39.13,9,14,MIN,56,68,48.54,41.12,44,63,60.84,101,65,55.56,210,168,47.00,470,530,47.05,239,269,39.75,95,144,43.23,83,109,MIN,56,68,44.13,50.00,14,14,60.00,36,24,55.90,90,71,39.48,152,233,37.78,68,112,41.23,47,67,37.21,32,54,MIN,56,68,45.10,52.73,29,26,58.73,37,26,50.78,98,95,44.40,206,258,37.64,99,164,35.25,49,90,35.45,39,71,2018,Regular,From
MTL,56,51,43.47,31.25,5,11,28.57,6,15,42.50,17,23,41.25,33,47,50.00,19,19,55.00,11,9,61.54,8,5,MTL,56,51,51.64,59.12,107,74,58.33,147,105,54.59,303,252,51.39,592,560,49.65,141,143,47.08,121,136,41.18,35,50,MTL,56,51,49.60,56.94,41,31,58.42,59,42,48.31,86,92,50.70,217,211,52.27,69,63,44.21,42,53,25.58,11,32,MTL,56,51,50.17,56.63,47,36,61.93,109,67,56.40,163,126,51.90,327,303,36.41,71,124,47.33,71,79,22.95,14,47,2018,Regular,From
N.J,56,64,49.06,58.33,7,5,40.74,11,16,46.94,23,26,52.17,48,44,45.65,21,25,50.00,9,9,50.00,3,3,N.J,56,64,49.97,53.85,70,60,51.72,120,112,53.97,279,238,50.74,481,467,48.02,231,250,39.89,71,107,47.01,63,71,N.J,56,64,48.53,58.33,35,25,56.07,60,47,51.60,113,106,46.27,180,209,48.11,102,110,39.29,33,51,46.94,23,26,N.J,56,64,46.82,68.00,51,24,46.15,54,63,56.28,130,101,47.00,219,247,40.97,93,134,34.74,33,62,25.45,14,41,2018,Regular,From
NSH,56,77,54.17,40.00,2,3,66.67,8,4,56.41,22,17,58.33,42,30,54.00,27,23,48.00,12,13,42.11,8,11,NSH,56,77,49.98,50.55,46,45,57.32,47,35,59.23,231,159,51.13,545,521,42.76,248,332,40.08,95,142,42.92,94,125,NSH,56,77,54.62,69.77,30,13,71.11,32,13,59.35,92,63,57.71,247,181,44.26,108,136,44.68,42,52,43.02,37,49,NSH,56,77,52.30,67.44,29,14,62.00,31,19,62.93,129,76,50.49,259,254,43.44,139,181,41.88,49,68,42.74,50,67,2018,Regular,From
NYI,56,60,48.47,56.52,13,10,44.83,13,16,45.76,27,32,45.26,43,52,51.11,23,22,60.87,14,9,45.83,11,13,NYI,56,60,46.38,49.27,135,139,45.45,135,162,53.12,298,263,48.76,412,433,36.98,142,242,42.93,85,113,45.81,93,110,NYI,56,60,45.51,44.44,52,65,56.52,78,60,45.92,107,126,45.28,144,174,43.38,59,77,40.96,34,49,48.24,41,44,NYI,56,60,49.49,61.81,89,55,55.77,87,69,54.30,158,133,49.52,208,212,43.30,84,110,42.16,43,59,39.80,39,59,2018,Regular,From
NYR,56,59,48.70,41.67,5,7,53.85,14,12,50.91,28,27,44.21,42,53,50.00,22,22,52.94,9,8,60.00,3,2,NYR,56,59,46.72,47.62,60,66,57.02,130,98,51.22,316,301,46.37,505,584,39.50,175,268,45.09,78,95,49.32,36,37,NYR,56,59,45.46,47.69,31,34,55.45,56,45,50.25,101,100,44.16,174,220,39.34,72,111,48.78,40,42,35.71,10,18,NYR,56,59,43.53,40.58,28,41,58.72,64,45,52.47,138,125,43.95,229,292,34.80,79,148,37.37,37,62,15.79,6,32,2018,Regular,From
OTT,56,49,44.39,68.42,13,6,21.43,6,22,50.00,25,25,44.32,39,49,46.51,20,23,39.13,9,14,33.33,3,6,OTT,56,49,47.19,50.70,108,105,49.33,110,113,52.87,276,246,46.70,474,541,45.63,188,224,39.78,72,109,45.45,35,42,OTT,56,49,47.36,55.42,46,37,58.42,59,42,49.10,109,113,49.21,218,225,41.44,75,106,39.02,32,50,31.43,11,24,OTT,56,49,44.80,63.55,68,39,60.45,107,70,55.99,159,125,42.19,243,333,31.06,73,162,34.09,30,58,29.41,15,36,2018,Regular,From
PHI,56,65,53.64,70.00,7,3,40.91,9,13,48.65,18,19,56.96,45,34,52.17,24,22,66.67,12,6,42.86,6,8,PHI,56,65,49.77,51.47,70,66,57.99,127,92,56.82,200,152,49.86,541,544,44.83,182,224,42.38,114,155,40.37,44,65,PHI,56,65,47.88,66.04,35,18,55.17,48,39,52.99,71,63,47.73,231,253,40.59,69,101,42.45,45,61,35.29,18,33,PHI,56,65,48.92,67.86,57,27,62.73,69,41,57.23,99,74,47.58,266,293,37.67,81,134,43.10,50,66,29.09,16,39,2018,Regular,From
PIT,56,64,45.74,6.67,1,14,57.14,12,9,46.30,25,29,48.72,38,40,46.51,20,23,40.91,9,13,58.33,7,5,PIT,56,64,53.62,56.21,95,74,58.74,131,92,54.53,283,236,55.99,561,441,47.78,204,223,55.10,108,88,44.68,84,104,PIT,56,64,51.87,59.72,43,29,55.34,57,46,54.17,117,99,52.39,208,189,46.01,75,88,53.85,49,42,44.44,24,30,PIT,56,64,49.76,51.11,46,44,62.61,72,43,55.51,141,113,49.08,239,248,47.03,95,107,36.21,42,74,42.35,36,49,2018,Regular,From
S.J,56,68,46.79,57.14,4,3,53.85,14,12,46.67,21,24,45.24,38,46,37.78,17,28,60.00,12,8,42.86,3,4,S.J,56,68,52.36,54.46,61,51,65.99,97,50,55.31,354,286,54.13,491,416,48.70,206,217,39.38,102,157,47.83,55,60,S.J,56,68,52.89,58.33,28,20,52.33,45,41,56.23,149,116,54.55,234,195,50.00,104,104,50.93,55,53,34.78,16,30,S.J,56,68,51.07,59.15,42,29,64.96,76,41,56.95,213,161,50.66,269,262,46.21,122,142,38.69,65,103,36.36,20,35,2018,Regular,From
STL,56,69,54.31,62.50,10,6,27.78,5,13,50.00,15,15,58.11,43,31,55.32,26,21,65.38,17,9,50.00,10,10,STL,56,69,52.31,53.57,90,78,56.38,106,82,51.13,203,194,54.64,536,445,50.26,294,291,44.08,93,118,47.27,78,87,STL,56,69,54.86,67.24,39,19,60.24,50,33,54.44,98,82,57.14,208,156,48.15,117,126,45.45,45,54,63.64,28,16,STL,56,69,48.13,54.88,45,37,45.78,38,45,50.45,112,110,47.01,259,292,46.43,143,165,43.70,52,67,41.67,30,42,2018,Regular,From
T.B,56,79,57.66,70.00,7,3,38.10,8,13,59.52,25,17,54.41,37,31,68.00,34,16,59.46,22,15,54.55,12,10,T.B,56,79,50.18,53.91,69,59,47.83,66,72,59.65,207,140,52.02,529,488,43.86,207,265,38.95,134,210,45.74,118,140,T.B,56,79,55.48,54.55,24,20,65.33,49,26,59.01,95,66,57.14,216,162,56.61,107,82,41.96,60,83,44.44,48,60,T.B,56,79,53.49,59.32,35,24,63.64,49,28,56.08,106,83,52.29,274,250,50.39,129,127,45.45,70,84,41.96,47,65,2018,Regular,From
TOR,56,69,53.36,90.00,9,1,48.28,14,15,43.24,16,21,55.26,42,34,52.08,25,23,54.29,19,16,56.00,14,11,TOR,56,69,48.24,62.67,47,28,61.09,190,121,53.63,192,166,43.94,479,611,44.19,190,240,46.93,130,147,43.33,104,136,TOR,56,69,49.36,52.94,18,16,58.74,84,59,57.23,99,74,48.46,251,267,39.53,68,104,46.88,45,51,42.11,48,66,TOR,56,69,54.67,47.50,19,21,65.28,94,50,62.90,117,69,54.64,312,259,45.79,98,116,46.94,69,78,43.20,54,71,2018,Regular,From
VAN,56,50,45.22,37.50,6,10,32.00,8,17,50.00,23,23,43.90,36,46,46.88,15,17,61.11,11,7,40.00,4,6,VAN,56,50,47.33,50.55,92,90,53.63,170,147,53.28,276,242,46.53,389,447,41.88,147,204,41.71,88,123,46.05,70,82,VAN,56,50,46.02,50.68,37,36,47.45,65,72,50.77,99,96,50.70,181,176,41.54,54,76,36.25,29,51,30.26,23,53,VAN,56,50,48.40,56.94,41,31,61.64,98,61,56.49,161,124,48.31,186,199,41.14,65,93,33.33,36,72,32.14,27,57,2018,Regular,From
VGK,56,78,54.91,55.56,5,4,26.67,4,11,71.74,33,13,54.95,50,41,56.90,33,25,53.13,17,15,33.33,5,10,VGK,56,78,52.55,48.48,32,34,65.55,78,41,54.75,242,200,53.82,606,520,48.09,227,245,47.46,112,124,42.57,86,116,VGK,56,78,53.29,59.26,16,11,60.61,40,26,61.97,132,81,50.88,232,224,48.48,96,102,48.94,46,48,46.32,44,51,VGK,56,78,51.50,50.00,17,17,66.67,54,27,57.60,144,106,53.38,284,248,40.98,109,157,38.93,58,91,40.71,46,67,2018,Regular,From
WPG,56,73,52.75,37.50,6,10,42.86,6,8,46.15,18,21,57.75,41,30,58.70,27,19,54.84,17,14,55.00,11,9,WPG,56,73,52.00,54.97,94,77,61.71,108,67,55.44,163,131,51.26,428,407,46.64,250,286,49.41,167,171,45.87,100,118,WPG,56,73,51.74,64.79,46,25,51.52,34,32,52.63,70,63,46.20,170,198,53.33,120,105,52.67,79,71,46.97,31,35,WPG,56,73,50.59,64.89,61,33,63.24,43,25,57.96,91,66,47.26,224,250,44.22,111,140,42.40,92,125,39.18,38,59,2018,Regular,From
WSH,56,71,52.67,63.64,7,4,60.87,14,9,57.45,27,20,50.00,47,47,52.50,21,19,50.00,11,11,35.71,5,9,WSH,56,71,46.03,61.81,89,55,57.32,90,67,53.35,223,195,43.11,422,557,43.74,199,256,37.45,91,152,29.90,29,68,WSH,56,71,46.31,53.03,35,31,50.00,32,32,49.75,101,102,47.63,241,265,35.84,81,145,48.23,68,73,40.00,16,24,WSH,56,71,52.55,75.32,58,19,55.56,50,40,61.44,145,91,51.75,251,234,44.48,125,156,39.60,59,90,43.24,16,21,2018,Regular,From
ANA,55,62,50.77,57.14,8,6,44.44,8,10,50.00,19,19,51.16,44,42,52.63,20,18,54.17,13,11,40.00,4,6,ANA,55,62,48.73,61.17,63,40,56.74,101,77,53.89,208,178,48.54,466,494,42.80,205,274,39.16,112,174,46.34,76,88,ANA,55,62,48.81,50.00,28,28,59.34,54,37,56.63,94,72,46.88,203,230,45.17,117,142,41.46,51,72,44.07,26,33,ANA,55,62,48.24,71.15,37,15,56.20,68,53,54.46,110,92,47.02,237,267,38.49,92,147,44.12,60,76,35.21,25,46,2018,Regular,From
ARI,55,36,40.21,50.00,10,10,45.45,15,18,40.98,25,36,37.78,34,56,27.27,9,24,33.33,3,6,75.00,3,1,ARI,55,36,47.25,55.75,126,100,50.18,143,142,51.59,275,258,47.04,525,591,41.95,146,202,40.70,35,51,59.62,31,21,ARI,55,36,45.41,51.38,56,53,47.69,62,68,54.24,128,108,44.14,256,324,42.37,75,102,40.54,15,22,39.29,11,17,ARI,55,36,50.79,62.04,67,41,57.59,91,67,53.75,165,142,51.69,290,271,47.14,99,111,41.03,16,23,46.34,19,22,2018,Regular,From
BOS,55,78,57.93,66.67,4,2,60.00,12,8,50.00,20,20,53.16,42,37,58.70,27,19,77.78,21,6,60.00,12,8,BOS,55,78,53.01,61.29,38,24,56.16,123,96,60.58,189,123,51.29,516,490,48.72,248,261,47.42,101,112,52.49,116,105,BOS,55,78,53.61,52.17,12,11,58.54,48,34,62.14,87,53,51.88,207,192,47.69,103,113,49.52,52,53,50.00,58,58,BOS,55,78,55.33,65.71,23,12,63.81,67,38,62.58,102,61,54.23,263,222,48.10,139,150,46.79,51,58,44.88,57,70,2018,Regular,From
BUF,55,42,41.23,48.28,14,15,32.14,9,19,40.43,19,28,38.96,30,47,58.06,18,13,20.00,2,8,16.67,1,5,BUF,55,42,47.52,55.81,120,95,55.41,123,99,51.36,283,268,47.10,488,548,43.98,179,228,43.24,48,63,27.78,15,39,BUF,55,42,44.64,54.74,52,43,43.37,36,47,51.91,122,113,45.23,166,201,41.84,59,82,30.95,13,29,18.18,4,18,BUF,55,42,46.27,53.70,58,50,52.69,49,44,62.41,171,103,44.71,203,251,35.33,59,108,31.43,22,48,24.00,6,19,2018,Regular,From
CAR,55,59,46.23,35.29,6,11,42.11,8,11,46.34,19,22,50.00,43,43,45.10,23,28,44.44,8,10,50.00,3,3,CAR,55,59,53.63,54.26,102,86,62.13,146,89,61.14,247,157,53.40,550,480,49.21,249,257,45.15,93,113,46.55,54,62,CAR,55,59,52.25,55.17,48,39,44.12,45,57,65.68,111,58,53.74,266,229,47.20,101,113,49.37,39,40,33.33,16,32,CAR,55,59,56.78,69.57,64,28,72.55,74,28,60.65,131,85,56.50,326,251,48.19,120,129,50.00,52,52,42.31,22,30,2018,Regular,From
CBJ,55,60,51.16,50.00,7,7,42.11,8,11,52.38,22,20,52.94,45,40,48.84,21,22,52.94,9,8,54.55,6,5,CBJ,55,60,51.99,47.00,47,53,60.96,178,114,60.22,268,177,51.95,612,566,46.15,258,301,41.98,68,94,47.46,56,62,CBJ,55,60,52.38,64.00,32,18,57.28,59,44,62.22,112,68,51.97,237,219,45.54,97,116,40.51,32,47,46.15,24,28,CBJ,55,60,47.46,58.33,28,20,59.44,85,58,51.46,123,116,50.00,267,267,36.40,99,173,32.14,27,57,40.91,27,39,2018,Regular,From
CGY,55,64,52.45,54.55,6,5,50.00,7,7,57.14,24,18,58.54,48,34,38.00,19,31,59.09,13,9,42.86,3,4,CGY,55,64,50.99,64.95,63,34,49.65,71,72,48.61,192,203,51.64,644,603,49.90,242,243,46.15,102,119,48.00,36,39,CGY,55,64,52.21,65.57,40,21,51.61,32,30,50.86,89,86,53.10,317,280,47.64,111,122,48.48,48,51,53.85,21,18,CGY,55,64,54.56,75.47,40,13,63.27,62,36,61.43,129,81,53.95,348,297,48.18,119,128,44.44,40,50,34.04,16,31,2018,Regular,From
CHI,55,56,50.64,54.55,12,10,38.10,8,13,40.00,14,21,50.00,39,39,51.35,19,18,59.09,13,9,66.67,16,8,CHI,55,56,51.88,61.18,145,92,65.85,135,70,51.82,213,198,50.75,542,526,47.29,192,214,46.01,98,115,48.64,107,113,CHI,55,56,51.60,73.40,69,25,55.91,52,41,58.09,79,57,49.16,204,211,50.93,82,79,40.28,29,43,36.46,35,61,CHI,55,56,58.29,74.64,103,35,65.91,87,45,61.54,136,85,57.44,332,246,53.28,122,107,49.00,49,51,46.10,65,76,2018,Regular,From
COL,55,64,51.03,50.00,11,11,42.86,9,12,41.18,14,20,56.41,44,34,52.08,25,23,52.38,11,10,52.63,10,9,COL,55,64,47.69,59.13,68,47,61.84,94,58,52.51,188,170,45.57,427,510,45.95,261,307,32.74,55,113,41.56,64,90,COL,55,64,47.23,42.37,25,34,57.14,36,27,48.70,75,79,45.31,174,210,48.95,93,97,44.32,39,49,43.08,28,37,COL,55,64,49.65,53.95,41,35,67.95,53,25,51.71,106,99,49.71,257,260,49.15,144,149,29.11,23,56,31.33,26,57,2018,Regular,From
DAL,55,68,56.29,62.50,5,3,25.00,4,12,58.33,21,15,52.63,40,36,58.33,28,20,61.90,13,8,75.00,18,6,DAL,55,68,52.01,66.19,92,47,59.87,94,63,55.97,211,166,51.63,508,476,45.60,202,241,39.25,42,65,49.22,126,130,DAL,55,68,52.53,65.22,30,16,60.00,33,22,55.29,94,76,51.21,190,181,51.69,92,86,45.45,25,30,43.31,55,72,DAL,55,68,52.15,53.73,36,31,65.56,59,31,58.22,131,94,51.34,287,272,48.46,126,134,26.67,16,44,44.10,71,90,2018,Regular,From
DET,55,55,46.43,31.25,5,11,36.36,8,14,46.81,22,25,47.95,35,38,48.94,23,24,57.89,11,8,42.86,3,4,DET,55,55,48.41,54.97,83,68,56.48,109,84,51.05,219,210,48.60,505,534,41.75,167,233,47.70,114,125,39.67,48,73,DET,55,55,51.55,62.69,42,25,47.19,42,47,52.63,90,81,53.66,220,190,46.07,82,96,51.43,54,51,43.14,22,29,DET,55,55,46.57,64.37,56,31,59.52,50,34,53.77,114,98,45.43,204,245,35.20,69,127,39.25,42,65,33.33,18,36,2018,Regular,From
EDM,55,50,49.82,40.00,6,9,60.00,18,12,44.07,26,33,46.05,35,41,50.00,19,19,64.71,11,6,55.56,10,8,EDM,55,50,51.26,58.69,152,107,54.05,180,153,54.20,297,251,49.85,511,514,53.21,149,131,54.55,66,55,46.00,69,81,EDM,55,50,53.48,58.10,61,44,51.49,69,65,57.61,140,103,55.16,230,187,44.25,50,63,58.82,30,21,55.88,38,30,EDM,55,50,48.87,67.67,90,43,56.98,98,74,52.81,169,151,50.74,276,268,44.52,69,86,22.89,19,64,35.53,27,49,2018,Regular,From
FLA,55,58,46.86,30.77,4,9,52.00,13,12,55.77,29,23,47.06,40,45,37.78,17,28,55.00,11,9,33.33,5,10,FLA,55,58,50.45,48.84,63,66,58.41,125,89,59.52,369,251,51.34,556,527,42.72,217,291,38.76,69,109,37.80,31,51,FLA,55,58,50.87,65.79,25,13,60.00,51,34,55.60,134,107,51.00,204,196,44.34,98,123,40.00,34,51,52.00,13,12,FLA,55,58,47.54,64.52,40,22,56.82,50,38,55.99,159,125,46.43,221,255,36.21,84,148,44.16,34,43,38.71,12,19,2018,Regular,From
L.A,55,65,55.28,75.00,9,3,52.38,11,10,55.56,25,20,44.71,38,47,59.46,22,15,70.59,12,5,87.50,7,1,L.A,55,65,49.37,48.03,73,79,53.77,114,98,54.37,280,235,52.00,480,443,43.66,179,231,38.89,70,110,44.09,56,71,L.A,55,65,49.01,65.00,39,21,53.76,50,43,51.85,140,130,51.78,233,217,40.51,64,94,38.03,27,44,37.70,23,38,L.A,55,65,52.59,58.23,46,33,49.06,52,54,61.75,155,96,53.75,272,234,52.89,119,106,31.52,29,63,37.88,25,41,2018,Regular,From
MIN,55,66,51.57,42.86,6,8,53.33,8,7,43.59,17,22,52.63,40,36,54.55,24,20,73.91,17,6,39.13,9,14,MIN,55,66,48.37,41.12,44,63,60.84,101,65,55.56,210,168,47.00,470,530,46.41,226,261,39.07,84,131,43.46,83,108,MIN,55,66,44.14,50.00,14,14,60.00,36,24,55.90,90,71,39.48,152,233,38.07,67,109,40.74,44,64,37.21,32,54,MIN,55,66,45.11,52.73,29,26,58.73,37,26,50.78,98,95,44.59,206,256,37.40,95,159,35.11,46,85,35.45,39,71,2018,Regular,From
MTL,55,51,43.88,31.25,5,11,28.57,6,15,43.59,17,22,41.77,33,46,50.00,19,19,55.00,11,9,61.54,8,5,MTL,55,51,51.41,59.12,107,74,57.83,144,105,53.56,286,248,51.34,573,543,49.65,141,143,47.08,121,136,41.18,35,50,MTL,55,51,49.28,56.94,41,31,58.00,58,42,47.70,83,91,50.24,206,204,52.27,69,63,44.21,42,53,25.58,11,32,MTL,55,51,50.23,56.63,47,36,61.63,106,66,56.34,160,124,52.27,322,294,36.41,71,124,47.33,71,79,22.95,14,47,2018,Regular,From
N.J,55,62,48.78,58.33,7,5,36.00,9,16,45.65,21,25,53.33,48,42,45.65,21,25,50.00,9,9,50.00,3,3,N.J,55,62,50.04,53.85,70,60,51.72,120,112,54.33,257,216,50.69,477,464,48.02,231,250,39.89,71,107,47.01,63,71,N.J,55,62,48.60,58.33,35,25,56.07,60,47,51.55,100,94,46.35,178,206,48.11,102,110,39.29,33,51,46.94,23,26,N.J,55,62,46.65,68.00,51,24,46.15,54,63,55.66,118,94,47.00,219,247,40.97,93,134,34.74,33,62,25.45,14,41,2018,Regular,From
NSH,55,77,54.10,40.00,2,3,63.64,7,4,57.89,22,16,57.97,40,29,54.00,27,23,48.00,12,13,42.11,8,11,NSH,55,77,50.03,50.55,46,45,56.96,45,34,58.93,221,154,51.53,538,506,42.68,245,329,40.08,95,142,42.92,94,125,NSH,55,77,54.53,69.77,30,13,71.11,32,13,58.28,88,63,57.62,242,178,44.63,108,134,44.68,42,52,43.02,37,49,NSH,55,77,52.16,67.44,29,14,62.00,31,19,63.32,126,73,50.50,252,247,42.49,133,180,41.88,49,68,42.74,50,67,2018,Regular,From
NYI,55,58,48.77,54.55,12,10,44.44,12,15,47.37,27,30,45.16,42,51,52.27,23,21,60.87,14,9,45.83,11,13,NYI,55,58,46.66,50.57,133,130,44.93,124,152,53.61,297,257,48.75,410,431,37.08,142,241,42.93,85,113,45.81,93,110,NYI,55,58,45.59,44.74,51,63,55.91,71,56,46.32,107,124,45.43,144,173,43.38,59,77,40.96,34,49,48.24,41,44,NYI,55,58,49.85,64.49,89,49,56.55,82,63,54.20,155,131,49.64,208,211,43.30,84,110,42.16,43,59,39.80,39,59,2018,Regular,From
NYR,55,57,48.28,41.67,5,7,53.85,14,12,50.00,27,27,44.09,41,52,48.84,21,22,52.94,9,8,60.00,3,2,NYR,55,57,46.90,47.62,60,66,57.02,130,98,51.49,312,294,46.38,493,570,39.68,175,266,45.88,78,92,49.32,36,37,NYR,55,57,45.15,47.69,31,34,55.45,56,45,51.01,101,97,43.67,169,218,38.33,69,111,47.50,38,42,35.71,10,18,NYR,55,57,43.65,40.58,28,41,58.72,64,45,53.52,137,119,43.79,222,285,34.80,79,148,37.76,37,61,15.79,6,32,2018,Regular,From
OTT,55,47,44.09,68.42,13,6,21.43,6,22,47.92,23,25,44.71,38,47,46.51,20,23,39.13,9,14,33.33,3,6,OTT,55,47,47.09,50.70,108,105,49.33,110,113,52.63,260,234,46.50,465,535,45.63,188,224,39.78,72,109,45.45,35,42,OTT,55,47,46.97,55.42,46,37,58.42,59,42,48.58,103,109,48.39,210,224,41.44,75,106,39.02,32,50,31.43,11,24,OTT,55,47,44.45,63.55,68,39,60.45,107,70,55.85,148,117,41.52,235,331,31.06,73,162,34.09,30,58,29.41,15,36,2018,Regular,From
PHI,55,63,53.13,70.00,7,3,40.91,9,13,47.22,17,19,57.14,44,33,51.11,23,22,64.71,11,6,42.86,6,8,PHI,55,63,50.21,51.47,70,66,57.99,127,92,56.61,197,151,50.62,534,521,44.94,182,223,43.75,112,144,40.19,43,64,PHI,55,63,48.14,66.04,35,18,55.17,48,39,52.63,70,63,48.41,228,243,40.83,69,100,41.41,41,58,36.00,18,32,PHI,55,63,48.89,67.86,57,27,62.73,69,41,56.47,96,74,48.01,265,287,37.85,81,133,42.34,47,64,27.78,15,39,2018,Regular,From
PIT,55,63,45.91,6.67,1,14,57.14,12,9,45.28,24,29,48.68,37,39,47.62,20,22,42.86,9,12,58.33,7,5,PIT,55,63,53.75,56.21,95,74,58.74,131,92,53.97,272,232,56.45,556,429,48.27,195,209,54.69,105,87,44.68,84,104,PIT,55,63,51.56,59.72,43,29,55.34,57,46,53.99,115,98,52.04,204,188,44.74,68,84,53.85,49,42,44.44,24,30,PIT,55,63,49.41,51.11,46,44,62.61,72,43,55.42,138,111,49.27,237,244,45.50,86,103,34.55,38,72,42.35,36,49,2018,Regular,From
S.J,55,66,46.73,57.14,4,3,52.00,13,12,46.51,20,23,45.78,38,45,37.78,17,28,60.00,12,8,42.86,3,4,S.J,55,66,52.35,54.46,61,51,66.44,97,49,54.70,326,270,54.30,486,409,48.70,206,217,39.38,102,157,47.83,55,60,S.J,55,66,52.84,58.33,28,20,53.01,44,39,55.33,135,109,54.67,234,194,50.00,104,104,50.93,55,53,34.78,16,30,S.J,55,66,51.39,59.15,42,29,64.96,76,41,58.81,207,145,50.38,266,262,46.21,122,142,38.69,65,103,36.36,20,35,2018,Regular,From
STL,55,67,53.63,62.50,10,6,27.78,5,13,50.00,15,15,57.53,42,31,55.56,25,20,64.00,16,9,44.44,8,10,STL,55,67,52.27,53.57,90,78,56.38,106,82,51.13,203,194,54.28,526,443,50.44,288,283,44.29,93,117,48.30,71,76,STL,55,67,54.62,67.24,39,19,60.24,50,33,54.44,98,82,56.82,204,155,48.52,115,122,45.45,45,54,61.76,21,13,STL,55,67,48.13,54.88,45,37,45.78,38,45,50.45,112,110,47.25,258,288,46.00,138,162,44.07,52,66,43.33,26,34,2018,Regular,From
T.B,55,79,58.14,66.67,6,3,36.84,7,12,60.00,24,16,56.06,37,29,68.00,34,16,59.46,22,15,54.55,12,10,T.B,55,79,50.13,53.60,67,58,48.06,62,67,58.43,194,138,52.34,525,478,43.86,207,265,38.95,134,210,45.74,118,140,T.B,55,79,55.59,52.38,22,20,64.71,44,24,59.87,91,61,57.45,212,157,56.61,107,82,41.96,60,83,44.44,48,60,T.B,55,79,53.54,61.40,35,22,64.38,47,26,54.75,98,81,52.42,271,246,50.39,129,127,45.45,70,84,41.96,47,65,2018,Regular,From
TOR,55,67,53.72,90.00,9,1,48.28,14,15,43.24,16,21,54.67,41,34,53.19,25,22,55.88,19,15,56.00,14,11,TOR,55,67,48.35,62.67,47,28,61.09,190,121,53.63,192,166,44.11,464,588,43.90,180,230,47.45,130,144,43.33,104,136,TOR,55,67,49.65,52.94,18,16,58.74,84,59,57.23,99,74,48.90,244,255,39.88,65,98,46.88,45,51,42.11,48,66,TOR,55,67,54.75,47.50,19,21,65.28,94,50,62.90,117,69,54.69,303,251,45.93,96,113,47.26,69,77,43.20,54,71,2018,Regular,From
VAN,55,48,44.02,37.50,6,10,32.00,8,17,50.00,23,23,43.21,35,46,45.16,14,17,58.82,10,7,25.00,2,6,VAN,55,48,47.13,50.55,92,90,53.63,170,147,53.28,276,242,46.52,388,446,40.71,138,201,42.11,88,121,45.13,51,62,VAN,55,48,46.00,50.68,37,36,47.45,65,72,50.77,99,96,50.70,181,176,41.54,54,76,36.25,29,51,27.87,17,44,VAN,55,48,48.05,56.94,41,31,61.64,98,61,56.49,161,124,48.17,184,198,41.61,62,87,33.33,36,72,24.59,15,46,2018,Regular,From
VGK,55,76,54.50,55.56,5,4,26.67,4,11,71.11,32,13,55.06,49,40,56.14,32,25,51.61,16,15,33.33,5,10,VGK,55,76,52.55,48.48,32,34,65.55,78,41,54.57,233,194,53.84,596,511,48.09,227,245,47.95,105,114,42.57,86,116,VGK,55,76,53.58,59.26,16,11,60.61,40,26,62.38,126,76,51.22,230,219,48.73,96,101,49.46,46,47,46.32,44,51,VGK,55,76,51.72,50.00,17,17,66.67,54,27,58.85,143,100,53.45,279,243,40.75,108,157,39.16,56,87,40.71,46,67,2018,Regular,From
WPG,55,73,53.29,37.50,6,10,42.86,6,8,47.37,18,20,57.97,40,29,60.00,27,18,54.84,17,14,55.00,11,9,WPG,55,73,51.81,54.97,94,77,61.05,105,67,55.14,161,131,51.17,414,395,46.29,243,282,49.41,167,171,45.87,100,118,WPG,55,73,52.04,64.79,46,25,53.13,34,30,53.85,70,60,46.54,168,193,52.70,117,105,52.67,79,71,46.97,31,35,WPG,55,73,50.35,64.89,61,33,62.69,42,25,57.96,91,66,47.17,217,243,43.03,105,139,42.40,92,125,39.18,38,59,2018,Regular,From
WSH,55,70,52.79,63.64,7,4,60.87,14,9,56.52,26,20,50.55,46,45,51.28,20,19,52.38,11,10,35.71,5,9,WSH,55,70,46.17,61.81,89,55,57.32,90,67,53.14,220,194,43.01,412,546,44.76,192,237,37.60,91,151,29.90,29,68,WSH,55,70,46.18,53.03,35,31,50.00,32,32,49.75,101,102,46.86,231,262,36.41,79,138,48.57,68,72,40.00,16,24,WSH,55,70,52.70,75.32,58,19,55.56,50,40,61.28,144,91,51.57,246,231,45.56,123,147,39.86,59,89,43.24,16,21,2018,Regular,From
ANA,54,60,50.46,57.14,8,6,44.44,8,10,48.65,18,19,50.00,42,42,54.05,20,17,54.17,13,11,40.00,4,6,ANA,54,60,48.81,61.17,63,40,56.74,101,77,54.20,200,169,48.45,452,481,42.89,202,269,39.16,112,174,46.34,76,88,ANA,54,60,48.71,50.00,28,28,59.34,54,37,56.44,92,71,46.92,198,224,44.75,115,142,41.46,51,72,44.07,26,33,ANA,54,60,48.16,71.15,37,15,56.20,68,53,53.65,103,89,46.77,232,264,39.22,91,141,44.12,60,76,35.21,25,46,2018,Regular,From
ARI,54,35,39.79,50.00,10,10,45.45,15,18,38.98,23,36,37.50,33,55,27.27,9,24,33.33,3,6,75.00,3,1,ARI,54,35,47.53,55.75,126,100,50.18,143,142,51.28,261,248,47.70,519,569,41.98,144,199,40.70,35,51,59.62,31,21,ARI,54,35,45.49,51.38,56,53,47.69,62,68,53.71,123,106,44.35,251,315,43.10,75,99,40.54,15,22,39.29,11,17,ARI,54,35,50.61,62.04,67,41,57.59,91,67,52.68,157,141,51.75,281,262,47.37,99,110,41.03,16,23,46.34,19,22,2018,Regular,From
BOS,54,76,57.78,66.67,4,2,60.00,12,8,48.72,19,20,53.25,41,36,59.09,26,18,76.92,20,6,60.00,12,8,BOS,54,76,53.05,61.29,38,24,56.16,123,96,60.14,175,116,51.45,514,485,48.80,244,256,47.34,98,109,52.51,115,104,BOS,54,76,53.43,52.17,12,11,58.54,48,34,62.12,82,50,51.65,204,191,47.44,102,113,50.00,52,52,49.56,56,57,BOS,54,76,55.28,65.71,23,12,63.81,67,38,61.54,96,60,54.05,260,221,48.08,138,149,48.11,51,55,45.60,57,68,2018,Regular,From
BUF,54,40,40.77,48.28,14,15,32.14,9,19,40.43,19,28,38.16,29,47,53.57,15,13,25.00,2,6,16.67,1,5,BUF,54,40,47.46,55.81,120,95,55.41,123,99,51.36,283,268,47.11,481,540,43.69,173,223,41.49,39,55,27.78,15,39,BUF,54,40,44.89,54.74,52,43,43.37,36,47,51.91,122,113,45.51,162,194,42.34,58,79,31.43,11,24,18.18,4,18,BUF,54,40,46.38,53.70,58,50,52.69,49,44,62.41,171,103,44.92,199,244,34.57,56,106,32.79,20,41,24.00,6,19,2018,Regular,From
CAR,54,57,45.67,35.29,6,11,42.11,8,11,46.34,19,22,49.41,42,43,44.00,22,28,37.50,6,10,60.00,3,2,CAR,54,57,53.59,54.26,102,86,62.13,146,89,61.14,247,157,53.40,550,480,49.19,244,252,45.45,85,102,43.00,43,57,CAR,54,57,52.06,55.17,48,39,44.12,45,57,65.68,111,58,53.74,266,229,46.60,96,110,47.89,34,37,32.56,14,29,CAR,54,57,56.36,69.57,64,28,72.55,74,28,60.65,131,85,56.50,326,251,47.08,113,127,48.45,47,50,39.58,19,29,2018,Regular,From
CBJ,54,58,50.44,50.00,7,7,42.11,8,11,52.38,22,20,52.38,44,40,47.62,20,22,50.00,8,8,50.00,4,4,CBJ,54,58,52.06,47.00,47,53,60.96,178,114,60.22,268,177,51.94,602,557,45.96,250,294,42.77,68,91,47.73,42,46,CBJ,54,58,52.89,64.00,32,18,57.28,59,44,62.22,112,68,52.22,235,215,46.34,95,110,41.56,32,45,51.28,20,19,CBJ,54,58,47.21,58.33,28,20,59.44,85,58,51.46,123,116,49.91,265,266,36.23,96,169,32.14,27,57,39.13,18,28,2018,Regular,From
CGY,54,64,52.60,54.55,6,5,50.00,7,7,55.00,22,18,59.26,48,33,38.78,19,30,59.09,13,9,42.86,3,4,CGY,54,64,51.14,64.95,63,34,49.65,71,72,48.95,187,195,51.67,634,593,50.00,237,237,46.15,102,119,48.00,36,39,CGY,54,64,52.34,65.57,40,21,51.61,32,30,51.18,87,83,53.15,312,275,47.84,111,121,48.48,48,51,53.85,21,18,CGY,54,64,54.32,75.47,40,13,63.27,62,36,61.46,126,79,53.55,339,294,47.97,118,128,44.44,40,50,34.04,16,31,2018,Regular,From
CHI,54,56,51.14,54.55,12,10,40.00,8,12,40.00,14,21,50.65,39,38,51.35,19,18,59.09,13,9,66.67,16,8,CHI,54,56,51.60,58.94,122,85,64.25,124,69,51.96,212,196,50.75,541,525,47.29,192,214,46.01,98,115,48.64,107,113,CHI,54,56,51.55,71.43,60,24,58.14,50,36,58.09,79,57,49.28,204,210,50.93,82,79,40.28,29,43,36.46,35,61,CHI,54,56,58.23,73.95,88,31,66.67,80,40,61.64,135,84,57.37,331,246,53.28,122,107,49.00,49,51,46.10,65,76,2018,Regular,From
COL,54,62,50.77,50.00,11,11,42.86,9,12,41.18,14,20,55.84,43,34,51.06,24,23,52.63,10,9,52.63,10,9,COL,54,62,47.85,59.13,68,47,61.84,94,58,52.51,188,170,45.57,427,510,46.41,252,291,32.70,52,107,41.45,63,89,COL,54,62,47.34,42.37,25,34,57.14,36,27,48.70,75,79,45.31,174,210,49.72,90,91,44.74,34,42,43.55,27,35,COL,54,62,49.67,53.95,41,35,67.95,53,25,51.71,106,99,49.71,257,260,49.65,142,144,27.63,21,55,31.71,26,56,2018,Regular,From
DAL,54,66,55.79,62.50,5,3,25.00,4,12,57.14,20,15,52.05,38,35,57.45,27,20,61.90,13,8,75.00,18,6,DAL,54,66,52.25,66.19,92,47,59.87,94,63,55.31,198,160,52.12,504,463,45.88,195,230,39.62,42,64,49.22,126,130,DAL,54,66,52.48,65.22,30,16,60.00,33,22,55.09,92,75,51.63,190,178,50.90,85,82,45.45,25,30,43.31,55,72,DAL,54,66,52.59,53.73,36,31,65.56,59,31,58.33,126,90,51.74,282,263,50.20,124,123,26.67,16,44,44.10,71,90,2018,Regular,From
DET,54,53,46.31,31.25,5,11,36.36,8,14,46.81,22,25,47.22,34,38,47.83,22,24,61.11,11,7,42.86,3,4,DET,54,53,48.53,54.97,83,68,56.48,109,84,51.05,219,210,48.83,503,527,41.90,163,226,47.35,107,119,39.67,48,73,DET,54,53,51.50,62.69,42,25,47.19,42,47,52.63,90,81,54.34,219,184,46.47,79,91,47.92,46,50,43.14,22,29,DET,54,53,46.48,64.37,56,31,59.52,50,34,53.77,114,98,45.05,200,244,35.16,64,118,39.60,40,61,33.33,18,36,2018,Regular,From
EDM,54,50,49.65,40.00,6,9,57.14,16,12,43.86,25,32,45.33,34,41,52.78,19,17,64.71,11,6,55.56,10,8,EDM,54,50,51.45,58.69,152,107,54.10,178,151,54.31,290,244,50.20,497,493,52.73,145,130,54.55,66,55,46.00,69,81,EDM,54,50,53.59,58.10,61,44,51.91,68,63,56.90,132,100,55.72,224,178,44.25,50,63,58.82,30,21,55.88,38,30,EDM,54,50,48.60,67.67,90,43,56.47,96,74,51.30,158,150,51.04,270,259,44.52,69,86,22.89,19,64,35.53,27,49,2018,Regular,From
FLA,54,56,46.33,30.77,4,9,52.00,13,12,55.77,29,23,46.43,39,45,37.78,17,28,50.00,9,9,30.77,4,9,FLA,54,56,50.44,48.84,63,66,58.41,125,89,59.52,369,251,51.34,554,525,42.57,212,286,37.80,62,102,35.71,25,45,FLA,54,56,50.95,65.79,25,13,60.00,51,34,55.60,134,107,51.00,204,196,43.93,94,120,43.84,32,41,45.00,9,11,FLA,54,56,47.43,64.52,40,22,56.82,50,38,55.99,159,125,46.61,220,252,35.84,81,145,42.47,31,42,40.00,10,15,2018,Regular,From
L.A,54,65,55.50,72.73,8,3,50.00,10,10,55.81,24,19,45.78,38,45,59.46,22,15,70.59,12,5,87.50,7,1,L.A,54,65,49.22,46.98,70,79,53.06,104,92,54.04,261,222,51.90,478,443,43.66,179,231,38.89,70,110,44.09,56,71,L.A,54,65,49.02,64.41,38,21,51.72,45,42,52.69,137,123,51.78,233,217,40.51,64,94,38.03,27,44,37.70,23,38,L.A,54,65,52.91,58.23,46,33,49.49,49,50,62.66,151,90,53.97,272,232,52.89,119,106,31.52,29,63,37.88,25,41,2018,Regular,From
MIN,54,64,51.25,42.86,6,8,53.33,8,7,43.59,17,22,52.00,39,36,54.55,24,20,72.73,16,6,39.13,9,14,MIN,54,64,48.79,41.12,44,63,60.84,101,65,55.56,210,168,46.99,469,529,46.28,224,260,40.89,83,120,47.20,76,85,MIN,54,64,44.11,50.00,14,14,60.00,36,24,55.90,90,71,39.32,151,233,38.07,67,109,38.61,39,62,40.79,31,45,MIN,54,64,45.21,52.73,29,26,58.73,37,26,50.78,98,95,44.69,206,255,37.30,94,158,34.45,41,78,38.46,35,56,2018,Regular,From
MTL,54,50,43.88,31.25,5,11,28.57,6,15,42.11,16,22,41.56,32,45,51.35,19,18,55.00,11,9,61.54,8,5,MTL,54,50,51.23,59.12,107,74,57.83,144,105,53.13,280,247,51.27,546,519,48.53,132,140,47.08,121,136,41.18,35,50,MTL,54,50,49.23,56.94,41,31,58.00,58,42,48.26,83,89,50.00,198,198,51.91,68,63,44.21,42,53,25.58,11,32,MTL,54,50,50.19,56.63,47,36,61.63,106,66,56.43,158,122,52.36,310,282,35.68,66,119,47.33,71,79,22.95,14,47,2018,Regular,From
N.J,54,62,48.63,58.33,7,5,36.00,9,16,42.86,18,24,53.93,48,41,45.65,21,25,50.00,9,9,50.00,3,3,N.J,54,62,49.95,53.85,70,60,51.72,120,112,53.80,248,213,50.55,463,453,48.02,231,250,39.89,71,107,47.01,63,71,N.J,54,62,48.51,58.33,35,25,56.07,60,47,51.04,98,94,46.26,173,201,48.11,102,110,39.29,33,51,46.94,23,26,N.J,54,62,46.39,68.00,51,24,46.15,54,63,55.56,115,92,46.44,209,241,40.97,93,134,34.74,33,62,25.45,14,41,2018,Regular,From
NSH,54,75,54.21,25.00,1,3,63.64,7,4,58.33,21,15,58.82,40,28,54.00,27,23,48.00,12,13,42.11,8,11,NSH,54,75,50.04,51.28,40,38,56.76,42,32,58.63,214,151,51.51,529,498,42.68,245,329,40.08,95,142,42.92,94,125,NSH,54,75,54.42,70.27,26,11,70.00,28,12,58.11,86,62,57.69,240,176,44.63,108,134,44.68,42,52,43.02,37,49,NSH,54,75,51.80,60.71,17,11,64.44,29,16,62.76,123,73,50.10,245,244,42.49,133,180,41.88,49,68,42.74,50,67,2018,Regular,From
NYI,54,58,49.00,52.38,11,10,42.31,11,15,48.21,27,29,46.15,42,49,52.27,23,21,60.87,14,9,45.83,11,13,NYI,54,58,46.58,50.00,130,130,44.96,116,142,53.30,291,255,48.50,404,429,37.08,142,241,42.93,85,113,45.81,93,110,NYI,54,58,45.36,44.74,51,63,54.92,67,55,45.91,101,119,45.25,143,173,43.38,59,77,40.96,34,49,48.24,41,44,NYI,54,58,49.93,64.49,89,49,57.86,81,59,54.06,153,130,49.52,206,210,43.30,84,110,42.16,43,59,39.80,39,59,2018,Regular,From
NYR,54,55,48.36,41.67,5,7,53.85,14,12,49.06,26,27,43.48,40,52,51.22,21,20,52.94,9,8,60.00,3,2,NYR,54,55,46.82,47.62,60,66,57.02,130,98,51.43,306,289,46.31,483,560,39.02,167,261,45.88,78,92,49.32,36,37,NYR,54,55,44.96,47.69,31,34,55.45,56,45,50.76,100,97,43.50,164,213,37.71,66,109,47.50,38,42,35.71,10,18,NYR,54,55,43.84,40.58,28,41,58.72,64,45,53.73,137,118,44.24,219,276,34.68,77,145,37.76,37,61,15.79,6,32,2018,Regular,From
OTT,54,47,44.57,66.67,12,6,24.00,6,19,47.83,22,24,45.24,38,46,46.51,20,23,39.13,9,14,33.33,3,6,OTT,54,47,47.06,50.00,100,100,50.97,105,101,51.88,248,230,46.33,461,534,45.63,188,224,39.78,72,109,45.45,35,42,OTT,54,47,47.11,53.75,43,37,60.87,56,36,49.02,100,104,48.39,210,224,41.44,75,106,39.02,32,50,31.43,11,24,OTT,54,47,44.50,61.76,63,39,61.96,101,62,56.50,139,107,41.67,235,329,31.06,73,162,34.09,30,58,29.41,15,36,2018,Regular,From
PHI,54,61,53.72,70.00,7,3,40.91,9,13,47.22,17,19,57.33,43,32,53.49,23,20,64.71,11,6,42.86,6,8,PHI,54,61,49.97,51.47,70,66,57.99,127,92,56.56,194,149,49.85,512,515,45.14,172,209,43.75,112,144,40.19,43,64,PHI,54,61,47.88,66.04,35,18,55.17,48,39,51.54,67,63,47.92,219,238,41.36,67,95,41.41,41,58,36.00,18,32,PHI,54,61,49.05,67.86,57,27,62.73,69,41,56.21,95,74,47.94,256,278,39.02,80,125,42.34,47,64,27.78,15,39,2018,Regular,From
PIT,54,61,45.46,6.67,1,14,55.00,11,9,45.10,23,28,48.00,36,39,46.34,19,22,42.11,8,11,63.64,7,4,PIT,54,61,53.69,56.21,95,74,58.64,129,91,54.15,261,221,56.37,553,428,47.45,186,206,54.30,101,85,44.92,84,103,PIT,54,61,51.50,59.72,43,29,55.34,57,46,53.96,109,93,52.04,204,188,44.83,65,80,52.81,47,42,44.44,24,30,PIT,54,61,49.57,51.11,46,44,62.28,71,43,56.12,133,104,49.27,237,244,46.20,85,99,34.26,37,71,42.35,36,49,2018,Regular,From
S.J,54,64,46.26,57.14,4,3,52.00,13,12,45.24,19,23,45.00,36,44,35.71,15,27,61.11,11,7,50.00,3,3,S.J,54,64,52.33,54.46,61,51,66.44,97,49,54.62,325,270,54.31,479,403,48.32,201,215,39.24,93,144,47.37,54,60,S.J,54,64,52.92,58.33,28,20,53.01,44,39,55.33,135,109,54.98,232,190,49.75,101,102,50.96,53,51,34.88,15,28,S.J,54,64,51.20,59.15,42,29,64.96,76,41,58.69,206,145,50.00,260,260,46.33,120,139,37.75,57,94,36.96,17,29,2018,Regular,From
STL,54,67,54.25,64.29,9,5,29.41,5,12,50.00,15,15,57.75,41,30,56.82,25,19,64.00,16,9,44.44,8,10,STL,54,67,52.13,48.97,71,74,57.22,103,77,51.13,203,194,54.18,518,438,50.44,288,283,44.29,93,117,48.30,71,76,STL,54,67,54.52,67.35,33,16,58.97,46,32,54.75,98,81,56.74,202,154,48.51,114,121,45.45,45,54,61.76,21,13,STL,54,67,48.04,50.79,32,31,46.25,37,43,50.45,112,110,47.23,256,286,46.00,138,162,44.07,52,66,43.33,26,34,2018,Regular,From
T.B,54,77,58.42,66.67,6,3,36.84,7,12,60.00,24,16,54.69,35,29,68.75,33,15,61.11,22,14,57.14,12,9,T.B,54,77,50.37,53.60,67,58,48.06,62,67,58.43,194,138,52.45,525,476,44.09,194,246,39.02,128,200,46.27,118,137,T.B,54,77,55.65,52.38,22,20,64.71,44,24,59.87,91,61,57.45,212,157,55.87,100,79,43.07,59,78,44.86,48,59,T.B,54,77,53.28,61.40,35,22,64.38,47,26,54.75,98,81,52.23,269,246,50.00,123,123,44.90,66,81,41.96,47,65,2018,Regular,From
TOR,54,65,53.32,90.00,9,1,48.28,14,15,43.24,16,21,52.11,37,34,55.81,24,19,54.55,18,15,56.00,14,11,TOR,54,65,48.45,62.67,47,28,61.09,190,121,53.78,192,165,44.14,456,577,43.77,165,212,47.62,130,143,43.33,104,136,TOR,54,65,49.75,52.94,18,16,58.74,84,59,57.56,99,73,49.39,241,247,38.00,57,93,46.88,45,51,42.48,48,65,TOR,54,65,55.18,47.50,19,21,65.28,94,50,63.24,117,68,55.03,301,246,47.89,91,99,47.22,68,76,43.20,54,71,2018,Regular,From
VAN,54,48,44.64,33.33,5,10,34.78,8,15,51.11,23,22,43.75,35,45,45.16,14,17,58.82,10,7,25.00,2,6,VAN,54,48,47.30,52.41,87,79,53.36,159,139,53.35,271,237,46.52,388,446,40.71,138,201,42.11,88,121,45.13,51,62,VAN,54,48,46.18,50.00,34,34,48.06,62,67,51.34,96,91,50.70,181,176,41.54,54,76,36.25,29,51,27.87,17,44,VAN,54,48,48.57,58.82,40,28,63.16,96,56,57.61,159,117,48.17,184,198,41.61,62,87,33.33,36,72,24.59,15,46,2018,Regular,From
VGK,54,76,55.23,55.56,5,4,28.57,4,10,72.73,32,12,55.17,48,39,57.14,32,24,51.61,16,15,33.33,5,10,VGK,54,76,52.22,48.44,31,33,63.21,67,39,54.46,232,194,53.20,573,504,48.29,226,242,47.95,105,114,42.57,86,116,VGK,54,76,53.38,57.69,15,11,62.71,37,22,62.19,125,76,50.46,220,216,48.98,96,100,49.46,46,47,46.32,44,51,VGK,54,76,51.73,51.52,17,16,68.42,52,24,58.68,142,100,53.01,273,242,41.22,108,154,39.16,56,87,40.71,46,67,2018,Regular,From
WPG,54,73,54.08,33.33,5,10,46.15,6,7,50.00,18,18,58.82,40,28,60.00,27,18,54.84,17,14,55.00,11,9,WPG,54,73,51.94,55.03,93,76,61.25,98,62,55.36,160,129,51.26,406,386,46.29,243,282,49.41,167,171,45.87,100,118,WPG,54,73,52.22,66.67,46,23,52.46,32,29,53.97,68,58,46.61,165,189,52.70,117,105,52.67,79,71,46.97,31,35,WPG,54,73,50.58,67.03,61,30,61.90,39,24,57.42,89,66,47.64,212,233,43.03,105,139,42.40,92,125,39.18,38,59,2018,Regular,From
WSH,54,69,53.54,60.00,6,4,61.90,13,8,57.78,26,19,51.69,46,43,52.63,20,18,52.38,11,10,35.71,5,9,WSH,54,69,46.16,61.59,85,53,57.14,84,63,52.91,218,194,43.25,407,534,44.42,187,234,37.60,91,151,29.90,29,68,WSH,54,69,46.22,53.03,35,31,50.00,30,30,49.50,100,102,47.11,228,256,36.15,77,136,48.57,68,72,40.00,16,24,WSH,54,69,53.07,75.00,57,19,56.98,49,37,60.94,142,91,52.25,244,223,46.07,123,144,39.86,59,89,43.24,16,21,2018,Regular,From
ANA,53,60,51.01,57.14,8,6,47.06,8,9,45.45,15,18,52.50,42,38,54.05,20,17,54.17,13,11,40.00,4,6,ANA,53,60,48.63,61.17,63,40,56.50,100,77,54.17,182,154,48.25,441,473,42.77,201,269,39.16,112,174,46.34,76,88,ANA,53,60,48.58,49.09,27,28,59.34,54,37,58.00,87,63,46.23,190,221,44.53,114,142,41.46,51,72,44.07,26,33,ANA,53,60,47.73,71.15,37,15,56.30,67,52,51.45,89,84,46.42,227,262,38.96,90,141,44.12,60,76,35.21,25,46,2018,Regular,From
ARI,53,33,39.15,47.37,9,10,45.16,14,17,38.60,22,35,37.21,32,54,27.27,9,24,33.33,3,6,75.00,3,1,ARI,53,33,47.31,55.80,125,99,49.64,136,138,50.21,243,241,47.85,511,557,41.98,144,199,40.70,35,51,59.62,31,21,ARI,53,33,45.25,51.85,56,52,46.61,55,63,52.91,118,105,44.19,247,312,43.10,75,99,40.54,15,22,39.29,11,17,ARI,53,33,50.38,62.04,67,41,56.46,83,64,52.23,152,139,51.59,276,259,47.37,99,110,41.03,16,23,46.34,19,22,2018,Regular,From
BOS,53,74,58.03,66.67,4,2,60.00,12,8,48.72,19,20,52.63,40,36,62.50,25,15,76.92,20,6,60.00,12,8,BOS,53,74,53.22,61.29,38,24,56.16,123,96,60.14,175,116,51.64,503,471,49.39,241,247,47.34,98,109,52.51,115,104,BOS,53,74,53.58,52.17,12,11,58.54,48,34,62.12,82,50,51.69,199,186,47.89,102,111,50.00,52,52,49.56,56,57,BOS,53,74,55.54,65.71,23,12,63.81,67,38,61.54,96,60,54.62,254,211,48.23,136,146,48.11,51,55,45.60,57,68,2018,Regular,From
BUF,53,38,40.29,48.28,14,15,32.14,9,19,40.43,19,28,36.49,27,47,51.85,14,13,28.57,2,5,20.00,1,4,BUF,53,38,47.48,55.81,120,95,55.41,123,99,51.36,283,268,47.29,479,534,44.07,171,217,38.16,29,47,29.41,15,36,BUF,53,38,44.97,54.74,52,43,43.37,36,47,51.91,122,113,45.63,162,193,42.06,53,73,33.33,10,20,18.18,4,18,BUF,53,38,46.25,53.70,58,50,52.69,49,44,62.41,171,103,45.00,198,242,34.59,55,104,28.57,16,40,24.00,6,19,2018,Regular,From
CAR,53,56,45.97,35.29,6,11,42.11,8,11,46.34,19,22,50.00,42,42,44.90,22,27,37.50,6,10,60.00,3,2,CAR,53,56,53.59,54.26,102,86,62.13,146,89,61.14,247,157,53.75,538,463,48.74,233,245,45.45,85,102,43.00,43,57,CAR,53,56,51.69,55.17,48,39,44.12,45,57,65.68,111,58,53.21,257,226,45.77,92,109,47.89,34,37,32.56,14,29,CAR,53,56,56.15,69.57,64,28,72.55,74,28,60.65,131,85,55.99,313,246,46.96,108,122,48.45,47,50,39.58,19,29,2018,Regular,From
CBJ,53,58,50.56,50.00,7,7,42.11,8,11,50.00,20,20,54.32,44,37,47.62,20,22,50.00,8,8,50.00,4,4,CBJ,53,58,51.78,47.00,47,53,59.18,158,109,60.14,267,177,51.87,596,553,45.96,250,294,42.77,68,91,47.73,42,46,CBJ,53,58,53.18,64.00,32,18,57.65,49,36,62.01,111,68,52.86,231,206,46.34,95,110,41.56,32,45,51.28,20,19,CBJ,53,58,47.21,58.33,28,20,59.68,74,50,51.26,122,116,50.00,261,261,36.23,96,169,32.14,27,57,39.13,18,28,2018,Regular,From
CGY,53,62,52.08,54.55,6,5,50.00,7,7,55.00,22,18,58.23,46,33,38.30,18,29,59.09,13,9,42.86,3,4,CGY,53,62,51.21,64.95,63,34,49.65,71,72,48.95,187,195,51.54,618,581,51.21,232,221,46.12,101,118,48.00,36,39,CGY,53,62,52.39,65.57,40,21,51.61,32,30,51.18,87,83,53.22,306,269,47.30,105,117,50.00,47,47,53.85,21,18,CGY,53,62,54.47,75.47,40,13,63.27,62,36,61.46,126,79,53.47,331,288,48.56,118,125,45.45,40,48,34.04,16,31,2018,Regular,From
CHI,53,56,51.68,54.55,12,10,40.00,8,12,41.18,14,20,51.35,38,36,52.78,19,17,59.09,13,9,66.67,16,8,CHI,53,56,51.45,58.94,122,85,64.06,123,69,51.54,201,189,50.33,528,521,48.06,186,201,46.01,98,115,48.64,107,113,CHI,53,56,51.67,71.43,60,24,58.14,50,36,60.00,75,50,48.91,201,210,51.27,81,77,40.28,29,43,36.46,35,61,CHI,53,56,58.04,73.95,88,31,66.67,80,40,60.19,124,82,57.19,322,241,53.64,118,102,49.00,49,51,46.10,65,76,2018,Regular,From
COL,53,62,51.07,50.00,11,11,42.86,9,12,42.42,14,19,56.00,42,33,52.17,24,22,52.63,10,9,52.63,10,9,COL,53,62,47.92,59.13,68,47,61.64,90,56,53.31,185,162,45.58,413,493,46.41,252,291,32.70,52,107,41.45,63,89,COL,53,62,47.65,42.37,25,34,55.17,32,26,49.66,74,75,45.95,170,200,49.72,90,91,44.74,34,42,43.55,27,35,COL,53,62,49.72,53.95,41,35,68.42,52,24,51.01,101,97,50.00,254,254,49.65,142,144,27.63,21,55,31.71,26,56,2018,Regular,From
DAL,53,64,55.69,62.50,5,3,25.00,4,12,55.88,19,15,52.78,38,34,57.45,27,20,61.90,13,8,75.00,18,6,DAL,53,64,52.12,66.19,92,47,59.87,94,63,55.16,187,152,51.75,487,454,46.23,190,221,39.62,42,64,49.22,126,130,DAL,53,64,52.25,65.22,30,16,60.00,33,22,54.09,86,73,51.52,186,175,50.62,82,80,45.45,25,30,43.31,55,72,DAL,53,64,52.34,53.73,36,31,65.56,59,31,56.80,117,89,51.70,273,255,50.21,121,120,26.67,16,44,44.10,71,90,2018,Regular,From
DET,53,51,45.45,31.25,5,11,36.36,8,14,45.65,21,25,45.71,32,38,46.67,21,24,62.50,10,6,50.00,3,3,DET,53,51,48.45,54.97,83,68,56.48,109,84,51.31,216,205,48.47,491,522,42.12,163,224,47.69,103,113,40.00,46,69,DET,53,51,51.43,62.69,42,25,47.19,42,47,52.69,88,79,54.06,213,181,46.75,79,90,47.83,44,48,43.14,22,29,DET,53,51,46.03,64.37,56,31,59.52,50,34,53.11,111,98,44.24,192,242,35.56,64,116,38.14,37,60,33.96,18,35,2018,Regular,From
EDM,53,50,49.89,35.71,5,9,57.69,15,11,44.44,24,30,45.83,33,39,54.29,19,16,64.71,11,6,55.56,10,8,EDM,53,50,51.53,58.91,152,106,53.75,165,142,54.65,288,239,50.26,491,486,52.92,145,129,54.55,66,55,46.00,69,81,EDM,53,50,53.62,57.84,59,43,51.97,66,61,57.27,130,97,55.56,220,176,44.25,50,63,58.82,30,21,55.88,38,30,EDM,53,50,48.79,67.74,84,40,56.86,87,66,51.16,155,148,51.44,268,253,44.81,69,85,22.89,19,64,35.53,27,49,2018,Regular,From
FLA,53,54,45.94,30.77,4,9,52.00,13,12,54.90,28,23,46.91,38,43,36.36,16,28,50.00,9,9,30.77,4,9,FLA,53,54,50.40,48.84,63,66,58.41,125,89,59.77,364,245,51.35,551,522,41.72,199,278,39.10,61,95,35.71,25,45,FLA,53,54,50.74,65.79,25,13,60.00,51,34,55.42,133,107,51.00,204,196,43.27,90,118,42.86,30,40,45.00,9,11,FLA,53,54,47.32,64.52,40,22,56.82,50,38,56.12,156,122,46.60,219,251,35.65,77,139,40.00,28,42,40.00,10,15,2018,Regular,From
L.A,53,63,54.78,72.73,8,3,50.00,10,10,54.76,23,19,45.12,37,45,58.33,21,15,70.59,12,5,87.50,7,1,L.A,53,63,49.37,46.98,70,79,53.06,104,92,53.50,252,219,52.33,472,430,44.06,178,226,39.88,65,98,44.09,56,71,L.A,53,63,49.01,64.41,38,21,51.72,45,42,52.71,136,122,51.71,227,212,40.51,64,94,38.24,26,42,37.70,23,38,L.A,53,63,53.18,58.23,46,33,49.49,49,50,62.87,149,88,54.30,265,223,53.13,119,105,31.25,25,55,37.88,25,41,2018,Regular,From
MIN,53,63,51.43,42.86,6,8,53.33,8,7,43.59,17,22,52.05,38,35,54.76,23,19,75.00,15,5,40.91,9,13,MIN,53,63,48.84,41.12,44,63,60.84,101,65,55.56,210,168,46.73,457,521,47.28,217,242,41.15,79,113,47.17,75,84,MIN,53,63,44.18,50.00,14,14,60.00,36,24,55.90,90,71,39.26,148,229,38.82,66,104,38.20,34,55,40.00,30,45,MIN,53,63,45.39,52.73,29,26,58.73,37,26,50.78,98,95,44.81,203,250,37.55,92,153,35.19,38,70,38.46,35,56,2018,Regular,From
MTL,53,50,44.09,31.25,5,11,28.57,6,15,42.86,15,20,42.11,32,44,51.35,19,18,55.00,11,9,61.54,8,5,MTL,53,50,51.16,59.12,107,74,58.12,136,98,52.90,274,244,51.24,538,512,48.53,132,140,47.08,121,136,41.18,35,50,MTL,53,50,48.91,56.94,41,31,57.89,55,40,47.34,80,89,49.61,192,195,51.91,68,63,44.21,42,53,25.58,11,32,MTL,53,50,50.09,56.63,47,36,61.21,101,64,55.64,153,122,52.57,307,277,35.68,66,119,47.33,71,79,22.95,14,47,2018,Regular,From
N.J,53,62,49.31,66.67,6,3,37.50,9,15,43.90,18,23,54.55,48,40,45.65,21,25,50.00,9,9,50.00,3,3,N.J,53,62,49.93,54.00,54,46,51.09,117,112,54.04,241,205,50.61,454,443,48.02,231,250,39.89,71,107,47.01,63,71,N.J,53,62,48.00,55.32,26,21,55.24,58,47,50.00,92,92,45.92,169,199,48.11,102,110,39.29,33,51,46.94,23,26,N.J,53,62,46.46,72.73,40,15,46.15,54,63,55.50,111,89,46.53,208,239,40.97,93,134,34.74,33,62,25.45,14,41,2018,Regular,From
NSH,53,73,54.13,25.00,1,3,63.64,7,4,57.14,20,15,59.09,39,27,55.10,27,22,48.00,12,13,42.11,8,11,NSH,53,73,50.28,51.28,40,38,56.76,42,32,59.77,211,142,51.74,505,471,43.03,244,323,40.08,95,142,42.92,94,125,NSH,53,73,54.55,70.27,26,11,70.00,28,12,58.50,86,61,58.21,234,168,44.17,106,134,44.68,42,52,43.02,37,49,NSH,53,73,51.90,60.71,17,11,64.44,29,16,63.44,118,68,50.11,233,232,42.39,131,178,41.88,49,68,42.74,50,67,2018,Regular,From
NYI,53,57,49.24,52.38,11,10,42.31,11,15,47.27,26,29,46.59,41,47,53.66,22,19,63.64,14,8,45.83,11,13,NYI,53,57,46.61,50.00,130,130,44.96,116,142,53.30,291,255,48.66,399,421,36.62,130,225,43.85,82,105,45.81,93,110,NYI,53,57,45.35,44.74,51,63,54.92,67,55,45.91,101,119,45.05,141,172,42.97,55,73,42.50,34,46,48.24,41,44,NYI,53,57,49.84,64.49,89,49,57.86,81,59,54.06,153,130,49.63,203,206,42.39,78,106,42.00,42,58,39.80,39,59,2018,Regular,From
NYR,53,55,49.03,45.45,5,6,56.00,14,11,50.00,26,26,43.33,39,51,52.50,21,19,52.94,9,8,60.00,3,2,NYR,53,55,46.83,49.07,53,55,57.33,129,96,51.61,304,285,46.12,475,555,38.82,165,260,45.88,78,92,49.32,36,37,NYR,53,55,45.10,50.00,29,29,55.00,55,45,51.04,98,94,43.55,162,210,37.36,65,109,47.50,38,42,35.71,10,18,NYR,53,55,43.84,41.82,23,32,58.33,63,45,53.54,136,118,43.76,214,275,34.84,77,144,37.76,37,61,15.79,6,32,2018,Regular,From
OTT,53,47,44.61,60.00,9,6,27.27,6,16,48.89,22,23,45.78,38,45,46.51,20,23,39.13,9,14,33.33,3,6,OTT,53,47,47.31,53.61,89,77,50.26,98,97,52.34,246,224,46.32,460,533,45.63,188,224,39.78,72,109,45.45,35,42,OTT,53,47,47.28,57.58,38,28,60.00,54,36,48.74,97,102,48.50,210,223,41.44,75,106,39.02,32,50,31.43,11,24,OTT,53,47,44.63,64.29,54,30,62.03,98,60,56.79,138,105,41.74,235,328,31.06,73,162,34.09,30,58,29.41,15,36,2018,Regular,From
PHI,53,59,53.20,70.00,7,3,40.91,9,13,47.22,17,19,56.76,42,32,52.50,21,19,64.71,11,6,42.86,6,8,PHI,53,59,49.97,51.47,70,66,57.99,127,92,56.56,194,149,49.90,505,507,45.43,169,203,43.57,105,136,40.19,43,64,PHI,53,59,48.16,66.04,35,18,55.17,48,39,51.54,67,63,48.21,216,232,42.14,67,92,41.49,39,55,36.00,18,32,PHI,53,59,49.19,67.86,57,27,62.73,69,41,56.21,95,74,47.72,251,275,40.00,80,120,43.27,45,59,27.78,15,39,2018,Regular,From
PIT,53,61,45.68,6.67,1,14,52.63,10,9,46.94,23,26,48.65,36,38,46.34,19,22,42.11,8,11,63.64,7,4,PIT,53,61,54.02,56.21,95,74,61.42,121,76,54.49,261,218,56.61,548,420,47.45,186,206,54.30,101,85,44.92,84,103,PIT,53,61,51.95,59.72,43,29,57.14,48,36,54.77,109,90,52.32,203,185,44.83,65,80,52.81,47,42,44.44,24,30,PIT,53,61,49.72,51.11,46,44,61.70,58,36,56.60,133,102,49.58,236,240,46.20,85,99,34.26,37,71,42.35,36,49,2018,Regular,From
S.J,53,64,46.76,57.14,4,3,52.00,13,12,45.24,19,23,45.45,35,42,37.50,15,25,61.11,11,7,50.00,3,3,S.J,53,64,52.24,54.46,61,51,66.90,97,48,54.66,317,263,54.43,467,391,47.67,194,213,39.24,93,144,47.37,54,60,S.J,53,64,53.39,58.33,28,20,54.32,44,37,55.42,133,107,55.83,230,182,50.00,100,100,50.96,53,51,34.88,15,28,S.J,53,64,51.30,59.15,42,29,65.52,76,40,58.62,204,144,50.00,255,255,46.61,117,134,37.75,57,94,36.96,17,29,2018,Regular,From
STL,53,65,53.89,64.29,9,5,29.41,5,12,50.00,15,15,57.14,40,30,56.82,25,19,64.00,16,9,44.44,8,10,STL,53,65,51.88,48.97,71,74,57.22,103,77,51.13,203,194,53.74,489,421,50.44,288,283,44.29,93,117,48.30,71,76,STL,53,65,54.34,67.35,33,16,58.97,46,32,54.75,98,81,56.10,193,151,48.72,114,120,45.45,45,54,61.76,21,13,STL,53,65,47.98,50.79,32,31,46.25,37,43,50.45,112,110,47.12,245,275,45.82,137,162,44.07,52,66,43.33,26,34,2018,Regular,From
T.B,53,75,58.00,66.67,6,3,36.84,7,12,60.00,24,16,53.97,34,29,68.75,33,15,60.00,21,14,57.89,11,8,T.B,53,75,50.21,53.60,67,58,48.06,62,67,58.43,194,138,52.33,516,470,44.29,194,244,38.98,122,191,45.23,109,132,T.B,53,75,55.42,52.38,22,20,64.71,44,24,59.87,91,61,57.58,209,154,55.87,100,79,41.54,54,76,43.16,41,54,T.B,53,75,53.26,61.40,35,22,64.38,47,26,54.75,98,81,51.99,261,241,50.41,122,120,44.83,65,80,41.82,46,64,2018,Regular,From
TOR,53,65,53.57,90.00,9,1,50.00,14,14,43.24,16,21,52.86,37,33,55.81,24,19,54.55,18,15,56.00,14,11,TOR,53,65,48.53,62.16,46,28,61.54,184,115,53.54,189,164,44.42,450,563,43.77,165,212,47.62,130,143,43.33,104,136,TOR,53,65,49.90,51.52,17,16,58.82,80,56,57.74,97,71,49.79,237,239,38.00,57,93,46.88,45,51,42.48,48,65,TOR,53,65,55.63,47.50,19,21,67.15,92,45,63.93,117,66,55.39,298,240,47.89,91,99,47.22,68,76,43.20,54,71,2018,Regular,From
VAN,53,48,44.89,30.77,4,9,36.36,8,14,51.11,23,22,44.30,35,44,45.16,14,17,58.82,10,7,25.00,2,6,VAN,53,48,47.32,53.95,82,70,53.00,150,133,53.16,269,237,46.64,382,437,40.71,138,201,42.11,88,121,45.13,51,62,VAN,53,48,46.48,51.79,29,27,49.18,60,62,51.34,96,91,50.71,178,173,41.54,54,76,36.25,29,51,27.87,17,44,VAN,53,48,48.68,59.09,39,27,63.33,95,55,57.35,156,116,48.51,179,190,41.61,62,87,33.33,36,72,24.59,15,46,2018,Regular,From
VGK,53,74,54.59,55.56,5,4,28.57,4,10,71.43,30,12,54.76,46,38,57.14,32,24,51.61,16,15,33.33,5,10,VGK,53,74,52.30,48.44,31,33,63.21,67,39,55.16,230,187,53.28,561,492,48.34,219,234,47.71,104,114,42.57,86,116,VGK,53,74,53.03,57.69,15,11,62.71,37,22,62.12,123,75,49.77,212,214,48.96,94,98,48.35,44,47,46.32,44,51,VGK,53,74,51.73,51.52,17,16,68.42,52,24,58.55,137,97,53.07,268,237,41.31,107,152,38.73,55,87,40.71,46,67,2018,Regular,From
WPG,53,71,53.63,33.33,5,10,46.15,6,7,50.00,18,18,57.58,38,28,59.52,25,17,56.67,17,13,55.00,11,9,WPG,53,71,51.90,55.03,93,76,61.25,98,62,55.36,160,129,51.21,403,384,46.69,240,274,49.09,162,168,45.87,100,118,WPG,53,71,51.80,66.67,46,23,52.46,32,29,53.97,68,58,46.74,165,188,51.66,109,102,51.39,74,70,46.97,31,35,WPG,53,71,50.60,67.03,61,30,61.90,39,24,57.42,89,66,47.63,211,232,43.10,100,132,42.33,91,124,39.18,38,59,2018,Regular,From
WSH,53,67,53.29,60.00,6,4,61.90,13,8,57.78,26,19,50.00,43,43,55.56,20,16,52.38,11,10,35.71,5,9,WSH,53,67,46.36,61.59,85,53,57.14,84,63,52.91,218,194,43.29,403,528,44.52,187,233,39.63,86,131,29.90,29,68,WSH,53,67,45.95,53.03,35,31,50.00,30,30,49.50,100,102,46.50,219,252,36.32,77,135,49.18,60,62,40.00,16,24,WSH,53,67,53.11,75.00,57,19,56.98,49,37,60.94,142,91,52.18,239,219,46.24,123,143,39.53,51,78,43.24,16,21,2018,Regular,From
ANA,52,60,51.12,53.85,7,6,50.00,8,8,45.45,15,18,53.16,42,37,54.05,20,17,54.17,13,11,40.00,4,6,ANA,52,60,48.29,58.24,53,38,56.21,86,67,54.17,182,154,47.79,432,472,42.77,201,269,39.16,112,174,46.34,76,88,ANA,52,60,48.36,45.83,22,26,59.30,51,35,58.00,87,63,45.97,188,221,44.53,114,142,41.46,51,72,44.07,26,33,ANA,52,60,47.49,70.45,31,13,55.10,54,44,51.45,89,84,46.09,224,262,38.96,90,141,44.12,60,76,35.21,25,46,2018,Regular,From
ARI,52,33,39.20,47.37,9,10,43.33,13,17,38.89,21,33,38.10,32,52,27.27,9,24,33.33,3,6,75.00,3,1,ARI,52,33,47.28,55.80,125,99,50.00,133,133,49.68,235,238,47.88,509,554,41.98,144,199,40.70,35,51,59.62,31,21,ARI,52,33,45.57,51.85,56,52,48.21,54,58,54.25,115,97,44.09,246,312,43.10,75,99,40.54,15,22,39.29,11,17,ARI,52,33,50.44,62.04,67,41,56.55,82,63,51.97,145,134,51.59,275,258,47.37,99,110,41.03,16,23,46.34,19,22,2018,Regular,From
BOS,52,74,58.53,66.67,4,2,55.56,10,8,52.78,19,17,53.33,40,35,62.50,25,15,76.92,20,6,60.00,12,8,BOS,52,74,53.37,61.29,38,24,56.93,115,87,60.71,170,110,51.62,495,464,49.39,241,247,47.34,98,109,52.51,115,104,BOS,52,74,53.31,52.17,12,11,57.33,43,32,61.72,79,49,51.34,192,182,47.89,102,111,50.00,52,52,49.56,56,57,BOS,52,74,55.53,65.71,23,12,62.50,60,36,62.25,94,57,54.41,247,207,48.23,136,146,48.11,51,55,45.60,57,68,2018,Regular,From
BUF,52,37,40.52,48.28,14,15,32.14,9,19,39.13,18,28,37.50,27,45,53.85,14,12,28.57,2,5,20.00,1,4,BUF,52,37,47.37,55.81,120,95,55.41,123,99,51.20,278,265,47.26,466,520,43.67,162,209,38.16,29,47,29.41,15,36,BUF,52,37,44.98,54.74,52,43,43.37,36,47,52.36,122,111,45.35,156,188,42.28,52,71,33.33,10,20,18.18,4,18,BUF,52,37,46.25,53.70,58,50,52.69,49,44,61.80,165,102,45.14,195,237,34.90,52,97,28.57,16,40,24.00,6,19,2018,Regular,From
CAR,52,56,46.24,35.29,6,11,42.11,8,11,46.15,18,21,51.22,42,40,44.90,22,27,37.50,6,10,60.00,3,2,CAR,52,56,53.70,54.26,102,86,62.07,126,77,61.73,242,150,53.86,537,460,48.74,233,245,45.45,85,102,43.00,43,57,CAR,52,56,51.89,55.17,48,39,43.82,39,50,66.46,109,55,53.24,255,224,45.77,92,109,47.89,34,37,32.56,14,29,CAR,52,56,56.41,69.57,64,28,75.58,65,21,61.32,130,82,55.90,308,243,46.96,108,122,48.45,47,50,39.58,19,29,2018,Regular,From
CBJ,52,58,50.48,50.00,7,7,42.11,8,11,48.72,19,20,55.13,43,35,47.62,20,22,50.00,8,8,50.00,4,4,CBJ,52,58,51.61,47.00,47,53,59.18,158,109,59.43,249,170,51.83,581,540,45.96,250,294,42.77,68,91,47.73,42,46,CBJ,52,58,53.18,64.00,32,18,57.65,49,36,61.54,104,65,52.93,226,201,46.80,95,108,41.56,32,45,51.28,20,19,CBJ,52,58,47.30,58.33,28,20,59.68,74,50,50.00,112,112,50.49,259,254,36.50,96,167,32.14,27,57,39.13,18,28,2018,Regular,From
CGY,52,60,51.58,54.55,6,5,50.00,7,7,53.85,21,18,57.69,45,33,36.96,17,29,61.90,13,8,42.86,3,4,CGY,52,60,51.55,64.95,63,34,49.65,71,72,49.73,184,186,51.83,608,565,51.33,232,220,46.54,101,116,48.00,36,39,CGY,52,60,52.79,65.57,40,21,51.61,32,30,52.50,84,76,53.29,300,263,47.73,105,115,51.09,47,45,53.85,21,18,CGY,52,60,54.33,75.47,40,13,63.27,62,36,60.91,120,77,53.12,315,278,48.76,118,124,45.45,40,48,34.04,16,31,2018,Regular,From
CHI,52,56,52.01,54.55,12,10,36.84,7,12,42.42,14,19,52.05,38,35,54.29,19,16,59.09,13,9,66.67,16,8,CHI,52,56,51.18,58.94,122,85,63.68,121,69,51.41,200,189,50.05,512,511,47.20,177,198,46.01,98,115,48.64,107,113,CHI,52,56,51.29,71.43,60,24,57.14,48,36,59.35,73,50,48.87,195,204,50.00,74,74,40.28,29,43,36.46,35,61,CHI,52,56,58.59,73.95,88,31,66.67,80,40,60.00,123,82,58.10,312,225,54.72,116,96,49.00,49,51,46.10,65,76,2018,Regular,From
COL,52,62,51.85,55.00,11,9,45.00,9,11,41.94,13,18,56.76,42,32,52.17,24,22,52.63,10,9,52.63,10,9,COL,52,62,47.98,58.76,57,40,61.38,89,56,53.15,177,156,45.97,411,483,46.41,252,291,32.70,52,107,41.45,63,89,COL,52,62,47.97,44.90,22,27,55.17,32,26,48.95,70,73,46.30,169,196,49.72,90,91,44.74,34,42,43.55,27,35,COL,52,62,49.69,51.56,33,31,68.00,51,24,51.58,98,92,49.70,250,253,49.65,142,144,27.63,21,55,31.71,26,56,2018,Regular,From
DAL,52,62,55.03,62.50,5,3,25.00,4,12,55.88,19,15,52.78,38,34,56.52,26,20,61.90,13,8,75.00,15,5,DAL,52,62,52.20,66.19,92,47,59.87,94,63,55.16,187,152,52.15,473,434,46.34,190,220,38.46,40,64,48.74,116,122,DAL,52,62,52.12,65.22,30,16,60.00,33,22,54.09,86,73,50.85,180,174,50.62,82,80,45.45,25,30,44.26,54,68,DAL,52,62,52.33,53.73,36,31,65.56,59,31,56.80,117,89,51.57,262,246,50.21,121,120,26.67,16,44,44.22,65,82,2018,Regular,From
DET,52,50,44.80,31.25,5,11,36.36,8,14,44.44,20,25,45.59,31,37,44.19,19,24,64.29,9,5,60.00,3,2,DET,52,50,48.09,54.97,83,68,56.48,109,84,51.19,215,205,48.46,489,520,41.32,157,223,47.69,93,102,35.58,37,67,DET,52,50,51.31,62.69,42,25,47.19,42,47,52.69,88,79,53.94,212,181,46.11,77,90,49.38,40,41,41.67,20,28,DET,52,50,45.49,64.37,56,31,59.52,50,34,53.11,111,98,44.11,191,242,35.43,62,113,36.05,31,55,25.53,12,35,2018,Regular,From
EDM,52,50,49.97,35.71,5,9,54.17,13,11,46.15,24,28,46.48,33,38,54.29,19,16,64.71,11,6,55.56,10,8,EDM,52,50,51.72,58.91,152,106,54.67,164,136,55.08,271,221,50.15,486,483,52.92,145,129,54.55,66,55,46.00,69,81,EDM,52,50,53.73,57.84,59,43,52.46,64,58,57.28,118,88,55.58,219,175,44.25,50,63,58.82,30,21,55.88,38,30,EDM,52,50,48.73,67.74,84,40,57.24,87,65,49.82,141,142,51.54,268,252,44.81,69,85,22.89,19,64,35.53,27,49,2018,Regular,From
FLA,52,52,46.00,30.77,4,9,52.00,13,12,53.06,26,23,47.50,38,42,35.71,15,27,56.25,9,7,30.77,4,9,FLA,52,52,50.30,48.84,63,66,58.41,125,89,60.10,363,241,51.06,530,508,41.47,192,271,38.82,59,93,35.71,25,45,FLA,52,52,50.73,65.79,25,13,60.00,51,34,55.42,133,107,50.65,195,190,44.16,87,110,41.79,28,39,45.00,9,11,FLA,52,52,47.60,64.52,40,22,56.82,50,38,56.12,156,122,46.15,210,245,37.25,76,128,41.18,28,40,40.00,10,15,2018,Regular,From
L.A,52,61,54.13,72.73,8,3,50.00,10,10,54.76,23,19,44.44,36,45,57.58,19,14,68.75,11,5,87.50,7,1,L.A,52,61,49.31,46.98,70,79,53.06,104,92,53.50,252,219,52.05,458,422,44.16,174,220,40.37,65,96,44.44,56,70,L.A,52,61,48.83,64.41,38,21,51.72,45,42,52.71,136,122,51.52,220,207,39.60,59,90,38.46,25,40,37.70,23,38,L.A,52,61,52.63,58.23,46,33,49.49,49,50,62.87,149,88,54.28,260,219,50.24,104,103,30.26,23,53,37.88,25,41,2018,Regular,From
MIN,52,61,50.93,42.86,6,8,53.33,8,7,42.11,16,22,52.11,37,34,54.76,23,19,73.68,14,5,40.00,8,12,MIN,52,61,49.08,41.12,44,63,60.84,101,65,55.56,210,168,46.84,452,513,47.28,217,242,40.22,74,110,52.21,71,65,MIN,52,61,44.25,50.00,14,14,60.00,36,24,55.97,89,70,39.30,147,227,38.46,65,104,39.29,33,51,40.91,27,39,MIN,52,61,45.35,52.73,29,26,58.73,37,26,50.78,98,95,44.77,201,248,37.55,92,153,34.29,36,69,40.28,29,43,2018,Regular,From
MTL,52,48,43.71,31.25,5,11,28.57,6,15,42.86,15,20,42.67,32,43,50.00,18,18,52.63,10,9,61.54,8,5,MTL,52,48,50.99,59.12,107,74,58.12,136,98,52.35,267,243,51.36,530,502,47.91,126,137,46.67,112,128,41.67,35,49,MTL,52,48,48.72,56.94,41,31,57.89,55,40,46.71,78,89,49.48,190,194,50.39,64,63,46.07,41,48,26.19,11,31,MTL,52,48,50.03,56.63,47,36,61.21,101,64,55.84,153,121,52.30,295,269,35.36,64,117,48.18,66,71,22.95,14,47,2018,Regular,From
N.J,52,62,49.65,66.67,6,3,37.50,9,15,43.59,17,22,55.81,48,38,45.65,21,25,50.00,9,9,50.00,3,3,N.J,52,62,49.82,54.00,54,46,51.10,116,111,52.94,225,200,50.86,442,427,48.02,231,250,39.89,71,107,47.01,63,71,N.J,52,62,47.96,55.32,26,21,54.00,54,46,50.57,88,86,45.79,163,193,48.11,102,110,39.29,33,51,46.94,23,26,N.J,52,62,46.36,72.73,40,15,45.22,52,63,54.82,108,89,46.65,202,231,40.97,93,134,34.74,33,62,25.45,14,41,2018,Regular,From
NSH,52,72,54.42,25.00,1,3,63.64,7,4,55.88,19,15,59.68,37,25,57.45,27,20,48.00,12,13,42.11,8,11,NSH,52,72,50.28,51.28,40,38,56.76,42,32,59.94,199,133,51.68,491,459,43.14,239,315,40.08,95,142,42.92,94,125,NSH,52,72,54.16,70.27,26,11,70.00,28,12,55.30,73,59,58.19,231,166,44.30,105,132,44.68,42,52,43.02,37,49,NSH,52,72,51.80,60.71,17,11,64.44,29,16,62.64,109,65,49.56,225,229,43.09,131,173,41.88,49,68,42.74,50,67,2018,Regular,From
NYI,52,55,48.96,52.38,11,10,42.31,11,15,46.30,25,29,45.88,39,46,55.00,22,18,63.64,14,8,45.83,11,13,NYI,52,55,46.61,50.00,130,130,44.96,116,142,53.67,285,246,48.66,381,402,36.15,124,219,43.85,82,105,45.81,93,110,NYI,52,55,45.71,44.74,51,63,54.92,67,55,46.19,97,113,45.39,138,166,44.63,54,67,42.50,34,46,48.24,41,44,NYI,52,55,49.96,64.49,89,49,57.86,81,59,53.85,147,126,49.87,198,199,42.37,75,102,42.00,42,58,39.80,39,59,2018,Regular,From
NYR,52,55,48.96,45.45,5,6,56.00,14,11,50.00,26,26,42.70,38,51,53.85,21,18,52.94,9,8,60.00,3,2,NYR,52,55,46.87,49.07,53,55,57.33,129,96,51.30,295,280,46.41,466,538,38.67,157,249,45.88,78,92,49.32,36,37,NYR,52,55,45.28,50.00,29,29,55.00,55,45,51.34,96,91,43.56,159,206,37.95,63,103,47.50,38,42,35.71,10,18,NYR,52,55,44.07,41.82,23,32,58.33,63,45,53.63,133,115,43.64,206,266,36.02,76,135,37.76,37,61,15.79,6,32,2018,Regular,From
OTT,52,45,44.15,60.00,9,6,27.27,6,16,46.51,20,23,45.57,36,43,47.62,20,22,39.13,9,14,33.33,3,6,OTT,52,45,47.27,53.61,89,77,50.26,98,97,52.08,238,219,46.33,448,519,45.78,179,212,39.78,72,109,45.45,35,42,OTT,52,45,47.68,57.58,38,28,60.00,54,36,48.47,95,101,48.60,208,220,43.98,73,93,39.02,32,50,31.43,11,24,OTT,52,45,44.76,64.29,54,30,62.03,98,60,55.88,133,105,42.03,232,320,31.39,70,153,34.09,30,58,29.41,15,36,2018,Regular,From
PHI,52,57,52.67,70.00,7,3,40.91,9,13,45.71,16,19,56.16,41,32,52.50,21,19,64.71,11,6,42.86,6,8,PHI,52,57,49.99,51.47,70,66,57.99,127,92,57.54,187,138,49.64,488,495,45.43,169,203,43.57,105,136,40.19,43,64,PHI,52,57,48.59,66.04,35,18,55.17,48,39,52.80,66,59,48.85,213,223,42.14,67,92,41.49,39,55,36.00,18,32,PHI,52,57,49.60,67.86,57,27,62.73,69,41,56.60,90,69,48.43,246,262,40.00,80,120,43.27,45,59,27.78,15,39,2018,Regular,From
PIT,52,59,45.50,6.67,1,14,52.63,10,9,46.94,23,26,47.22,34,38,45.95,17,20,47.06,8,9,63.64,7,4,PIT,52,59,53.93,56.21,95,74,61.42,121,76,54.49,261,218,56.54,540,415,46.85,171,194,54.40,99,83,45.05,82,100,PIT,52,59,51.66,59.72,43,29,57.14,48,36,54.77,109,90,51.96,199,184,42.54,57,77,54.02,47,40,45.28,24,29,PIT,52,59,49.88,51.11,46,44,61.70,58,36,56.60,133,102,49.57,233,237,46.24,80,93,34.91,37,69,43.37,36,47,2018,Regular,From
S.J,52,64,47.06,57.14,4,3,50.00,12,12,47.50,19,21,46.05,35,41,37.50,15,25,61.11,11,7,50.00,3,3,S.J,52,64,52.01,54.46,61,51,67.63,94,45,54.32,302,254,53.93,453,387,47.67,194,213,39.24,93,144,47.37,54,60,S.J,52,64,53.56,58.33,28,20,54.43,43,36,56.22,131,102,55.86,224,177,50.00,100,100,50.96,53,51,34.88,15,28,S.J,52,64,51.29,59.15,42,29,64.60,73,40,58.93,198,138,49.80,248,250,46.61,117,134,37.75,57,94,36.96,17,29,2018,Regular,From
STL,52,65,54.04,64.29,9,5,25.00,4,12,51.72,15,14,57.97,40,29,56.82,25,19,64.00,16,9,44.44,8,10,STL,52,65,52.32,48.97,71,74,57.40,97,72,53.43,187,163,53.74,481,414,50.44,288,283,44.29,93,117,48.30,71,76,STL,52,65,54.19,67.35,33,16,57.33,43,32,54.04,87,74,56.18,191,149,48.72,114,120,45.45,45,54,61.76,21,13,STL,52,65,48.27,50.79,32,31,46.75,36,41,51.76,103,96,46.89,241,273,45.82,137,162,44.07,52,66,43.33,26,34,2018,Regular,From
T.B,52,75,58.67,75.00,6,2,41.18,7,10,60.53,23,15,53.97,34,29,68.75,33,15,60.00,21,14,57.89,11,8,T.B,52,75,50.28,48.57,51,54,51.72,60,56,59.26,192,132,52.21,508,465,44.29,194,244,38.98,122,191,45.23,109,132,T.B,52,75,55.77,52.63,20,18,66.13,41,21,60.40,90,59,58.10,208,150,55.87,100,79,41.54,54,76,43.16,41,54,T.B,52,75,53.12,61.54,32,20,63.24,43,25,54.12,92,78,51.70,258,241,50.41,122,120,44.83,65,80,41.82,46,64,2018,Regular,From
TOR,52,63,52.74,90.00,9,1,50.00,14,14,43.24,16,21,52.17,36,33,54.76,23,19,53.13,17,15,54.17,13,11,TOR,52,63,48.31,62.16,46,28,61.54,184,115,53.54,189,164,44.20,446,563,43.85,164,210,47.41,128,142,41.87,85,118,TOR,52,63,49.85,51.52,17,16,58.82,80,56,57.74,97,71,50.11,237,236,38.00,57,93,46.88,45,51,40.63,39,57,TOR,52,63,55.05,47.50,19,21,67.15,92,45,63.93,117,66,55.33,296,239,47.06,88,99,46.48,66,76,38.18,42,68,2018,Regular,From
VAN,52,48,45.22,30.77,4,9,36.36,8,14,52.27,23,21,44.87,35,43,45.16,14,17,58.82,10,7,25.00,2,6,VAN,52,48,47.47,53.95,82,70,52.84,149,133,53.94,260,222,46.73,372,424,40.71,138,201,42.11,88,121,45.13,51,62,VAN,52,48,46.55,51.79,29,27,49.18,60,62,52.54,93,84,50.44,173,170,41.54,54,76,36.25,29,51,27.87,17,44,VAN,52,48,48.85,59.09,39,27,63.33,95,55,57.03,146,110,49.16,176,182,41.61,62,87,33.33,36,72,24.59,15,46,2018,Regular,From
VGK,52,74,55.01,50.00,4,4,25.00,3,9,73.17,30,11,55.42,46,37,57.41,31,23,53.33,16,14,33.33,5,10,VGK,52,74,52.55,47.62,30,33,65.00,65,35,56.05,227,178,53.38,560,489,48.26,208,223,47.91,103,112,42.57,86,116,VGK,52,74,53.16,57.69,15,11,64.91,37,20,62.30,119,72,49.77,212,214,49.17,89,92,48.35,44,47,46.32,44,51,VGK,52,74,51.64,51.52,17,16,68.92,51,23,58.08,133,96,53.07,268,237,40.49,100,147,39.01,55,86,40.71,46,67,2018,Regular,From
WPG,52,69,53.12,33.33,5,10,46.15,6,7,50.00,18,18,57.58,38,28,58.54,24,17,55.17,16,13,55.00,11,9,WPG,52,69,51.80,55.03,93,76,61.25,98,62,55.36,160,129,51.21,403,384,46.01,219,257,49.22,157,162,45.87,100,118,WPG,52,69,51.48,66.67,46,23,52.46,32,29,53.97,68,58,46.74,165,188,50.51,99,97,51.43,72,68,46.97,31,35,WPG,52,69,50.46,67.03,61,30,61.90,39,24,57.42,89,66,47.51,210,232,42.79,95,127,41.75,86,120,39.18,38,59,2018,Regular,From
WSH,52,65,53.26,60.00,6,4,61.90,13,8,57.78,26,19,49.40,41,42,57.14,20,15,52.38,11,10,35.71,5,9,WSH,52,65,46.52,61.59,85,53,57.14,84,63,52.91,218,194,43.19,390,513,45.57,180,215,39.63,86,131,29.90,29,68,WSH,52,65,45.91,53.03,35,31,50.00,30,30,49.00,98,102,46.42,214,247,36.63,74,128,49.18,60,62,40.00,16,24,WSH,52,65,53.11,75.00,57,19,56.98,49,37,60.61,140,91,51.67,232,217,47.22,119,133,39.53,51,78,43.24,16,21,2018,Regular,From
ANA,51,59,50.89,53.85,7,6,50.00,8,8,43.75,14,18,53.16,42,37,54.05,20,17,54.17,13,11,40.00,4,6,ANA,51,59,48.16,58.24,53,38,56.21,86,67,53.85,175,150,47.53,413,456,42.77,201,269,39.16,112,174,46.34,76,88,ANA,51,59,48.10,45.83,22,26,59.30,51,35,56.85,83,63,45.41,178,214,44.53,114,142,41.46,51,72,44.07,26,33,ANA,51,59,47.01,70.45,31,13,55.10,54,44,50.00,84,84,45.28,211,255,38.96,90,141,44.12,60,76,35.21,25,46,2018,Regular,From
ARI,51,33,39.86,52.94,9,8,44.83,13,16,38.89,21,33,38.55,32,51,27.27,9,24,33.33,3,6,75.00,3,1,ARI,51,33,47.35,56.35,111,86,50.38,131,129,49.57,228,232,47.96,506,549,41.98,144,199,40.70,35,51,59.62,31,21,ARI,51,33,45.84,52.08,50,46,48.65,54,57,54.41,111,93,44.40,246,308,43.10,75,99,40.54,15,22,39.29,11,17,ARI,51,33,50.39,61.22,60,38,57.04,81,61,51.45,142,134,51.70,274,256,47.37,99,110,41.03,16,23,46.34,19,22,2018,Regular,From
BOS,51,72,57.89,66.67,4,2,55.56,10,8,51.43,18,17,53.42,39,34,61.54,24,15,76.00,19,6,57.89,11,8,BOS,51,72,53.30,61.29,38,24,56.93,115,87,61.01,169,108,51.80,490,456,49.17,237,245,47.06,96,108,51.74,104,97,BOS,51,72,53.23,52.17,12,11,57.33,43,32,62.20,79,48,51.22,189,180,47.60,99,109,50.49,52,51,48.11,51,55,BOS,51,72,55.50,65.71,23,12,62.50,60,36,62.00,93,57,54.91,246,202,48.40,136,145,48.57,51,54,43.24,48,63,2018,Regular,From
BUF,51,37,40.69,48.28,14,15,32.14,9,19,39.13,18,28,38.03,27,44,53.85,14,12,28.57,2,5,20.00,1,4,BUF,51,37,47.56,55.81,120,95,55.41,123,99,51.20,278,265,47.77,449,491,43.67,162,209,38.16,29,47,29.41,15,36,BUF,51,37,45.24,54.74,52,43,43.37,36,47,52.16,121,111,46.08,153,179,42.28,52,71,33.33,10,20,18.18,4,18,BUF,51,37,46.22,53.70,58,50,52.69,49,44,62.03,165,101,44.88,184,226,34.90,52,97,28.57,16,40,24.00,6,19,2018,Regular,From
CAR,51,56,47.03,35.29,6,11,44.44,8,10,47.37,18,20,51.85,42,39,45.83,22,26,37.50,6,10,60.00,3,2,CAR,51,56,53.78,53.85,98,84,62.12,123,75,62.20,232,141,53.97,530,452,48.81,226,237,45.45,85,102,43.00,43,57,CAR,51,56,52.03,55.95,47,37,45.35,39,47,66.04,105,54,53.29,251,220,45.45,90,108,47.89,34,37,32.56,14,29,CAR,51,56,56.44,70.79,63,26,75.29,64,21,61.39,124,78,55.90,303,239,46.72,107,122,48.45,47,50,39.58,19,29,2018,Regular,From
CBJ,51,58,50.72,50.00,7,7,42.11,8,11,47.37,18,20,56.00,42,33,48.78,20,21,50.00,8,8,50.00,4,4,CBJ,51,58,51.56,47.00,47,53,59.18,158,109,59.71,243,164,51.85,562,522,45.56,241,288,42.77,68,91,47.73,42,46,CBJ,51,58,52.81,64.00,32,18,57.65,49,36,60.49,98,64,52.63,220,198,46.11,89,104,41.56,32,45,51.28,20,19,CBJ,51,58,47.18,58.33,28,20,59.68,74,50,49.77,108,109,50.30,252,249,36.36,92,161,32.14,27,57,39.13,18,28,2018,Regular,From
CGY,51,58,51.11,54.55,6,5,46.15,6,7,51.35,19,18,58.67,44,31,36.96,17,29,61.90,13,8,42.86,3,4,CGY,51,58,51.49,64.95,63,34,49.30,70,72,48.95,163,170,51.77,598,557,51.33,232,220,46.54,101,116,48.00,36,39,CGY,51,58,53.12,65.57,40,21,52.54,31,28,54.55,78,65,53.09,292,258,47.73,105,115,51.09,47,45,53.85,21,18,CGY,51,58,54.29,75.47,40,13,63.27,62,36,61.11,110,70,52.95,305,271,48.76,118,124,45.45,40,48,34.04,16,31,2018,Regular,From
CHI,51,55,52.55,54.55,12,10,36.84,7,12,42.42,14,19,51.43,36,34,57.58,19,14,61.90,13,8,66.67,16,8,CHI,51,55,51.30,58.94,122,85,63.68,121,69,51.41,200,189,50.15,504,501,47.63,161,177,46.23,98,114,48.64,107,113,CHI,51,55,51.16,71.43,60,24,57.14,48,36,59.35,73,50,49.22,190,196,48.09,63,68,39.13,27,42,36.46,35,61,CHI,51,55,58.93,73.95,88,31,66.67,80,40,60.00,123,82,58.65,305,215,55.90,109,86,49.00,49,51,46.10,65,76,2018,Regular,From
COL,51,60,51.46,55.00,11,9,45.00,9,11,41.94,13,18,56.16,41,32,50.00,22,22,55.56,10,8,52.63,10,9,COL,51,60,48.22,58.76,57,40,61.38,89,56,53.15,177,156,46.46,407,469,46.82,243,276,32.03,49,104,41.45,63,89,COL,51,60,47.84,44.90,22,27,55.17,32,26,48.95,70,73,46.33,164,190,48.85,85,89,44.59,33,41,43.55,27,35,COL,51,60,49.78,51.56,33,31,68.00,51,24,51.58,98,92,49.90,245,246,49.64,136,138,28.77,21,52,31.71,26,56,2018,Regular,From
DAL,51,60,54.69,62.50,5,3,25.00,4,12,54.55,18,15,53.52,38,33,55.56,25,20,60.00,12,8,75.00,15,5,DAL,51,60,52.01,66.19,92,47,59.87,94,63,54.38,180,151,52.21,473,433,45.39,182,219,39.36,37,57,48.74,116,122,DAL,51,60,52.86,65.22,30,16,60.00,33,22,55.70,83,66,51.14,180,172,50.94,81,78,48.98,24,25,44.26,54,68,DAL,51,60,52.72,53.73,36,31,65.56,59,31,58.59,116,82,51.57,262,246,49.57,115,117,30.19,16,37,44.52,65,81,2018,Regular,From
DET,51,50,45.14,31.25,5,11,33.33,7,14,45.45,20,24,46.27,31,36,45.24,19,23,64.29,9,5,60.00,3,2,DET,51,50,48.12,54.97,83,68,55.74,102,81,50.61,208,203,48.74,482,507,41.82,156,217,47.69,93,102,35.58,37,67,DET,51,50,51.34,62.69,42,25,45.98,40,47,52.44,86,78,54.29,209,176,46.01,75,88,49.38,40,41,41.67,20,28,DET,51,50,45.55,64.37,56,31,58.97,46,32,52.97,107,95,44.21,187,236,36.05,62,110,36.05,31,55,25.53,12,35,2018,Regular,From
EDM,51,50,50.60,35.71,5,9,56.52,13,10,46.94,23,26,47.14,33,37,54.29,19,16,64.71,11,6,55.56,10,8,EDM,51,50,51.79,58.75,151,106,54.36,162,136,54.98,265,217,50.48,478,469,52.92,145,129,54.55,66,55,46.00,69,81,EDM,51,50,54.04,57.84,59,43,52.10,62,57,57.87,114,83,56.02,214,168,44.25,50,63,58.82,30,21,55.88,38,30,EDM,51,50,49.33,67.74,84,40,57.43,85,63,52.26,139,127,51.66,264,247,44.81,69,85,22.89,19,64,35.53,27,49,2018,Regular,From
FLA,51,52,46.59,30.77,4,9,52.00,13,12,54.17,26,22,48.10,38,41,36.59,15,26,56.25,9,7,30.77,4,9,FLA,51,52,50.11,48.84,63,66,57.36,113,84,59.87,358,240,50.74,517,502,41.91,189,262,38.82,59,93,35.71,25,45,FLA,51,52,50.80,65.79,25,13,59.76,49,33,55.42,133,107,50.80,190,184,44.10,86,109,41.79,28,39,45.00,9,11,FLA,51,52,47.31,64.52,40,22,55.26,42,34,55.96,155,122,45.79,201,238,37.00,74,126,41.18,28,40,40.00,10,15,2018,Regular,From
L.A,51,59,53.28,72.73,8,3,50.00,10,10,54.76,23,19,43.75,35,45,57.58,19,14,66.67,10,5,83.33,5,1,L.A,51,59,49.14,46.98,70,79,53.06,104,92,53.50,252,219,51.95,453,419,44.09,168,213,39.35,61,94,43.43,43,56,L.A,51,59,48.50,64.41,38,21,51.72,45,42,52.71,136,122,51.06,216,207,39.01,55,86,37.50,24,40,34.69,17,32,L.A,51,59,52.71,58.23,46,33,49.49,49,50,62.87,149,88,54.20,258,218,50.98,104,100,28.77,21,52,39.29,22,34,2018,Regular,From
MIN,51,61,51.65,50.00,5,5,53.33,8,7,43.24,16,21,52.11,37,34,54.76,23,19,73.68,14,5,40.00,8,12,MIN,51,61,49.03,40.45,36,53,61.59,101,63,55.44,209,168,46.40,432,499,47.28,217,242,40.22,74,110,52.21,71,65,MIN,51,61,44.40,43.48,10,13,60.00,36,24,55.97,89,70,39.78,146,221,38.46,65,104,39.29,33,51,40.91,27,39,MIN,51,61,45.34,51.22,21,20,58.73,37,26,50.78,98,95,44.76,192,237,37.55,92,153,34.29,36,69,40.28,29,43,2018,Regular,From
MTL,51,46,43.41,31.25,5,11,28.57,6,15,42.86,15,20,41.89,31,43,50.00,18,18,50.00,9,9,66.67,8,4,MTL,51,46,51.32,59.12,107,74,58.12,136,98,52.35,267,243,51.76,529,493,47.91,126,137,47.22,102,114,45.83,33,39,MTL,51,46,48.98,56.94,41,31,57.89,55,40,46.71,78,89,49.74,190,192,50.39,64,63,46.43,39,45,25.71,9,26,MTL,51,46,50.22,56.63,47,36,61.21,101,64,55.84,153,121,52.58,295,266,35.36,64,117,50.00,58,58,22.64,12,41,2018,Regular,From
N.J,51,62,49.81,62.50,5,3,40.91,9,13,44.74,17,21,55.29,47,38,45.65,21,25,50.00,9,9,50.00,3,3,N.J,51,62,49.93,53.61,52,45,51.94,107,99,53.21,224,197,50.87,440,425,47.86,224,244,39.89,71,107,47.01,63,71,N.J,51,62,48.25,60.00,24,16,53.09,43,38,51.18,87,83,45.79,163,193,48.29,99,106,39.29,33,51,46.94,23,26,N.J,51,62,46.20,74.00,37,13,44.76,47,58,54.64,106,88,46.64,201,230,40.18,88,131,34.74,33,62,25.45,14,41,2018,Regular,From
NSH,51,71,54.21,25.00,1,3,60.00,6,4,54.55,18,15,60.66,37,24,57.45,27,20,48.00,12,13,42.11,8,11,NSH,51,71,50.10,51.28,40,38,54.93,39,32,60.58,189,123,51.32,468,444,43.14,239,315,40.08,95,142,42.92,94,125,NSH,51,71,54.00,70.27,26,11,70.00,28,12,54.47,67,56,57.94,219,159,44.30,105,132,44.68,42,52,43.02,37,49,NSH,51,71,51.81,60.71,17,11,63.64,28,16,62.72,106,63,49.66,217,220,43.09,131,173,41.88,49,68,42.74,50,67,2018,Regular,From
NYI,51,55,49.85,57.89,11,8,44.00,11,14,47.17,25,28,46.43,39,45,55.00,22,18,63.64,14,8,45.83,11,13,NYI,51,55,46.97,50.23,111,110,47.08,113,127,53.80,283,243,48.78,380,399,36.15,124,219,43.85,82,105,45.81,93,110,NYI,51,55,45.95,44.00,44,56,56.76,63,48,45.89,95,112,45.36,137,165,44.63,54,67,42.50,34,46,48.24,41,44,NYI,51,55,49.93,64.84,83,45,58.40,73,52,53.38,142,124,49.75,197,199,42.37,75,102,42.00,42,58,39.80,39,59,2018,Regular,From
NYR,51,55,49.79,45.45,5,6,56.00,14,11,53.06,26,23,43.18,38,50,53.85,21,18,52.94,9,8,60.00,3,2,NYR,51,55,46.88,49.07,53,55,56.07,120,94,51.59,292,274,46.57,462,530,38.67,157,249,45.88,78,92,49.32,36,37,NYR,51,55,45.72,50.00,29,29,55.67,54,43,51.63,95,89,44.29,159,200,37.95,63,103,47.50,38,42,35.71,10,18,NYR,51,55,43.95,41.82,23,32,55.45,56,45,54.58,131,109,43.59,204,264,36.02,76,135,37.76,37,61,15.79,6,32,2018,Regular,From
OTT,51,43,43.86,60.00,9,6,27.27,6,16,46.51,20,23,46.15,36,42,46.34,19,22,33.33,7,14,37.50,3,5,OTT,51,43,47.11,53.61,89,77,50.26,98,97,52.25,232,212,46.31,446,517,45.48,176,211,37.50,60,100,45.95,34,40,OTT,51,43,47.35,57.58,38,28,60.00,54,36,48.15,91,98,48.60,208,220,43.21,70,92,38.10,24,39,21.43,6,22,OTT,51,43,44.69,64.29,54,30,62.03,98,60,56.52,130,100,42.00,231,319,31.36,69,151,32.05,25,53,28.26,13,33,2018,Regular,From
PHI,51,56,52.67,70.00,7,3,35.00,7,13,46.88,15,17,56.94,41,31,52.50,21,19,64.71,11,6,42.86,6,8,PHI,51,56,49.96,51.47,70,66,57.14,108,81,57.88,180,131,49.69,483,489,45.43,169,203,43.57,105,136,40.19,43,64,PHI,51,56,48.11,66.04,35,18,52.05,38,35,51.67,62,58,48.50,210,223,42.14,67,92,41.49,39,55,36.00,18,32,PHI,51,56,49.25,67.86,57,27,61.70,58,36,55.84,86,68,48.11,242,261,40.00,80,120,43.27,45,59,27.78,15,39,2018,Regular,From
PIT,51,57,44.26,6.67,1,14,52.63,10,9,45.83,22,26,45.71,32,38,44.44,16,20,43.75,7,9,63.64,7,4,PIT,51,57,54.11,56.21,95,74,61.42,121,76,54.51,260,217,57.07,529,398,46.51,160,184,55.00,99,81,45.05,82,100,PIT,51,57,51.41,59.72,43,29,57.14,48,36,54.77,109,90,51.74,193,180,40.77,53,77,54.12,46,39,45.28,24,29,PIT,51,57,49.89,51.11,46,44,61.70,58,36,56.60,133,102,49.78,230,232,46.25,74,86,34.31,35,67,43.37,36,47,2018,Regular,From
S.J,51,62,46.55,57.14,4,3,50.00,12,12,47.50,19,21,44.59,33,41,36.84,14,24,61.11,11,7,50.00,3,3,S.J,51,62,52.02,54.46,61,51,67.63,94,45,54.32,302,254,53.83,450,386,47.34,187,208,39.51,81,124,47.37,54,60,S.J,51,62,53.52,58.33,28,20,54.43,43,36,56.22,131,102,55.92,222,175,49.74,97,98,50.55,46,45,34.88,15,28,S.J,51,62,51.23,59.15,42,29,64.60,73,40,58.93,198,138,50.00,245,245,46.15,114,133,37.04,50,85,36.96,17,29,2018,Regular,From
STL,51,63,53.83,64.29,9,5,25.00,4,12,51.72,15,14,57.35,39,29,56.82,25,19,64.00,16,9,44.44,8,10,STL,51,63,52.47,48.97,71,74,57.40,97,72,53.43,187,163,54.00,473,403,50.36,277,273,45.50,91,109,48.30,71,76,STL,51,63,54.16,67.35,33,16,57.33,43,32,54.04,87,74,56.42,189,146,48.03,110,119,45.16,42,51,61.76,21,13,STL,51,63,47.94,50.79,32,31,46.75,36,41,51.76,103,96,46.89,234,265,45.45,130,156,42.20,46,63,43.33,26,34,2018,Regular,From
T.B,51,73,58.73,75.00,6,2,41.18,7,10,60.53,23,15,53.23,33,29,68.09,32,15,60.61,20,13,61.11,11,7,T.B,51,73,50.32,48.57,51,54,51.72,60,56,59.26,192,132,52.21,508,465,44.32,191,240,38.06,110,179,46.26,105,122,T.B,51,73,56.11,52.63,20,18,66.13,41,21,60.40,90,59,58.10,208,150,55.87,100,79,42.02,50,69,44.09,41,52,T.B,51,73,53.22,61.54,32,20,63.24,43,25,54.12,92,78,51.61,257,241,50.62,122,119,45.80,60,71,42.45,45,61,2018,Regular,From
TOR,51,61,51.81,90.00,9,1,50.00,14,14,43.24,16,21,51.47,35,33,53.66,22,19,51.61,16,15,50.00,11,11,TOR,51,61,47.80,62.16,46,28,61.54,184,115,53.54,189,164,44.08,443,562,43.63,161,208,44.84,113,139,39.63,65,99,TOR,51,61,49.65,51.52,17,16,58.82,80,56,57.74,97,71,50.11,236,235,38.10,56,91,44.71,38,47,39.02,32,50,TOR,51,61,55.18,47.50,19,21,67.15,92,45,63.93,117,66,55.43,296,238,47.78,86,94,46.46,59,68,38.00,38,62,2018,Regular,From
VAN,51,48,45.29,25.00,3,9,35.00,7,13,53.49,23,20,45.45,35,42,45.16,14,17,58.82,10,7,25.00,2,6,VAN,51,48,47.38,52.17,72,66,53.10,137,121,53.89,256,219,46.73,372,424,40.71,138,201,42.11,88,121,45.13,51,62,VAN,51,48,46.39,50.00,27,27,47.75,53,58,52.54,93,84,50.44,173,170,41.54,54,76,36.25,29,51,27.87,17,44,VAN,51,48,48.75,58.06,36,26,63.24,86,50,56.86,145,110,49.30,176,181,41.61,62,87,33.33,36,72,24.59,15,46,2018,Regular,From
VGK,51,72,55.15,50.00,4,4,25.00,3,9,71.79,28,11,56.96,45,34,57.41,31,23,53.33,16,14,33.33,5,10,VGK,51,72,52.42,47.62,30,33,65.00,65,35,55.27,215,174,53.39,551,481,48.24,206,221,47.91,103,112,42.57,86,116,VGK,51,72,52.84,57.69,15,11,64.91,37,20,60.87,112,72,49.64,205,208,48.59,86,91,48.35,44,47,46.32,44,51,VGK,51,72,51.47,51.52,17,16,68.92,51,23,56.82,125,95,52.95,260,231,40.98,100,144,39.01,55,86,40.71,46,67,2018,Regular,From
WPG,51,68,52.94,33.33,5,10,46.15,6,7,48.57,17,18,57.81,37,27,58.54,24,17,55.17,16,13,55.00,11,9,WPG,51,68,51.90,55.03,93,76,61.25,98,62,56.07,157,123,51.18,390,372,46.00,213,250,49.22,157,162,45.87,100,118,WPG,51,68,51.64,66.67,46,23,52.46,32,29,53.33,64,56,46.31,157,182,51.85,98,91,51.43,72,68,46.97,31,35,WPG,51,68,50.48,67.03,61,30,61.90,39,24,57.53,84,62,47.33,204,227,43.06,93,123,41.75,86,120,39.18,38,59,2018,Regular,From
WSH,51,65,53.37,60.00,6,4,61.90,13,8,57.78,26,19,48.10,38,41,60.61,20,13,52.38,11,10,35.71,5,9,WSH,51,65,46.64,61.59,85,53,57.14,84,63,52.94,216,192,43.12,382,504,46.44,176,203,39.63,86,131,29.90,29,68,WSH,51,65,46.31,53.03,35,31,50.00,30,30,49.49,97,99,46.43,208,240,37.95,74,121,49.18,60,62,40.00,16,24,WSH,51,65,53.38,75.00,57,19,56.98,49,37,60.09,137,91,51.95,226,209,48.56,118,125,39.53,51,78,43.24,16,21,2018,Regular,From
ANA,50,57,50.63,53.85,7,6,50.00,8,8,43.75,14,18,52.56,41,37,52.78,19,17,56.52,13,10,40.00,4,6,ANA,50,57,48.12,58.24,53,38,56.21,86,67,53.85,175,150,47.34,409,455,42.67,198,266,39.37,100,154,46.34,76,88,ANA,50,57,48.17,45.83,22,26,59.30,51,35,56.85,83,63,45.52,178,213,44.53,114,142,41.28,45,64,44.07,26,33,ANA,50,57,47.11,70.45,31,13,55.10,54,44,50.00,84,84,45.36,210,253,39.13,90,140,45.83,55,65,35.21,25,46,2018,Regular,From
ARI,50,33,39.99,52.94,9,8,46.43,13,15,39.62,21,32,37.80,31,51,28.13,9,23,33.33,3,6,75.00,3,1,ARI,50,33,47.49,56.35,111,86,49.60,124,126,50.33,227,224,47.91,505,549,42.69,143,192,40.70,35,51,59.62,31,21,ARI,50,33,45.30,52.08,50,46,46.67,49,56,54.23,109,92,44.20,244,308,41.46,68,96,40.54,15,22,39.29,11,17,ARI,50,33,50.00,60.82,59,38,54.81,74,61,52.06,139,128,51.70,274,256,45.77,92,109,41.03,16,23,46.34,19,22,2018,Regular,From
BOS,50,70,57.53,66.67,4,2,55.56,10,8,50.00,17,17,52.78,38,34,60.53,23,15,79.17,19,5,57.89,11,8,BOS,50,70,53.29,61.29,38,24,56.93,115,87,60.37,163,107,51.51,477,449,49.68,235,238,47.94,93,101,51.74,104,97,BOS,50,70,53.34,52.17,12,11,57.33,43,32,62.60,77,46,50.97,184,177,47.80,98,107,51.49,52,49,48.11,51,55,BOS,50,70,55.43,65.71,23,12,62.50,60,36,61.22,90,57,54.79,240,198,48.54,133,141,49.49,49,50,43.24,48,63,2018,Regular,From
BUF,50,37,40.93,48.28,14,15,32.14,9,19,40.91,18,26,38.03,27,44,53.85,14,12,28.57,2,5,20.00,1,4,BUF,50,37,47.51,55.81,120,95,55.45,122,98,50.78,261,253,47.74,444,486,44.14,162,205,38.16,29,47,29.41,15,36,BUF,50,37,44.53,54.74,52,43,43.37,36,47,49.06,104,108,46.20,152,177,42.62,52,70,33.33,10,20,18.18,4,18,BUF,50,37,45.76,53.70,58,50,52.69,49,44,60.47,153,100,44.99,184,225,34.93,51,95,28.57,16,40,24.00,6,19,2018,Regular,From
CAR,50,54,46.50,35.29,6,11,44.44,8,10,47.37,18,20,51.25,41,39,44.68,21,26,37.50,6,10,60.00,3,2,CAR,50,54,53.78,53.85,98,84,62.12,123,75,62.20,232,141,53.93,521,445,49.08,213,221,45.16,84,102,43.00,43,57,CAR,50,54,51.95,55.95,47,37,45.35,39,47,66.04,105,54,53.25,246,216,45.20,80,97,47.14,33,37,32.56,14,29,CAR,50,54,56.43,70.79,63,26,75.29,64,21,61.39,124,78,55.58,294,235,47.25,103,115,48.96,47,49,39.58,19,29,2018,Regular,From
CBJ,50,58,50.66,50.00,7,7,42.11,8,11,47.22,17,19,56.00,42,33,48.78,20,21,50.00,8,8,50.00,4,4,CBJ,50,58,51.67,47.00,47,53,59.29,150,103,60.89,232,149,51.77,556,518,45.56,241,288,42.77,68,91,47.73,42,46,CBJ,50,58,52.99,64.00,32,18,59.26,48,33,60.27,88,58,52.90,219,195,46.11,89,104,41.56,32,45,51.28,20,19,CBJ,50,58,47.09,58.33,28,20,58.47,69,49,49.74,96,97,50.30,251,248,36.36,92,161,32.14,27,57,39.13,18,28,2018,Regular,From
CGY,50,58,51.87,54.55,6,5,50.00,6,6,51.43,18,17,58.90,43,30,37.21,16,27,65.00,13,7,42.86,3,4,CGY,50,58,51.21,63.22,55,32,48.55,67,71,48.80,162,170,51.50,582,548,51.50,223,210,46.54,101,116,48.00,36,39,CGY,50,58,53.10,64.41,38,21,53.45,31,27,54.55,78,65,52.90,283,252,48.08,100,108,51.09,47,45,53.85,21,18,CGY,50,58,54.26,76.00,38,12,63.54,61,35,61.11,110,70,52.83,299,267,48.92,113,118,45.45,40,48,34.04,16,31,2018,Regular,From
CHI,50,55,52.94,54.55,12,10,33.33,6,12,45.16,14,17,51.47,35,33,59.38,19,13,61.90,13,8,66.67,16,8,CHI,50,55,51.24,58.94,122,85,63.39,116,67,51.59,195,183,50.15,499,496,47.31,158,176,46.23,98,114,48.64,107,113,CHI,50,55,51.21,71.43,60,24,56.96,45,34,59.84,73,49,49.47,186,190,47.29,61,68,39.13,27,42,36.46,35,61,CHI,50,55,58.85,73.95,88,31,66.09,76,39,58.97,115,80,58.71,300,211,56.48,109,84,49.00,49,51,46.10,65,76,2018,Regular,From
COL,50,60,51.81,55.00,11,9,47.37,9,10,43.33,13,17,56.16,41,32,50.00,22,22,55.56,10,8,52.63,10,9,COL,50,60,48.34,58.76,57,40,61.94,83,51,54.24,160,135,46.46,407,469,46.82,243,276,32.03,49,104,41.45,63,89,COL,50,60,48.19,44.90,22,27,55.56,30,24,50.78,65,63,46.33,164,190,48.85,85,89,44.59,33,41,43.55,27,35,COL,50,60,49.96,51.56,33,31,71.21,47,19,51.67,93,87,50.00,245,245,49.64,136,138,28.77,21,52,31.71,26,56,2018,Regular,From
DAL,50,60,55.13,62.50,5,3,26.67,4,11,54.55,18,15,54.29,38,32,55.56,25,20,60.00,12,8,75.00,15,5,DAL,50,60,52.37,70.25,85,36,61.11,88,56,55.45,173,139,52.21,472,432,45.39,182,219,39.36,37,57,48.74,116,122,DAL,50,60,52.96,65.79,25,13,59.62,31,21,56.55,82,63,51.14,180,172,50.94,81,78,48.98,24,25,44.26,54,68,DAL,50,60,53.61,56.60,30,23,67.44,58,28,61.45,110,69,51.89,261,242,49.57,115,117,30.19,16,37,44.52,65,81,2018,Regular,From
DET,50,50,45.19,31.25,5,11,33.33,7,14,42.86,18,24,48.44,31,33,45.24,19,23,64.29,9,5,60.00,3,2,DET,50,50,48.18,54.97,83,68,55.74,102,81,50.26,194,192,49.02,473,492,41.82,156,217,47.69,93,102,35.58,37,67,DET,50,50,51.92,62.69,42,25,45.98,40,47,54.00,81,69,55.08,206,168,46.01,75,88,49.38,40,41,41.67,20,28,DET,50,50,45.82,64.37,56,31,58.97,46,32,53.68,102,88,44.71,186,230,36.05,62,110,36.05,31,55,25.53,12,35,2018,Regular,From
EDM,50,48,49.89,35.71,5,9,56.52,13,10,46.94,23,26,47.14,33,37,54.55,18,15,60.00,9,6,52.94,9,8,EDM,50,48,51.73,58.75,151,106,54.36,162,136,54.98,265,217,50.64,473,461,52.26,139,127,50.93,55,53,50.00,65,65,EDM,50,48,53.83,57.84,59,43,52.10,62,57,57.87,114,83,55.70,210,167,43.64,48,62,60.00,27,18,56.25,36,28,EDM,50,48,49.51,67.74,84,40,57.43,85,63,52.26,139,127,51.97,264,244,45.52,66,79,23.08,18,60,35.21,25,46,2018,Regular,From
FLA,50,50,46.05,30.77,4,9,52.00,13,12,54.17,26,22,47.44,37,41,35.00,14,26,56.25,9,7,30.77,4,9,FLA,50,50,49.89,48.84,63,66,57.36,113,84,59.87,358,240,50.60,504,492,40.75,174,253,39.07,59,92,35.71,25,45,FLA,50,50,50.67,65.79,25,13,59.76,49,33,55.42,133,107,51.09,187,179,42.70,79,106,41.79,28,39,45.00,9,11,FLA,50,50,47.06,64.52,40,22,55.26,42,34,55.96,155,122,45.09,193,235,36.96,68,116,41.18,28,40,40.00,10,15,2018,Regular,From
L.A,50,59,53.97,88.89,8,1,52.63,10,9,54.76,23,19,43.75,35,45,57.58,19,14,66.67,10,5,83.33,5,1,L.A,50,59,49.37,49.58,59,60,53.33,104,91,53.63,251,217,51.92,447,414,44.09,168,213,39.35,61,94,43.43,43,56,L.A,50,59,48.64,67.35,33,16,51.72,45,42,52.92,136,121,51.18,216,206,39.01,55,86,37.50,24,40,34.69,17,32,L.A,50,59,52.69,56.90,33,25,50.00,49,49,63.14,149,87,53.91,255,218,50.98,104,100,28.77,21,52,39.29,22,34,2018,Regular,From
MIN,50,59,50.96,50.00,5,5,53.33,8,7,43.24,16,21,52.11,37,34,53.66,22,19,70.59,12,5,40.00,8,12,MIN,50,59,48.72,40.45,36,53,61.59,101,63,55.44,209,168,46.09,424,496,47.25,215,240,39.39,65,100,50.39,64,63,MIN,50,59,44.18,43.48,10,13,60.00,36,24,55.97,89,70,39.45,144,221,38.46,65,104,36.99,27,46,43.10,25,33,MIN,50,59,45.00,51.22,21,20,58.73,37,26,50.78,98,95,44.63,191,237,37.60,91,151,31.91,30,64,40.32,25,37,2018,Regular,From
MTL,50,46,43.74,31.25,5,11,28.57,6,15,44.12,15,19,42.47,31,42,50.00,18,18,50.00,9,9,66.67,8,4,MTL,50,46,51.39,59.12,107,74,58.37,136,97,52.18,251,230,51.89,522,484,47.91,126,137,47.22,102,114,45.83,33,39,MTL,50,46,49.12,56.94,41,31,58.51,55,39,45.89,67,79,49.87,186,187,50.39,64,63,46.43,39,45,25.71,9,26,MTL,50,46,50.27,56.63,47,36,60.98,100,64,55.51,146,117,53.10,291,257,35.36,64,117,50.00,58,58,22.64,12,41,2018,Regular,From
N.J,50,60,49.35,62.50,5,3,40.91,9,13,44.74,17,21,54.76,46,38,43.18,19,25,52.94,9,8,50.00,3,3,N.J,50,60,49.56,53.61,52,45,51.94,107,99,53.21,224,197,50.70,432,420,47.53,221,244,36.13,56,99,47.01,63,71,N.J,50,60,47.78,60.00,24,16,53.09,43,38,51.18,87,83,45.45,160,192,47.52,96,106,35.38,23,42,46.94,23,26,N.J,50,60,45.91,74.00,37,13,44.76,47,58,54.64,106,88,46.24,197,229,39.63,86,131,34.67,26,49,25.45,14,41,2018,Regular,From
NSH,50,69,53.80,25.00,1,3,55.56,5,4,53.33,16,14,60.34,35,23,58.70,27,19,48.00,12,13,42.11,8,11,NSH,50,69,49.93,51.28,40,38,51.67,31,29,60.92,173,111,51.17,460,439,43.14,239,315,40.08,95,142,42.92,94,125,NSH,50,69,54.04,70.27,26,11,67.57,25,12,54.78,63,52,58.13,218,157,44.30,105,132,44.68,42,52,43.02,37,49,NSH,50,69,51.94,60.71,17,11,64.29,27,15,64.15,102,57,49.53,213,217,43.09,131,173,41.88,49,68,42.74,50,67,2018,Regular,From
NYI,50,55,50.27,55.56,10,8,47.83,11,12,48.08,25,27,46.99,39,44,55.00,22,18,63.64,14,8,45.83,11,13,NYI,50,55,47.04,50.23,111,110,45.79,98,116,54.22,270,228,49.09,377,391,36.15,124,219,43.85,82,105,45.81,93,110,NYI,50,55,46.17,44.44,44,55,56.73,59,45,46.46,92,106,45.51,137,164,44.63,54,67,42.50,34,46,48.24,41,44,NYI,50,55,49.82,65.35,83,44,58.12,68,49,53.94,137,117,48.97,191,199,42.37,75,102,42.00,42,58,39.80,39,59,2018,Regular,From
NYR,50,55,50.56,50.00,5,5,58.33,14,10,54.17,26,22,43.68,38,49,53.85,21,18,52.94,9,8,60.00,3,2,NYR,50,55,46.98,49.30,35,36,56.40,119,92,51.51,290,273,46.76,462,526,38.67,157,249,45.88,78,92,49.32,36,37,NYR,50,55,45.67,51.22,21,20,55.67,54,43,51.63,95,89,43.82,156,200,37.95,63,103,47.50,38,42,35.71,10,18,NYR,50,55,44.60,50.00,20,20,56.57,56,43,55.27,131,106,43.66,203,262,36.02,76,135,37.76,37,61,15.79,6,32,2018,Regular,From
OTT,50,43,43.90,60.00,9,6,28.57,6,15,47.62,20,22,45.45,35,42,46.34,19,22,33.33,7,14,37.50,3,5,OTT,50,43,47.23,53.33,88,77,50.56,90,88,52.64,229,206,46.14,436,509,46.17,175,204,37.50,60,100,45.95,34,40,OTT,50,43,47.46,56.92,37,28,58.33,49,35,49.19,91,94,48.71,207,218,43.75,70,90,38.10,24,39,21.43,6,22,OTT,50,43,44.61,64.29,54,30,62.07,90,55,56.64,128,98,42.08,223,307,31.05,68,151,32.05,25,53,28.26,13,33,2018,Regular,From
PHI,50,56,52.91,70.00,7,3,35.00,7,13,46.88,15,17,57.14,40,30,53.85,21,18,64.71,11,6,42.86,6,8,PHI,50,56,49.91,51.47,70,66,57.14,108,81,57.74,179,131,49.58,473,481,45.53,163,195,43.57,105,136,40.19,43,64,PHI,50,56,47.82,66.04,35,18,52.05,38,35,50.85,60,58,48.58,206,218,40.54,60,88,41.49,39,55,36.00,18,32,PHI,50,56,49.16,67.86,57,27,61.70,58,36,55.63,84,67,48.07,237,256,39.80,78,118,43.27,45,59,27.78,15,39,2018,Regular,From
PIT,50,55,43.58,6.67,1,14,52.63,10,9,45.83,22,26,44.93,31,38,44.44,16,20,40.00,6,9,71.43,5,2,PIT,50,55,53.75,56.21,95,74,61.42,121,76,54.51,260,217,56.83,524,398,46.63,159,182,53.66,88,76,42.68,67,90,PIT,50,55,51.09,59.72,43,29,57.14,48,36,54.77,109,90,51.74,193,180,40.77,53,77,53.25,41,36,41.67,20,28,PIT,50,55,49.68,51.11,46,44,61.70,58,36,56.60,133,102,49.57,228,232,46.25,74,86,34.02,33,64,43.48,30,39,2018,Regular,From
S.J,50,60,46.47,57.14,4,3,50.00,12,12,47.50,19,21,44.59,33,41,36.11,13,23,61.11,11,7,50.00,3,3,S.J,50,60,51.95,54.46,61,51,67.63,94,45,54.32,302,254,54.00,446,380,46.61,172,197,39.27,75,116,47.37,54,60,S.J,50,60,53.50,58.33,28,20,54.43,43,36,56.22,131,102,55.73,219,174,50.84,91,88,49.43,43,44,34.88,15,28,S.J,50,60,51.19,59.15,42,29,64.60,73,40,58.93,198,138,50.00,244,244,45.74,102,121,37.98,49,80,36.96,17,29,2018,Regular,From
STL,50,61,53.83,64.29,9,5,25.00,4,12,51.72,15,14,57.35,39,29,55.81,24,19,66.67,16,8,44.44,8,10,STL,50,61,52.61,48.97,71,74,57.40,97,72,53.43,187,163,53.59,463,401,51.97,264,244,45.64,89,106,48.30,71,76,STL,50,61,54.19,67.35,33,16,57.33,43,32,54.04,87,74,56.33,187,145,47.71,104,114,46.15,42,49,61.76,21,13,STL,50,61,47.57,50.79,32,31,46.75,36,41,51.76,103,96,46.76,231,263,44.36,118,148,42.45,45,61,43.33,26,34,2018,Regular,From
T.B,50,71,58.33,75.00,6,2,37.50,6,10,60.00,21,14,53.33,32,28,68.89,31,14,59.38,19,13,61.11,11,7,T.B,50,71,50.64,48.57,51,54,51.72,60,56,59.67,182,123,52.64,499,449,44.42,191,239,38.25,109,176,47.47,103,114,T.B,50,71,56.45,52.63,20,18,66.13,41,21,60.58,83,54,58.89,202,141,55.87,100,79,41.53,49,69,45.05,41,50,T.B,50,71,53.35,61.54,32,20,63.24,43,25,54.09,86,73,51.84,253,235,50.62,122,119,45.74,59,70,42.72,44,59,2018,Regular,From
TOR,50,59,51.36,90.00,9,1,50.00,14,14,43.24,16,21,50.75,34,33,52.50,21,19,50.00,15,15,52.38,11,10,TOR,50,59,47.96,62.16,46,28,61.54,184,115,53.54,189,164,43.95,436,556,43.84,160,205,44.87,105,129,42.47,62,84,TOR,50,59,49.90,51.52,17,16,58.82,80,56,57.74,97,71,50.22,229,227,38.10,56,91,45.24,38,46,41.43,29,41,TOR,50,59,55.04,47.50,19,21,67.15,92,45,63.93,117,66,55.34,290,234,48.04,86,93,46.67,56,64,35.96,32,57,2018,Regular,From
VAN,50,46,44.60,25.00,3,9,35.00,7,13,52.38,22,20,45.33,34,41,41.38,12,17,62.50,10,6,25.00,2,6,VAN,50,46,47.38,52.17,72,66,53.10,137,121,54.14,255,216,46.69,367,419,40.24,132,196,42.57,86,116,45.13,51,62,VAN,50,46,46.29,50.00,27,27,47.75,53,58,53.14,93,82,50.15,167,166,41.09,53,76,36.00,27,48,27.87,17,44,VAN,50,46,48.92,58.06,36,26,63.24,86,50,56.52,143,110,49.43,172,176,43.17,60,79,33.98,35,68,24.59,15,46,2018,Regular,From
VGK,50,72,55.76,50.00,4,4,30.00,3,7,73.68,28,10,56.96,45,34,57.41,31,23,53.33,16,14,33.33,5,10,VGK,50,72,52.72,51.85,28,26,67.90,55,26,55.32,213,172,53.67,548,473,48.24,206,221,47.91,103,112,42.57,86,116,VGK,50,72,52.97,50.00,9,9,69.57,32,14,60.87,112,72,49.88,205,206,48.59,86,91,48.35,44,47,46.32,44,51,VGK,50,72,51.62,47.83,11,12,73.02,46,17,56.68,123,94,53.06,260,230,40.98,100,144,39.01,55,86,40.71,46,67,2018,Regular,From
WPG,50,66,52.68,33.33,5,10,46.15,6,7,48.57,17,18,58.06,36,26,57.50,23,17,55.17,16,13,55.00,11,9,WPG,50,66,51.67,55.03,93,76,61.25,98,62,55.76,155,123,50.88,377,364,45.50,202,242,49.21,156,161,45.87,100,118,WPG,50,66,51.77,66.67,46,23,52.46,32,29,53.39,63,55,46.41,155,179,51.65,94,88,52.17,72,66,46.97,31,35,WPG,50,66,50.43,67.03,61,30,61.90,39,24,57.93,84,61,47.10,195,219,42.86,90,120,41.87,85,118,39.18,38,59,2018,Regular,From
WSH,50,65,53.35,60.00,6,4,57.89,11,8,58.54,24,17,49.35,38,39,60.61,20,13,52.38,11,10,35.71,5,9,WSH,50,65,46.74,61.65,82,51,57.34,82,61,53.54,204,177,43.18,377,496,46.44,176,203,39.63,86,131,29.90,29,68,WSH,50,65,46.55,52.31,34,31,48.28,28,30,50.81,94,91,46.73,207,236,37.95,74,121,49.18,60,62,40.00,16,24,WSH,50,65,53.28,74.32,55,19,55.95,47,37,60.37,131,86,51.98,223,206,48.56,118,125,39.53,51,78,43.24,16,21,2018,Regular,From
ANA,49,55,50.71,53.85,7,6,50.00,8,8,41.94,13,18,52.00,39,36,55.88,19,15,56.52,13,10,40.00,4,6,ANA,49,55,47.79,58.24,53,38,56.21,86,67,54.01,175,149,46.17,380,443,42.86,198,264,39.37,100,154,46.34,76,88,ANA,49,55,48.02,45.83,22,26,59.30,51,35,56.94,82,62,44.69,160,198,44.71,114,141,41.28,45,64,44.07,26,33,ANA,49,55,46.83,70.45,31,13,55.10,54,44,50.30,84,83,44.22,195,246,39.13,90,140,45.83,55,65,35.21,25,46,2018,Regular,From
ARI,49,33,40.31,52.94,9,8,46.43,13,15,39.62,21,32,38.27,31,50,28.13,9,23,33.33,3,6,75.00,3,1,ARI,49,33,47.21,56.35,111,86,49.60,124,126,50.00,222,222,47.41,475,527,42.69,143,192,40.70,35,51,59.62,31,21,ARI,49,33,45.28,52.08,50,46,46.67,49,56,54.04,107,91,44.13,237,300,41.46,68,96,40.54,15,22,39.29,11,17,ARI,49,33,49.65,60.82,59,38,54.81,74,61,51.53,135,127,51.00,255,245,45.77,92,109,41.03,16,23,46.34,19,22,2018,Regular,From
BOS,49,68,57.20,66.67,4,2,55.56,10,8,50.00,17,17,52.11,37,34,60.53,23,15,78.26,18,5,57.89,11,8,BOS,49,68,53.20,61.29,38,24,56.93,115,87,60.37,163,107,51.10,463,443,49.89,234,235,47.80,87,95,52.00,104,96,BOS,49,68,53.26,52.17,12,11,57.33,43,32,62.60,77,46,50.43,176,173,47.76,96,105,52.13,49,45,48.57,51,54,BOS,49,68,55.20,65.71,23,12,62.50,60,36,61.22,90,57,54.55,234,195,48.16,131,141,47.83,44,48,43.24,48,63,2018,Regular,From
BUF,49,37,41.66,48.28,14,15,32.14,9,19,42.86,18,24,38.57,27,43,53.85,14,12,28.57,2,5,20.00,1,4,BUF,49,37,47.68,55.81,120,95,55.76,121,96,50.91,251,242,47.97,437,474,44.14,162,205,38.16,29,47,29.41,15,36,BUF,49,37,44.52,54.74,52,43,42.50,34,46,48.06,99,107,46.88,150,170,42.62,52,70,33.33,10,20,18.18,4,18,BUF,49,37,45.59,53.70,58,50,53.41,47,41,60.17,145,96,44.64,179,222,34.93,51,95,28.57,16,40,24.00,6,19,2018,Regular,From
CAR,49,52,46.55,35.29,6,11,44.44,8,10,45.95,17,20,51.90,41,38,44.68,21,26,37.50,6,10,60.00,3,2,CAR,49,52,53.79,53.85,98,84,62.12,123,75,61.99,230,141,54.02,497,423,49.06,209,217,45.16,84,102,43.00,43,57,CAR,49,52,51.86,55.95,47,37,45.35,39,47,65.81,102,53,53.21,232,204,45.14,79,96,47.14,33,37,32.56,14,29,CAR,49,52,56.26,70.79,63,26,75.29,64,21,61.69,124,77,55.14,279,227,46.51,100,115,48.96,47,49,39.58,19,29,2018,Regular,From
CBJ,49,57,50.75,50.00,7,7,42.11,8,11,47.22,17,19,56.16,41,32,48.78,20,21,50.00,8,8,50.00,4,4,CBJ,49,57,51.85,47.00,47,53,59.29,150,103,60.53,227,148,51.93,538,498,46.37,236,273,42.77,68,91,47.73,42,46,CBJ,49,57,52.94,64.00,32,18,59.26,48,33,60.27,88,58,52.14,207,190,47.25,86,96,41.56,32,45,51.28,20,19,CBJ,49,57,47.22,58.33,28,20,58.47,69,49,49.21,94,97,50.71,250,243,36.18,89,157,32.14,27,57,39.13,18,28,2018,Regular,From
CGY,49,58,52.23,54.55,6,5,50.00,6,6,51.52,17,16,59.15,42,29,38.10,16,26,65.00,13,7,42.86,3,4,CGY,49,58,51.21,63.22,55,32,47.79,65,71,49.08,160,166,51.49,570,537,51.56,215,202,46.54,101,116,48.00,36,39,CGY,49,58,52.88,64.41,38,21,53.45,31,27,54.41,74,62,52.78,275,246,46.94,92,104,51.09,47,45,53.85,21,18,CGY,49,58,54.13,76.00,38,12,63.54,61,35,61.27,106,67,52.53,291,263,48.40,106,113,45.45,40,48,34.04,16,31,2018,Regular,From
CHI,49,53,52.81,54.55,12,10,33.33,6,12,45.16,14,17,50.00,33,33,61.29,19,12,61.90,13,8,66.67,16,8,CHI,49,53,51.39,58.94,122,85,63.39,116,67,51.59,195,183,50.20,491,487,48.25,138,148,46.23,98,114,48.64,107,113,CHI,49,53,51.30,71.43,60,24,56.96,45,34,59.84,73,49,49.60,184,187,47.37,54,60,39.13,27,42,36.46,35,61,CHI,49,53,59.09,73.95,88,31,66.09,76,39,58.97,115,80,58.37,293,209,59.30,102,70,49.00,49,51,46.10,65,76,2018,Regular,From
COL,49,58,52.20,55.00,11,9,47.37,9,10,43.33,13,17,54.93,39,32,51.16,22,21,62.50,10,6,52.63,10,9,COL,49,58,48.24,58.76,57,40,61.94,83,51,54.24,160,135,45.96,393,462,47.06,232,261,32.19,47,99,41.45,63,89,COL,49,58,48.22,44.90,22,27,55.56,30,24,50.78,65,63,46.70,163,186,49.40,83,85,42.03,29,40,43.55,27,35,COL,49,58,49.67,51.56,33,31,71.21,47,19,51.67,93,87,49.48,237,242,49.61,128,130,26.47,18,50,31.71,26,56,2018,Regular,From
DAL,49,60,55.73,57.14,4,3,28.57,4,10,56.25,18,14,55.07,38,31,55.56,25,20,60.00,12,8,75.00,15,5,DAL,49,60,52.21,67.96,70,33,61.90,78,48,55.19,170,138,52.30,466,425,45.39,182,219,39.36,37,57,48.74,116,122,DAL,49,60,52.73,61.54,16,10,58.82,30,21,56.55,82,63,51.04,172,165,50.94,81,78,48.98,24,25,44.26,54,68,DAL,49,60,54.00,59.52,25,17,68.35,54,25,61.24,109,69,52.13,257,236,49.57,115,117,30.19,16,37,44.52,65,81,2018,Regular,From
DET,49,48,44.22,31.25,5,11,33.33,7,14,41.46,17,24,47.62,30,33,43.90,18,23,61.54,8,5,60.00,3,2,DET,49,48,48.16,54.97,83,68,55.74,102,81,50.13,186,185,48.95,465,485,41.53,147,207,47.89,91,99,35.71,35,63,DET,49,48,51.93,62.69,42,25,45.98,40,47,54.42,80,67,55.19,202,164,46.84,74,84,47.44,37,41,40.00,18,27,DET,49,48,45.87,64.37,56,31,58.97,46,32,53.97,102,87,44.72,182,225,35.80,58,104,36.47,31,54,22.73,10,34,2018,Regular,From
EDM,49,47,49.70,35.71,5,9,52.38,11,10,45.83,22,26,48.53,33,35,54.55,18,15,60.00,9,6,52.94,9,8,EDM,49,47,51.86,58.75,151,106,53.95,157,134,54.82,250,206,51.04,466,447,52.26,139,127,50.93,55,53,50.00,65,65,EDM,49,47,53.89,57.84,59,43,53.51,61,53,57.59,110,81,55.38,206,166,43.64,48,62,60.00,27,18,56.25,36,28,EDM,49,47,49.90,67.74,84,40,58.04,83,60,52.40,131,119,52.52,261,236,45.52,66,79,23.08,18,60,35.21,25,46,2018,Regular,From
FLA,49,48,45.85,30.77,4,9,52.00,13,12,54.17,26,22,45.33,34,41,36.84,14,24,56.25,9,7,30.77,4,9,FLA,49,48,49.79,48.84,63,66,57.36,113,84,59.87,358,240,50.31,489,483,40.55,163,239,39.07,59,92,35.71,25,45,FLA,49,48,50.17,65.79,25,13,59.76,49,33,55.42,133,107,50.42,179,176,40.94,70,101,41.79,28,39,45.00,9,11,FLA,49,48,46.67,64.52,40,22,55.26,42,34,55.96,155,122,44.42,187,234,35.47,61,111,41.18,28,40,40.00,10,15,2018,Regular,From
L.A,49,57,53.64,88.89,8,1,52.63,10,9,54.76,23,19,43.04,34,45,57.58,19,14,64.29,9,5,83.33,5,1,L.A,49,57,49.02,49.58,59,60,53.33,104,91,53.63,251,217,51.92,446,413,43.09,156,206,38.03,54,88,39.51,32,49,L.A,49,57,48.60,67.35,33,16,51.72,45,42,52.92,136,121,51.18,216,206,37.96,52,85,37.70,23,38,34.15,14,27,L.A,49,57,51.93,56.90,33,25,50.00,49,49,63.14,149,87,53.63,251,217,49.19,91,94,26.09,18,51,33.33,14,28,2018,Regular,From
MIN,49,57,51.03,50.00,5,5,53.33,8,7,43.24,16,21,52.17,36,33,53.66,22,19,70.59,12,5,40.00,8,12,MIN,49,57,48.55,40.45,36,53,61.59,101,63,54.34,194,163,45.80,404,478,47.66,214,235,39.39,65,100,50.39,64,63,MIN,49,57,44.19,43.48,10,13,60.00,36,24,54.73,81,67,39.94,139,209,38.46,65,104,36.99,27,46,43.10,25,33,MIN,49,57,44.91,51.22,21,20,58.73,37,26,50.54,94,92,44.08,186,236,37.92,91,149,31.91,30,64,40.32,25,37,2018,Regular,From
MTL,49,46,44.03,31.25,5,11,28.57,6,15,44.12,15,19,43.06,31,41,50.00,18,18,50.00,9,9,66.67,8,4,MTL,49,46,51.33,59.12,107,74,57.40,128,95,52.39,241,219,51.77,511,476,47.91,126,137,47.22,102,114,45.83,33,39,MTL,49,46,49.30,56.94,41,31,59.09,52,36,46.81,66,75,49.73,183,185,50.39,64,63,46.43,39,45,25.71,9,26,MTL,49,46,50.57,56.63,47,36,62.58,97,58,56.00,140,110,53.10,283,250,35.36,64,117,50.00,58,58,22.64,12,41,2018,Regular,From
N.J,49,58,49.18,62.50,5,3,40.91,9,13,43.24,16,21,54.88,45,37,43.18,19,25,52.94,9,8,50.00,3,3,N.J,49,58,49.62,53.61,52,45,51.94,107,99,53.07,216,191,50.84,424,410,47.63,221,243,36.13,56,99,47.01,63,71,N.J,49,58,48.00,60.00,24,16,53.09,43,38,52.20,83,76,45.19,155,188,48.00,96,104,35.38,23,42,46.94,23,26,N.J,49,58,45.97,74.00,37,13,44.76,47,58,54.74,104,86,46.15,192,224,39.72,85,129,34.67,26,49,25.45,14,41,2018,Regular,From
NSH,49,67,52.84,25.00,1,3,55.56,5,4,53.33,16,14,59.65,34,23,55.81,24,19,48.00,12,13,42.11,8,11,NSH,49,67,49.89,51.28,40,38,51.67,31,29,60.92,173,111,50.96,452,435,42.75,233,312,41.15,93,133,42.92,94,125,NSH,49,67,53.64,70.27,26,11,67.57,25,12,54.78,63,52,57.45,212,157,44.02,103,131,43.96,40,51,43.02,37,49,NSH,49,67,52.09,60.71,17,11,64.29,27,15,64.15,102,57,49.53,211,215,42.23,125,171,44.55,49,61,42.74,50,67,2018,Regular,From
NYI,49,53,49.97,55.56,10,8,47.83,11,12,48.08,25,27,46.34,38,44,53.85,21,18,63.64,14,8,45.83,11,13,NYI,49,53,47.16,50.23,111,110,45.79,98,116,54.22,270,228,49.32,362,372,35.91,116,207,44.32,82,103,45.81,93,110,NYI,49,53,46.53,44.44,44,55,56.73,59,45,46.46,92,106,45.86,133,157,45.61,52,62,44.16,34,43,48.24,41,44,NYI,49,53,50.16,65.35,83,44,58.12,68,49,53.94,137,117,49.21,186,192,42.94,73,97,43.75,42,54,39.80,39,59,2018,Regular,From
NYR,49,53,50.96,50.00,5,5,58.33,14,10,52.17,24,22,44.05,37,47,54.05,20,17,60.00,9,6,60.00,3,2,NYR,49,53,46.95,49.30,35,36,56.40,119,92,51.45,283,267,46.52,455,523,38.75,155,245,47.13,74,83,49.32,36,37,NYR,49,53,46.21,51.22,21,20,55.67,54,43,52.54,93,84,43.68,152,196,39.10,61,95,50.00,38,38,35.71,10,18,NYR,49,53,44.42,50.00,20,20,56.57,56,43,55.13,129,105,42.89,196,261,36.27,74,130,38.30,36,58,15.79,6,32,2018,Regular,From
OTT,49,41,43.87,60.00,9,6,28.57,6,15,47.62,20,22,44.74,34,42,44.74,17,21,36.84,7,12,37.50,3,5,OTT,49,41,47.20,53.33,88,77,50.56,90,88,52.64,229,206,46.04,430,504,46.03,168,197,37.69,49,81,45.95,34,40,OTT,49,41,47.94,56.92,37,28,58.33,49,35,49.19,91,94,49.05,207,215,44.52,69,86,40.82,20,29,21.43,6,22,OTT,49,41,44.87,64.29,54,30,62.07,90,55,56.64,128,98,42.29,222,303,31.31,67,147,32.26,20,42,28.26,13,33,2018,Regular,From
PHI,49,56,53.07,66.67,6,3,36.84,7,12,46.88,15,17,56.52,39,30,54.05,20,17,68.75,11,5,42.86,6,8,PHI,49,56,49.81,51.85,70,65,58.24,106,76,57.33,172,128,49.47,467,477,45.33,160,193,42.86,99,132,40.19,43,64,PHI,49,56,47.77,66.04,35,18,53.73,36,31,49.12,56,58,48.46,204,217,40.69,59,86,41.76,38,53,36.00,18,32,PHI,49,56,49.33,67.86,57,27,61.54,56,35,56.46,83,64,48.16,235,253,39.06,75,117,44.44,44,55,27.78,15,39,2018,Regular,From
PIT,49,53,43.07,6.67,1,14,52.63,10,9,44.68,21,26,44.78,30,37,42.86,15,20,40.00,6,9,71.43,5,2,PIT,49,53,53.88,56.21,95,74,61.42,121,76,54.74,260,215,56.98,506,382,46.60,151,173,54.43,86,72,42.68,67,90,PIT,49,53,51.46,59.72,43,29,57.14,48,36,54.77,109,90,52.09,187,172,41.46,51,72,54.79,40,33,41.67,20,28,PIT,49,53,49.69,51.11,46,44,61.70,58,36,56.60,133,102,49.33,221,227,45.75,70,83,35.23,31,57,43.48,30,39,2018,Regular,From
S.J,49,59,46.51,57.14,4,3,50.00,12,12,46.15,18,21,45.21,33,40,36.11,13,23,61.11,11,7,50.00,3,3,S.J,49,59,52.23,54.46,61,51,67.63,94,45,54.45,300,251,54.81,422,348,46.61,172,197,39.27,75,116,47.37,54,60,S.J,49,59,53.18,58.33,28,20,54.43,43,36,55.84,129,102,55.11,205,167,50.84,91,88,49.43,43,44,34.88,15,28,S.J,49,59,51.21,59.15,42,29,64.60,73,40,58.91,195,136,49.89,235,236,45.74,102,121,37.98,49,80,36.96,17,29,2018,Regular,From
STL,49,59,53.24,64.29,9,5,25.00,4,12,51.72,15,14,56.72,38,29,54.76,23,19,65.22,15,8,44.44,8,10,STL,49,59,52.29,48.97,71,74,57.40,97,72,53.43,187,163,53.33,456,399,51.67,247,231,44.15,83,105,48.28,70,75,STL,49,59,54.51,67.35,33,16,57.33,43,32,54.04,87,74,56.23,185,144,48.79,101,106,47.13,41,46,61.76,21,13,STL,49,59,47.23,50.79,32,31,46.75,36,41,51.76,103,96,46.39,225,260,43.48,110,143,42.00,42,58,43.33,26,34,2018,Regular,From
T.B,49,71,58.70,75.00,6,2,37.50,6,10,61.76,21,13,53.45,31,27,68.89,31,14,59.38,19,13,61.11,11,7,T.B,49,71,50.92,48.57,51,54,51.75,59,55,60.84,174,112,52.97,491,436,44.63,191,237,38.25,109,176,47.47,103,114,T.B,49,71,56.49,52.63,20,18,65.00,39,21,61.54,80,50,58.88,199,139,55.93,99,78,41.53,49,69,45.05,41,50,T.B,49,71,53.53,61.54,32,20,63.08,41,24,54.25,83,70,52.02,245,226,50.42,121,119,45.74,59,70,42.72,44,59,2018,Regular,From
TOR,49,57,51.18,90.00,9,1,50.00,14,14,41.67,15,21,50.75,34,33,52.50,21,19,50.00,15,15,52.38,11,10,TOR,49,57,47.97,62.16,46,28,61.54,184,115,54.28,184,155,43.57,413,535,43.68,159,205,44.87,105,129,42.47,62,84,TOR,49,57,49.84,51.52,17,16,58.82,80,56,58.43,97,69,49.66,217,220,38.36,56,90,45.24,38,46,41.43,29,41,TOR,49,57,55.42,47.50,19,21,67.15,92,45,65.54,116,61,55.60,278,222,48.04,86,93,46.67,56,64,35.96,32,57,2018,Regular,From
VAN,49,44,44.35,25.00,3,9,35.00,7,13,52.38,22,20,43.84,32,41,40.74,11,16,66.67,10,5,25.00,2,6,VAN,49,44,47.46,52.17,72,66,53.10,137,121,54.16,254,215,46.74,358,408,40.19,129,192,43.23,83,109,45.13,51,62,VAN,49,44,46.15,50.00,27,27,47.75,53,58,53.18,92,81,49.38,159,163,40.80,51,74,38.03,27,44,27.87,17,44,VAN,49,44,48.79,58.06,36,26,63.24,86,50,56.52,143,110,48.96,164,171,42.34,58,79,34.69,34,64,24.59,15,46,2018,Regular,From
VGK,49,70,56.09,50.00,4,4,30.00,3,7,73.68,28,10,57.14,44,33,58.49,31,22,53.33,16,14,33.33,5,10,VGK,49,70,52.74,51.85,28,26,67.90,55,26,55.38,206,166,53.82,536,460,47.85,200,218,47.91,103,112,42.57,86,116,VGK,49,70,53.02,50.00,9,9,69.57,32,14,59.89,106,71,50.13,199,198,49.12,84,87,48.35,44,47,46.32,44,51,VGK,49,70,51.73,47.83,11,12,73.02,46,17,56.40,119,92,53.24,255,224,40.85,96,139,39.01,55,86,40.71,46,67,2018,Regular,From
WPG,49,65,52.78,33.33,5,10,46.15,6,7,45.45,15,18,59.32,35,24,58.97,23,16,55.17,16,13,55.00,11,9,WPG,49,65,52.03,55.03,93,76,61.25,98,62,55.43,153,123,52.14,365,335,45.37,201,242,49.21,156,161,45.87,100,118,WPG,49,65,51.94,66.67,46,23,52.46,32,29,52.99,62,55,46.51,140,161,51.67,93,87,52.17,72,66,46.97,31,35,WPG,49,65,50.80,67.03,61,30,61.90,39,24,57.93,84,61,47.96,188,204,42.58,89,120,41.87,85,118,39.18,38,59,2018,Regular,From
WSH,49,63,53.51,60.00,6,4,55.56,10,8,58.97,23,16,50.00,38,38,60.61,20,13,50.00,10,10,38.46,5,8,WSH,49,63,46.80,61.65,82,51,58.65,78,55,53.72,202,174,43.22,373,490,46.88,173,196,38.57,81,129,29.17,28,68,WSH,49,63,46.53,52.31,34,31,47.27,26,29,50.55,92,90,46.82,206,234,38.74,74,117,48.28,56,60,40.00,16,24,WSH,49,63,53.30,74.32,55,19,54.43,43,36,61.03,130,83,51.89,220,204,48.12,115,124,39.68,50,76,43.24,16,21,2018,Regular,From
ANA,48,53,50.27,53.85,7,6,50.00,8,8,41.94,13,18,50.68,37,36,57.58,19,14,54.55,12,10,40.00,4,6,ANA,48,53,47.92,58.24,53,38,56.21,86,67,54.01,175,149,46.15,378,441,43.53,195,253,39.73,87,132,45.34,73,88,ANA,48,53,47.59,45.83,22,26,59.30,51,35,56.94,82,62,44.66,159,197,44.66,113,140,37.76,37,61,44.07,26,33,ANA,48,53,46.57,70.45,31,13,55.10,54,44,50.30,84,83,44.09,194,246,39.30,90,139,44.74,51,63,34.29,24,46,2018,Regular,From
ARI,48,31,39.88,52.94,9,8,46.43,13,15,39.62,21,32,35.90,28,50,30.00,9,21,33.33,3,6,75.00,3,1,ARI,48,31,47.16,56.35,111,86,49.60,124,126,50.00,222,222,47.17,458,513,43.04,136,180,40.70,35,51,59.62,31,21,ARI,48,31,44.45,52.08,50,46,46.67,49,56,54.04,107,91,43.22,223,293,39.35,61,94,40.54,15,22,39.29,11,17,ARI,48,31,49.26,60.82,59,38,54.81,74,61,51.53,135,127,50.61,247,241,44.79,86,106,41.03,16,23,46.34,19,22,2018,Regular,From
BOS,48,66,57.14,66.67,4,2,55.56,10,8,50.00,17,17,51.43,36,34,59.46,22,15,81.82,18,4,57.89,11,8,BOS,48,66,52.90,61.29,38,24,56.93,115,87,60.37,163,107,51.18,456,435,48.10,203,219,47.95,82,89,52.00,104,96,BOS,48,66,53.53,52.17,12,11,57.33,43,32,62.60,77,46,50.43,174,171,48.63,89,94,53.85,49,42,48.57,51,54,BOS,48,66,54.96,65.71,23,12,62.50,60,36,61.22,90,57,54.85,232,191,46.99,117,132,47.19,42,47,43.24,48,63,2018,Regular,From
BUF,48,35,41.08,48.28,14,15,32.14,9,19,42.86,18,24,37.68,26,43,52.00,13,12,28.57,2,5,20.00,1,4,BUF,48,35,47.60,55.81,120,95,55.76,121,96,50.91,251,242,47.74,433,474,44.12,150,190,38.71,24,38,29.41,15,36,BUF,48,35,44.03,54.74,52,43,42.50,34,46,48.06,99,107,46.71,149,170,41.88,49,68,26.09,6,17,18.18,4,18,BUF,48,35,45.53,53.70,58,50,53.41,47,41,60.17,145,96,44.61,178,221,34.06,47,91,28.89,13,32,24.00,6,19,2018,Regular,From
CAR,48,50,46.24,35.29,6,11,44.44,8,10,45.95,17,20,49.33,37,38,45.45,20,24,42.86,6,8,60.00,3,2,CAR,48,50,53.85,53.85,98,84,62.12,123,75,61.99,230,141,53.98,495,422,50.00,201,201,43.86,75,96,43.00,43,57,CAR,48,50,51.70,55.95,47,37,45.35,39,47,65.81,102,53,53.33,232,203,44.97,76,93,46.03,29,34,32.56,14,29,CAR,48,50,55.88,70.79,63,26,75.29,64,21,61.69,124,77,54.96,277,227,46.46,92,106,45.12,37,45,39.58,19,29,2018,Regular,From
CBJ,48,55,50.52,50.00,7,7,42.11,8,11,47.22,17,19,55.56,40,32,48.78,20,21,50.00,8,8,50.00,4,4,CBJ,48,55,52.12,47.00,47,53,59.29,150,103,60.53,227,148,52.44,516,468,46.61,234,268,42.77,68,91,47.73,42,46,CBJ,48,55,52.88,64.00,32,18,59.26,48,33,60.27,88,58,52.09,199,183,47.49,85,94,41.56,32,45,51.28,20,19,CBJ,48,55,47.53,58.33,28,20,58.47,69,49,49.21,94,97,51.62,239,224,36.51,88,153,32.14,27,57,39.13,18,28,2018,Regular,From
CGY,48,57,52.35,54.55,6,5,50.00,6,6,50.00,16,16,59.42,41,28,37.50,15,25,68.42,13,6,42.86,3,4,CGY,48,57,51.08,63.22,55,32,47.79,65,71,49.07,159,165,51.52,558,525,50.74,206,200,46.77,94,107,48.00,36,39,CGY,48,57,52.88,64.41,38,21,53.45,31,27,54.41,74,62,52.94,270,240,47.64,91,100,50.00,43,43,53.85,21,18,CGY,48,57,54.16,76.00,38,12,63.54,61,35,61.63,106,66,52.66,287,258,48.36,103,110,45.00,36,44,34.04,16,31,2018,Regular,From
CHI,48,51,51.74,54.55,12,10,33.33,6,12,45.16,14,17,49.23,32,33,60.00,18,12,60.00,12,8,63.64,14,8,CHI,48,51,51.32,58.94,122,85,63.39,116,67,51.59,195,183,50.36,491,484,47.52,134,148,46.15,96,112,48.42,92,98,CHI,48,51,51.37,71.43,60,24,56.96,45,34,59.84,73,49,49.73,184,186,46.85,52,59,37.88,25,41,38.16,29,47,CHI,48,51,59.00,73.95,88,31,66.09,76,39,58.97,115,80,58.20,291,209,59.65,102,69,48.48,48,51,46.49,53,61,2018,Regular,From
COL,48,57,52.46,55.00,11,9,44.44,8,10,42.86,12,16,56.52,39,30,51.16,22,21,62.50,10,6,52.63,10,9,COL,48,57,48.11,58.76,57,40,61.29,76,48,54.17,156,132,45.75,382,453,47.05,231,260,32.19,47,99,41.45,63,89,COL,48,57,48.17,44.90,22,27,52.00,26,24,50.81,63,61,47.34,160,178,49.40,82,84,42.03,29,40,43.55,27,35,COL,48,57,49.76,51.56,33,31,70.49,43,18,52.25,93,85,49.79,232,234,49.61,128,130,26.47,18,50,31.71,26,56,2018,Regular,From
DAL,48,58,54.94,57.14,4,3,28.57,4,10,56.25,18,14,55.07,38,31,54.55,24,20,57.89,11,8,72.22,13,5,DAL,48,58,52.20,67.96,70,33,61.90,78,48,55.19,170,138,52.33,460,419,45.80,180,213,38.37,33,53,47.91,103,112,DAL,48,58,53.11,61.54,16,10,58.82,30,21,56.55,82,63,51.21,169,161,52.60,81,73,50.00,22,22,44.83,52,64,DAL,48,58,54.11,59.52,25,17,68.35,54,25,61.24,109,69,52.03,256,236,49.78,114,115,32.00,16,34,45.45,60,72,2018,Regular,From
DET,48,46,44.17,31.25,5,11,33.33,7,14,41.46,17,24,46.77,29,33,45.00,18,22,61.54,8,5,60.00,3,2,DET,48,46,47.90,54.97,83,68,55.74,102,81,50.13,186,185,48.43,433,461,41.26,144,205,47.89,91,99,35.71,35,63,DET,48,46,52.34,62.69,42,25,45.98,40,47,54.42,80,67,56.52,195,150,47.44,74,82,47.44,37,41,40.00,18,27,DET,48,46,45.81,64.37,56,31,58.97,46,32,53.97,102,87,44.62,174,216,35.67,56,101,36.47,31,54,22.73,10,34,2018,Regular,From
EDM,48,45,49.69,35.71,5,9,50.00,10,10,45.65,21,25,48.48,32,34,56.25,18,14,60.00,9,6,52.94,9,8,EDM,48,45,52.07,58.75,151,106,53.82,148,127,55.73,248,197,51.07,454,435,52.27,138,126,50.93,55,53,50.00,65,65,EDM,48,45,53.79,57.84,59,43,54.63,59,49,56.99,106,80,55.40,200,161,43.64,48,62,60.00,27,18,56.25,36,28,EDM,48,45,49.87,67.74,84,40,58.52,79,56,52.46,128,116,52.46,256,232,45.14,65,79,23.08,18,60,35.21,25,46,2018,Regular,From
FLA,48,46,45.41,30.77,4,9,52.00,13,12,54.17,26,22,45.33,34,41,33.33,12,24,56.25,9,7,30.77,4,9,FLA,48,46,49.76,48.84,63,66,57.36,113,84,59.60,354,240,50.31,484,478,40.48,151,222,38.93,58,91,35.71,25,45,FLA,48,46,50.60,65.79,25,13,59.76,49,33,55.23,132,107,50.28,177,175,44.37,67,84,41.79,28,39,45.00,9,11,FLA,48,46,46.93,64.52,40,22,55.26,42,34,55.84,153,121,44.29,186,234,37.74,60,99,41.18,28,40,40.00,10,15,2018,Regular,From
L.A,48,55,53.70,88.89,8,1,52.63,10,9,54.76,23,19,42.86,33,44,57.58,19,14,64.29,9,5,83.33,5,1,L.A,48,55,49.04,49.58,59,60,53.33,104,91,54.08,245,208,51.79,435,405,43.09,156,206,38.03,54,88,39.51,32,49,L.A,48,55,48.48,67.35,33,16,51.72,45,42,52.70,127,114,51.34,211,200,37.96,52,85,37.70,23,38,34.15,14,27,L.A,48,55,52.30,56.90,33,25,50.00,49,49,65.20,148,79,53.78,242,208,49.19,91,94,26.09,18,51,33.33,14,28,2018,Regular,From
MIN,48,57,51.60,50.00,3,3,57.14,8,6,43.24,16,21,52.94,36,32,53.66,22,19,70.59,12,5,40.00,8,12,MIN,48,57,48.99,40.63,26,38,64.86,96,52,54.24,192,162,46.07,404,473,47.66,214,235,39.39,65,100,50.39,64,63,MIN,48,57,44.40,50.00,9,9,63.46,33,19,54.73,81,67,39.94,139,209,38.46,65,104,36.99,27,46,43.10,25,33,MIN,48,57,44.93,48.15,13,14,58.62,34,24,50.54,94,92,44.29,186,234,37.92,91,149,31.91,30,64,40.32,25,37,2018,Regular,From
MTL,48,46,43.94,31.25,5,11,21.05,4,15,41.94,13,18,45.59,31,37,50.00,18,18,50.00,9,9,66.67,8,4,MTL,48,46,51.37,59.12,107,74,58.65,122,86,51.61,225,211,51.83,510,474,47.91,126,137,47.22,102,114,45.83,33,39,MTL,48,46,49.26,56.94,41,31,60.49,49,32,46.67,63,72,49.59,182,185,50.39,64,63,46.43,39,45,25.71,9,26,MTL,48,46,51.01,56.63,47,36,65.96,93,48,56.22,131,102,53.30,283,248,35.36,64,117,50.00,58,58,22.64,12,41,2018,Regular,From
N.J,48,56,48.50,62.50,5,3,40.91,9,13,43.24,16,21,54.32,44,37,40.48,17,25,52.94,9,8,50.00,3,3,N.J,48,56,49.41,53.61,52,45,51.94,107,99,53.07,216,191,50.55,412,403,47.40,210,233,35.53,54,98,47.01,63,71,N.J,48,56,47.81,60.00,24,16,53.09,43,38,52.20,83,76,44.31,148,186,48.97,95,99,35.48,22,40,46.94,23,26,N.J,48,56,45.94,74.00,37,13,44.76,47,58,54.74,104,86,46.32,189,219,40.10,81,121,32.86,23,47,25.45,14,41,2018,Regular,From
NSH,48,65,52.16,25.00,1,3,55.56,5,4,53.33,16,14,59.65,34,23,55.81,24,19,45.83,11,13,35.29,6,11,NSH,48,65,49.63,51.28,40,38,51.67,31,29,60.92,173,111,51.03,447,429,42.62,231,311,40.89,92,133,39.68,75,114,NSH,48,65,53.41,70.27,26,11,67.57,25,12,54.78,63,52,57.34,211,157,43.78,102,131,43.96,40,51,42.11,32,44,NSH,48,65,52.09,60.71,17,11,64.29,27,15,64.15,102,57,49.88,211,212,42.03,124,171,44.04,48,61,43.75,42,54,2018,Regular,From
NYI,48,52,50.20,55.56,10,8,47.83,11,12,46.00,23,27,48.10,38,41,53.85,21,18,63.64,14,8,45.83,11,13,NYI,48,52,47.10,50.23,111,110,45.79,98,116,53.86,258,221,49.50,348,355,35.91,116,207,44.32,82,103,45.81,93,110,NYI,48,52,46.97,44.44,44,55,56.73,59,45,47.62,90,99,46.84,126,143,45.61,52,62,44.16,34,43,48.24,41,44,NYI,48,52,50.46,65.35,83,44,58.12,68,49,54.69,134,111,49.73,182,184,42.94,73,97,43.75,42,54,39.80,39,59,2018,Regular,From
NYR,48,53,51.43,50.00,5,5,60.87,14,9,51.11,23,22,45.12,37,45,54.05,20,17,60.00,9,6,60.00,3,2,NYR,48,53,46.74,51.47,35,33,55.11,97,79,50.75,272,264,46.51,453,521,38.75,155,245,47.13,74,83,49.32,36,37,NYR,48,53,46.40,51.22,21,20,59.30,51,35,52.57,92,83,43.64,151,195,39.10,61,95,50.00,38,38,35.71,10,18,NYR,48,53,44.54,51.28,20,19,58.06,54,39,54.94,128,105,42.98,196,260,36.27,74,130,38.30,36,58,15.79,6,32,2018,Regular,From
OTT,48,39,44.09,60.00,9,6,28.57,6,15,47.62,20,22,44.74,34,42,45.95,17,20,36.84,7,12,37.50,3,5,OTT,48,39,47.26,53.33,88,77,50.56,90,88,52.64,229,206,46.05,414,485,46.33,164,190,37.69,49,81,45.95,34,40,OTT,48,39,48.12,56.92,37,28,58.33,49,35,49.19,91,94,49.38,200,205,45.70,69,82,40.82,20,29,21.43,6,22,OTT,48,39,45.12,64.29,54,30,62.07,90,55,56.64,128,98,42.57,215,290,32.06,67,142,32.26,20,42,28.26,13,33,2018,Regular,From
PHI,48,56,54.18,75.00,6,2,38.89,7,11,48.39,15,16,57.35,39,29,54.05,20,17,68.75,11,5,42.86,6,8,PHI,48,56,49.68,51.26,61,58,58.29,102,73,57.48,169,125,49.14,458,474,45.33,160,193,42.86,99,132,40.19,43,64,PHI,48,56,47.71,68.09,32,15,53.73,36,31,50.45,56,55,48.06,198,214,40.69,59,86,41.76,38,53,36.00,18,32,PHI,48,56,49.05,68.06,49,23,60.67,54,35,55.63,79,63,48.13,231,249,39.06,75,117,44.44,44,55,27.78,15,39,2018,Regular,From
PIT,48,53,43.02,6.67,1,14,52.63,10,9,44.68,21,26,43.94,29,37,44.12,15,19,40.00,6,9,71.43,5,2,PIT,48,53,54.05,56.21,95,74,61.42,121,76,54.76,253,209,57.04,490,369,47.62,150,165,54.43,86,72,42.68,67,90,PIT,48,53,51.32,59.72,43,29,57.14,48,36,54.84,102,84,52.01,181,167,41.18,49,70,54.79,40,33,41.67,20,28,PIT,48,53,49.04,51.11,46,44,61.70,58,36,55.61,124,99,48.48,208,221,45.14,65,79,35.23,31,57,43.48,30,39,2018,Regular,From
S.J,48,59,47.67,57.14,4,3,52.17,12,11,47.37,18,20,46.48,33,38,37.14,13,22,61.11,11,7,50.00,3,3,S.J,48,59,52.18,54.46,61,51,67.15,92,45,54.72,290,240,54.58,405,337,46.59,171,196,39.27,75,116,47.37,54,60,S.J,48,59,53.45,58.33,28,20,54.55,42,35,56.83,129,98,55.52,201,161,50.84,91,88,49.43,43,44,34.88,15,28,S.J,48,59,51.18,59.15,42,29,65.14,71,38,59.12,188,130,49.68,230,233,45.74,102,121,37.98,49,80,36.96,17,29,2018,Regular,From
STL,48,59,54.27,69.23,9,4,26.67,4,11,53.57,15,13,57.58,38,28,54.76,23,19,65.22,15,8,44.44,8,10,STL,48,59,52.73,52.38,55,50,58.02,94,68,53.60,186,161,53.47,455,396,51.67,247,231,44.15,83,105,48.28,70,75,STL,48,59,54.75,78.13,25,7,57.33,43,32,54.04,87,74,56.40,185,143,48.79,101,106,47.13,41,46,61.76,21,13,STL,48,59,47.47,52.63,20,18,47.37,36,40,51.78,102,95,46.39,225,260,43.48,110,143,42.00,42,58,43.33,26,34,2018,Regular,From
T.B,48,69,57.97,75.00,6,2,37.50,6,10,61.76,21,13,52.63,30,27,68.18,30,14,58.06,18,13,58.82,10,7,T.B,48,69,51.08,48.57,51,54,51.75,59,55,60.84,174,112,53.33,488,427,44.55,188,234,38.13,106,172,47.76,96,105,T.B,48,69,56.48,52.63,20,18,65.00,39,21,61.54,80,50,59.57,196,133,55.17,96,78,41.53,49,69,44.71,38,47,T.B,48,69,53.77,61.54,32,20,63.08,41,24,54.25,83,70,52.05,241,222,51.06,120,115,46.46,59,68,43.96,40,51,2018,Regular,From
TOR,48,57,51.68,90.00,9,1,50.00,14,14,41.18,14,20,51.56,33,31,53.85,21,18,50.00,15,15,52.38,11,10,TOR,48,57,47.90,62.16,46,28,61.41,183,115,54.21,174,147,43.31,398,521,43.68,159,205,44.87,105,129,42.47,62,84,TOR,48,57,49.83,51.52,17,16,59.26,80,55,58.60,92,65,49.64,208,211,38.62,56,89,45.24,38,46,41.43,29,41,TOR,48,57,55.06,47.50,19,21,67.15,92,45,64.50,109,60,55.10,270,220,48.31,86,92,46.67,56,64,35.96,32,57,2018,Regular,From
VAN,48,44,44.82,25.00,3,9,35.00,7,13,53.66,22,19,44.44,32,40,40.74,11,16,66.67,10,5,25.00,2,6,VAN,48,44,47.45,52.17,72,66,52.46,128,116,54.07,239,203,46.98,358,404,40.19,129,192,43.23,83,109,45.13,51,62,VAN,48,44,46.22,50.00,27,27,48.08,50,54,53.57,90,78,49.53,159,162,40.80,51,74,38.03,27,44,27.87,17,44,VAN,48,44,48.65,58.06,36,26,62.40,78,47,56.73,139,106,48.95,163,170,42.34,58,79,34.69,34,64,24.59,15,46,2018,Regular,From
VGK,48,68,56.04,50.00,4,4,30.00,3,7,72.97,27,10,57.33,43,32,58.82,30,21,53.33,16,14,33.33,5,10,VGK,48,68,52.86,51.85,28,26,67.90,55,26,55.62,198,158,53.96,525,448,47.57,196,216,48.36,103,110,42.57,86,116,VGK,48,68,53.44,50.00,9,9,69.57,32,14,61.82,102,63,50.39,193,190,49.39,81,83,48.35,44,47,46.32,44,51,VGK,48,68,52.05,47.83,11,12,73.02,46,17,57.29,114,85,53.75,251,216,40.79,93,135,39.01,55,86,40.71,46,67,2018,Regular,From
WPG,48,63,52.69,33.33,5,10,46.15,6,7,45.45,15,18,57.14,32,24,59.46,22,15,57.14,16,12,57.89,11,8,WPG,48,63,52.11,55.03,93,76,61.25,98,62,55.43,153,123,51.98,355,328,45.64,199,237,49.51,152,155,46.23,98,114,WPG,48,63,51.38,66.67,46,23,52.46,32,29,52.99,62,55,45.39,133,160,51.45,89,84,51.11,69,66,48.44,31,33,WPG,48,63,50.74,67.03,61,30,61.90,39,24,57.93,84,61,47.47,178,197,43.78,88,113,41.75,81,113,38.04,35,57,2018,Regular,From
WSH,48,61,53.60,60.00,6,4,55.56,10,8,57.89,22,16,50.68,37,36,60.61,20,13,50.00,10,10,38.46,5,8,WSH,48,61,46.63,61.65,82,51,58.65,78,55,53.10,197,174,43.01,360,477,46.59,171,196,38.78,76,120,29.17,28,68,WSH,48,61,46.46,52.31,34,31,47.27,26,29,50.56,90,88,46.71,199,227,38.42,73,117,49.56,56,57,40.00,16,24,WSH,48,61,53.37,74.32,55,19,54.43,43,36,60.95,128,82,52.14,219,201,48.12,115,124,39.84,49,74,43.24,16,21,2018,Regular,From
ANA,47,53,51.14,58.33,7,5,50.00,7,7,43.33,13,17,51.39,37,35,57.58,19,14,54.55,12,10,40.00,4,6,ANA,47,53,47.80,58.02,47,34,55.56,80,64,53.65,169,146,45.91,370,436,43.53,195,253,39.73,87,132,45.34,73,88,ANA,47,53,47.48,47.50,19,21,56.96,45,34,56.52,78,60,44.29,155,195,44.66,113,140,37.76,37,61,44.07,26,33,ANA,47,53,46.45,69.23,27,12,55.06,49,40,50.61,83,81,43.78,190,244,39.30,90,139,44.74,51,63,34.29,24,46,2018,Regular,From
ARI,47,29,38.83,52.94,9,8,46.43,13,15,39.62,21,32,35.06,27,50,27.59,8,21,25.00,2,6,66.67,2,1,ARI,47,29,46.79,56.35,111,86,49.60,124,126,50.00,222,222,47.05,455,512,42.81,134,179,39.24,31,48,58.33,7,5,ARI,47,29,44.27,52.08,50,46,46.67,49,56,54.04,107,91,43.11,222,293,39.35,61,94,40.54,15,22,18.18,2,9,ARI,47,29,48.87,60.82,59,38,54.81,74,61,51.53,135,127,50.61,247,241,44.74,85,105,39.47,15,23,37.50,6,10,2018,Regular,From
BOS,47,66,57.58,66.67,4,2,52.94,9,8,51.52,17,16,52.17,36,33,59.46,22,15,81.82,18,4,57.89,11,8,BOS,47,66,53.07,61.29,38,24,55.88,95,75,60.61,160,104,51.35,455,431,48.10,203,219,47.95,82,89,52.00,104,96,BOS,47,66,53.70,52.17,12,11,57.38,35,26,62.60,77,46,50.29,173,171,48.63,89,94,53.85,49,42,48.57,51,54,BOS,47,66,54.87,65.71,23,12,61.25,49,31,60.96,89,57,54.76,230,190,46.99,117,132,47.19,42,47,43.24,48,63,2018,Regular,From
BUF,47,33,40.55,48.28,14,15,32.14,9,19,42.86,18,24,37.68,26,43,50.00,12,12,16.67,1,5,20.00,1,4,BUF,47,33,47.57,55.81,120,95,55.76,121,96,50.91,251,242,47.60,426,469,43.07,143,189,37.93,22,36,23.81,5,16,BUF,47,33,44.48,54.74,52,43,42.50,34,46,48.06,99,107,46.98,148,167,41.38,48,68,26.32,5,14,18.18,2,9,BUF,47,33,45.84,53.70,58,50,53.41,47,41,60.17,145,96,44.87,175,215,33.58,46,91,28.21,11,28,35.71,5,9,2018,Regular,From
CAR,47,50,46.74,35.29,6,11,44.44,8,10,47.22,17,19,49.32,36,37,46.51,20,23,42.86,6,8,60.00,3,2,CAR,47,50,54.04,53.85,98,84,61.98,119,73,62.43,221,133,54.25,479,404,49.75,199,201,43.86,75,96,43.00,43,57,CAR,47,50,51.61,55.95,47,37,43.90,36,46,65.54,97,51,53.21,224,197,44.97,76,93,46.03,29,34,32.56,14,29,CAR,47,50,56.07,70.79,63,26,75.00,57,19,62.37,121,73,55.28,272,220,46.46,92,106,45.12,37,45,39.58,19,29,2018,Regular,From
CBJ,47,55,50.86,46.15,6,7,44.44,8,10,47.06,16,18,55.71,39,31,50.00,20,20,50.00,8,8,50.00,4,4,CBJ,47,55,52.43,46.46,46,53,59.92,142,95,60.33,222,146,52.98,506,449,46.61,234,268,42.77,68,91,47.73,42,46,CBJ,47,55,53.08,62.50,30,18,58.57,41,29,60.69,88,57,52.41,196,178,47.49,85,94,41.56,32,45,51.28,20,19,CBJ,47,55,47.67,56.52,26,20,58.33,63,45,49.46,92,94,52.09,237,218,36.51,88,153,32.14,27,57,39.13,18,28,2018,Regular,From
CGY,47,56,52.51,54.55,6,5,50.00,6,6,50.00,16,16,59.70,40,27,37.50,15,25,68.42,13,6,42.86,3,4,CGY,47,56,51.16,63.22,55,32,47.79,65,71,49.07,159,165,51.69,550,514,50.38,197,194,46.77,94,107,48.00,36,39,CGY,47,56,53.06,64.41,38,21,53.45,31,27,54.41,74,62,52.91,264,235,48.00,84,91,50.00,43,43,53.85,21,18,CGY,47,56,53.90,76.00,38,12,63.54,61,35,61.63,106,66,52.75,278,249,46.57,95,109,45.00,36,44,34.04,16,31,2018,Regular,From
CHI,47,50,52.09,54.55,12,10,33.33,6,12,45.16,14,17,49.23,32,33,62.07,18,11,60.00,12,8,63.64,14,8,CHI,47,50,51.40,58.94,122,85,63.39,116,67,51.72,195,182,50.48,470,461,46.64,125,143,46.15,96,112,48.42,92,98,CHI,47,50,51.70,71.43,60,24,56.96,45,34,59.50,72,49,50.43,177,174,45.87,50,59,37.88,25,41,38.16,29,47,CHI,47,50,59.04,73.95,88,31,66.09,76,39,58.97,115,80,58.61,279,197,58.79,97,68,48.48,48,51,46.49,53,61,2018,Regular,From
COL,47,57,52.54,55.00,11,9,41.18,7,10,44.44,12,15,56.52,39,30,51.16,22,21,62.50,10,6,52.63,10,9,COL,47,57,48.06,58.76,57,40,61.34,73,46,51.63,127,119,46.17,380,443,47.05,231,260,32.19,47,99,41.45,63,89,COL,47,57,48.39,44.90,22,27,50.00,24,24,51.33,58,55,47.46,159,176,49.40,82,84,42.03,29,40,43.55,27,35,COL,47,57,50.09,51.56,33,31,70.69,41,17,53.80,85,73,49.89,230,231,49.61,128,130,26.47,18,50,31.71,26,56,2018,Regular,From
DAL,47,56,53.75,57.14,4,3,28.57,4,10,56.25,18,14,54.41,37,31,54.55,24,20,52.94,9,8,66.67,10,5,DAL,47,56,52.07,67.96,70,33,61.90,78,48,55.19,170,138,52.00,454,419,45.74,177,210,37.18,29,49,47.21,93,104,DAL,47,56,53.38,61.54,16,10,58.82,30,21,56.55,82,63,51.52,169,159,52.32,79,72,52.38,22,20,44.04,48,61,DAL,47,56,54.05,59.52,25,17,68.35,54,25,61.24,109,69,51.84,253,235,49.78,113,114,29.79,14,33,46.40,58,67,2018,Regular,From
DET,47,46,45.37,35.71,5,9,35.00,7,13,42.50,17,23,47.54,29,32,45.00,18,22,61.54,8,5,60.00,3,2,DET,47,46,48.07,56.20,68,53,55.87,100,79,50.68,186,181,48.26,430,461,41.26,144,205,47.89,91,99,35.71,35,63,DET,47,46,52.40,59.57,28,19,46.43,39,45,54.86,79,65,56.40,194,150,47.44,74,82,47.44,37,41,40.00,18,27,DET,47,46,45.97,68.33,41,19,59.74,46,31,53.72,101,87,44.85,174,214,35.67,56,101,36.47,31,54,22.73,10,34,2018,Regular,From
EDM,47,45,50.19,35.71,5,9,52.63,10,9,46.67,21,24,48.48,32,34,56.25,18,14,60.00,9,6,52.94,9,8,EDM,47,45,52.26,57.71,131,96,53.87,146,125,56.52,247,190,51.20,449,428,52.27,138,126,50.93,55,53,50.00,65,65,EDM,47,45,53.65,54.95,50,41,53.85,56,48,57.30,106,79,55.18,197,160,43.64,48,62,60.00,27,18,56.25,36,28,EDM,47,45,49.52,65.49,74,39,58.14,75,54,52.67,128,115,52.19,250,229,45.14,65,79,23.08,18,60,35.21,25,46,2018,Regular,From
FLA,47,44,44.75,30.77,4,9,52.00,13,12,54.17,26,22,44.59,33,41,31.43,11,24,50.00,7,7,33.33,4,8,FLA,47,44,49.65,48.84,63,66,57.36,113,84,59.60,354,240,50.05,476,475,39.42,136,209,38.21,47,76,35.71,25,45,FLA,47,44,50.44,65.79,25,13,59.76,49,33,55.23,132,107,50.14,176,175,42.96,61,81,41.67,25,35,42.11,8,11,FLA,47,44,46.92,64.52,40,22,55.26,42,34,55.84,153,121,44.93,186,228,36.05,53,94,41.67,25,35,37.50,9,15,2018,Regular,From
L.A,47,55,54.35,87.50,7,1,55.56,10,8,56.10,23,18,43.42,33,43,57.58,19,14,64.29,9,5,83.33,5,1,L.A,47,55,49.14,45.88,39,46,53.13,102,90,54.44,245,205,51.85,435,404,43.09,156,206,38.03,54,88,39.51,32,49,L.A,47,55,48.41,63.89,23,13,51.72,45,42,52.92,127,113,51.34,211,200,37.96,52,85,37.70,23,38,34.15,14,27,L.A,47,55,52.26,51.35,19,18,50.00,49,49,65.04,147,79,53.90,242,207,49.19,91,94,26.09,18,51,33.33,14,28,2018,Regular,From
MIN,47,55,51.46,50.00,3,3,57.14,8,6,43.24,16,21,51.52,34,32,55.00,22,18,70.59,12,5,40.00,8,12,MIN,47,55,48.95,40.63,26,38,64.86,96,52,54.24,192,162,45.99,396,465,46.88,195,221,40.26,62,92,50.39,64,63,MIN,47,55,43.88,50.00,9,9,63.46,33,19,54.73,81,67,39.41,134,206,35.90,56,100,36.23,25,44,43.10,25,33,MIN,47,55,44.55,48.15,13,14,58.62,34,24,50.54,94,92,43.93,181,231,37.17,84,142,30.68,27,61,40.32,25,37,2018,Regular,From
MTL,47,44,43.70,31.25,5,11,21.05,4,15,41.94,13,18,44.78,30,37,50.00,18,18,43.75,7,9,80.00,8,2,MTL,47,44,51.24,59.12,107,74,58.65,122,86,51.61,225,211,51.49,500,471,47.91,126,137,46.63,90,103,45.83,33,39,MTL,47,44,49.26,56.94,41,31,60.49,49,32,46.67,63,72,49.58,179,182,50.39,64,63,45.00,36,44,25.71,9,26,MTL,47,44,50.93,56.63,47,36,65.96,93,48,56.22,131,102,53.05,278,246,35.36,64,117,50.49,52,51,24.00,12,38,2018,Regular,From
N.J,47,56,49.07,62.50,5,3,40.91,9,13,44.44,16,20,55.00,44,36,40.48,17,25,52.94,9,8,50.00,3,3,N.J,47,56,49.50,52.63,50,45,51.78,102,95,53.05,209,185,50.63,400,390,47.40,210,233,35.53,54,98,47.01,63,71,N.J,47,56,48.00,58.97,23,16,51.28,40,38,52.32,79,72,44.79,146,180,48.97,95,99,35.48,22,40,46.94,23,26,N.J,47,56,45.70,73.47,36,13,44.76,47,58,53.55,98,85,46.35,184,213,40.10,81,121,32.86,23,47,25.45,14,41,2018,Regular,From
NSH,47,65,52.63,25.00,1,3,55.56,5,4,51.72,15,14,61.82,34,21,55.81,24,19,45.83,11,13,35.29,6,11,NSH,47,65,49.64,51.28,40,38,51.67,31,29,61.44,145,91,50.99,438,421,42.62,231,311,40.89,92,133,39.68,75,114,NSH,47,65,53.62,70.27,26,11,67.57,25,12,55.00,55,45,57.30,208,155,43.78,102,131,43.96,40,51,42.11,32,44,NSH,47,65,52.20,60.71,17,11,64.29,27,15,63.77,88,50,50.48,209,205,42.03,124,171,44.04,48,61,43.75,42,54,2018,Regular,From
NYI,47,50,49.94,55.56,10,8,47.83,11,12,46.00,23,27,48.05,37,40,52.63,20,18,60.00,12,8,47.62,10,11,NYI,47,50,47.03,50.23,111,110,45.79,98,116,53.97,258,220,49.35,344,353,35.48,110,200,44.63,79,98,44.91,75,92,NYI,47,50,46.86,44.44,44,55,56.73,59,45,48.13,90,97,46.44,124,143,45.54,51,61,44.00,33,42,46.05,35,41,NYI,47,50,50.49,65.35,83,44,58.12,68,49,54.92,134,110,49.31,179,184,43.03,71,94,44.57,41,51,41.03,32,46,2018,Regular,From
NYR,47,53,51.53,50.00,5,5,60.87,14,9,52.27,23,21,45.12,37,45,52.78,19,17,60.00,9,6,60.00,3,2,NYR,47,53,46.90,51.47,35,33,55.11,97,79,50.39,259,255,46.56,453,520,38.93,153,240,48.98,72,75,49.32,36,37,NYR,47,53,46.50,51.22,21,20,59.30,51,35,52.12,86,79,43.60,150,194,39.35,61,94,50.70,36,35,35.71,10,18,NYR,47,53,44.69,51.28,20,19,58.06,54,39,54.26,121,102,43.08,196,259,36.63,74,128,41.67,35,49,15.79,6,32,2018,Regular,From
OTT,47,39,44.15,60.00,9,6,28.57,6,15,47.62,20,22,44.00,33,42,47.22,17,19,36.84,7,12,37.50,3,5,OTT,47,39,47.39,53.33,88,77,50.56,90,88,52.69,225,202,45.96,392,461,46.59,164,188,37.69,49,81,45.95,34,40,OTT,47,39,48.41,56.92,37,28,58.33,49,35,49.18,90,93,49.60,188,191,46.26,68,79,40.82,20,29,21.43,6,22,OTT,47,39,45.40,64.29,54,30,62.07,90,55,57.40,128,95,42.95,207,275,31.73,66,142,32.26,20,42,28.26,13,33,2018,Regular,From
PHI,47,54,54.37,75.00,6,2,38.89,7,11,46.67,14,16,57.58,38,28,55.56,20,16,68.75,11,5,42.86,6,8,PHI,47,54,49.59,51.26,61,58,58.29,102,73,57.39,167,124,48.73,440,463,45.24,157,190,42.86,99,132,40.19,43,64,PHI,47,54,47.79,68.09,32,15,53.73,36,31,48.11,51,55,48.35,190,203,41.13,58,83,41.76,38,53,36.00,18,32,PHI,47,54,49.45,68.06,49,23,60.67,54,35,56.12,78,61,48.92,226,236,38.95,74,116,44.44,44,55,27.78,15,39,2018,Regular,From
PIT,47,51,42.75,6.67,1,14,52.63,10,9,44.68,21,26,42.19,27,37,45.45,15,18,40.00,6,9,71.43,5,2,PIT,47,51,54.14,56.21,95,74,61.42,121,76,54.76,253,209,56.86,485,368,47.69,134,147,55.13,86,70,42.68,67,90,PIT,47,51,51.78,59.72,43,29,57.14,48,36,54.84,102,84,52.02,180,166,41.00,41,59,57.97,40,29,41.67,20,28,PIT,47,51,49.18,51.11,46,44,61.70,58,36,55.61,124,99,48.58,206,218,46.15,60,70,35.23,31,57,43.48,30,39,2018,Regular,From
S.J,47,59,47.36,57.14,4,3,47.62,10,11,47.22,17,19,45.59,31,37,39.39,13,20,61.11,11,7,50.00,3,3,S.J,47,59,52.30,54.46,61,51,66.94,83,41,54.58,286,238,54.92,402,330,46.61,165,189,39.27,75,116,47.37,54,60,S.J,47,59,53.08,58.33,28,20,52.05,38,35,55.76,121,96,55.65,197,157,50.00,86,86,49.43,43,44,34.88,15,28,S.J,47,59,51.34,59.15,42,29,64.76,68,37,58.84,183,128,50.33,229,226,45.91,101,119,37.98,49,80,36.96,17,29,2018,Regular,From
STL,47,57,53.83,69.23,9,4,26.67,4,11,53.57,15,13,56.92,37,28,53.66,22,19,61.90,13,8,47.06,8,9,STL,47,57,52.55,52.38,55,50,58.02,94,68,53.60,186,161,53.30,444,389,51.49,242,228,41.42,70,99,48.61,70,74,STL,47,57,54.55,78.13,25,7,57.33,43,32,54.04,87,74,56.21,181,141,48.54,100,106,44.30,35,44,61.76,21,13,STL,47,57,46.95,52.63,20,18,47.37,36,40,51.78,102,95,45.22,213,258,43.43,109,142,42.05,37,51,43.33,26,34,2018,Regular,From
T.B,47,67,57.61,75.00,6,2,37.50,6,10,59.38,19,13,51.85,28,26,68.18,30,14,58.06,18,13,58.82,10,7,T.B,47,67,51.27,48.57,51,54,51.75,59,55,60.73,167,108,53.70,472,407,44.66,188,233,38.13,106,172,47.76,96,105,T.B,47,67,56.70,52.63,20,18,65.00,39,21,61.90,78,48,59.63,192,130,55.17,96,78,41.53,49,69,44.71,38,47,T.B,47,67,54.08,61.54,32,20,63.08,41,24,53.74,79,68,52.74,231,207,51.28,120,114,46.46,59,68,43.96,40,51,2018,Regular,From
TOR,47,55,51.40,90.00,9,1,48.15,13,14,41.18,14,20,50.82,31,30,53.85,21,18,50.00,15,15,52.38,11,10,TOR,47,55,47.69,62.16,46,28,61.41,183,115,53.38,166,145,43.01,391,518,43.10,150,198,44.87,105,129,42.47,62,84,TOR,47,55,50.06,51.52,17,16,59.26,80,55,58.71,91,64,49.76,205,207,38.24,52,84,45.24,38,46,41.43,29,41,TOR,47,55,55.49,47.50,19,21,67.15,92,45,65.63,105,55,56.09,267,209,47.56,78,86,46.67,56,64,35.96,32,57,2018,Regular,From
VAN,47,42,44.31,25.00,3,9,35.00,7,13,53.66,22,19,43.66,31,40,38.46,10,16,64.29,9,5,28.57,2,5,VAN,47,42,47.46,52.17,72,66,52.46,128,116,54.07,239,203,46.91,357,404,39.62,126,192,43.39,82,107,46.84,37,42,VAN,47,42,46.53,50.00,27,27,48.08,50,54,53.57,90,78,49.53,159,162,40.32,50,74,38.03,27,44,29.17,14,34,VAN,47,42,48.68,58.06,36,26,62.40,78,47,56.73,139,106,48.80,162,170,42.65,58,78,34.69,34,64,20.00,8,32,2018,Regular,From
VGK,47,68,56.71,50.00,4,4,30.00,3,7,75.00,27,9,58.11,43,31,58.82,30,21,53.33,16,14,33.33,5,10,VGK,47,68,52.86,51.85,28,26,67.09,53,26,55.36,186,150,53.89,506,433,47.57,196,216,48.36,103,110,42.57,86,116,VGK,47,68,53.26,50.00,9,9,67.44,29,14,61.39,97,61,50.00,186,186,49.39,81,83,48.35,44,47,46.32,44,51,VGK,47,68,51.79,47.83,11,12,71.19,42,17,56.77,109,83,53.63,244,211,40.79,93,135,39.01,55,86,40.71,46,67,2018,Regular,From
WPG,47,61,52.63,33.33,5,10,46.15,6,7,45.45,15,18,56.36,31,24,59.46,22,15,57.14,16,12,57.89,11,8,WPG,47,61,52.09,55.03,93,76,61.25,98,62,55.43,153,123,51.85,350,325,44.87,175,215,49.51,152,155,46.23,98,114,WPG,47,61,51.14,66.67,46,23,52.46,32,29,52.99,62,55,45.39,133,160,49.67,76,77,51.11,69,66,48.44,31,33,WPG,47,61,50.82,67.03,61,30,61.90,39,24,57.93,84,61,47.44,176,195,44.13,79,100,41.75,81,113,38.04,35,57,2018,Regular,From
WSH,47,60,54.25,60.00,6,4,55.56,10,8,57.89,22,16,52.11,37,34,60.61,20,13,50.00,10,10,38.46,5,8,WSH,47,60,46.47,61.65,82,51,58.65,78,55,53.04,192,170,42.24,340,465,46.59,171,196,38.78,76,120,29.17,28,68,WSH,47,60,46.31,52.31,34,31,47.27,26,29,49.40,83,85,46.44,189,218,38.42,73,117,49.56,56,57,40.00,16,24,WSH,47,60,52.85,74.32,55,19,54.43,43,36,59.90,121,81,51.11,208,199,48.12,115,124,39.84,49,74,43.24,16,21,2018,Regular,From
ANA,46,51,50.91,58.33,7,5,50.00,7,7,43.33,13,17,50.00,35,35,59.38,19,13,54.55,12,10,40.00,4,6,ANA,46,51,47.79,58.02,47,34,55.56,80,64,53.65,169,146,45.51,350,419,43.99,194,247,39.73,87,132,45.34,73,88,ANA,46,51,47.17,47.50,19,21,56.96,45,34,56.52,78,60,43.52,141,183,44.67,109,135,37.76,37,61,44.07,26,33,ANA,46,51,46.81,69.23,27,12,55.06,49,40,50.61,83,81,44.28,182,229,40.00,88,132,44.74,51,63,34.29,24,46,2018,Regular,From
ARI,46,28,38.60,52.94,9,8,46.43,13,15,38.46,20,32,34.67,26,49,28.57,8,20,25.00,2,6,66.67,2,1,ARI,46,28,46.78,56.35,111,86,49.60,124,126,49.89,220,221,47.10,431,484,42.90,133,177,39.24,31,48,58.33,7,5,ARI,46,28,44.45,52.08,50,46,46.67,49,56,54.04,107,91,43.61,215,278,39.61,61,93,40.54,15,22,18.18,2,9,ARI,46,28,48.74,60.82,59,38,54.81,74,61,51.53,135,127,50.21,235,233,45.21,85,103,39.47,15,23,37.50,6,10,2018,Regular,From
BOS,46,64,57.64,66.67,4,2,52.94,9,8,51.52,17,16,52.24,35,32,59.46,22,15,81.82,18,4,57.89,11,8,BOS,46,64,52.66,61.29,38,24,55.88,95,75,61.54,152,95,50.53,430,421,47.10,195,219,47.95,82,89,52.00,104,96,BOS,46,64,53.35,52.17,12,11,57.38,35,26,61.54,72,45,49.85,167,168,48.90,89,93,53.85,49,42,48.57,51,54,BOS,46,64,54.75,65.71,23,12,61.25,49,31,60.87,84,54,54.66,223,185,46.72,114,130,47.19,42,47,43.24,48,63,2018,Regular,From
BUF,46,31,39.95,48.28,14,15,32.14,9,19,41.46,17,24,36.76,25,43,50.00,12,12,16.67,1,5,20.00,1,4,BUF,46,31,47.57,55.81,120,95,55.76,121,96,50.91,251,242,47.62,401,441,43.07,143,189,37.93,22,36,23.81,5,16,BUF,46,31,44.20,54.74,52,43,42.50,34,46,48.06,99,107,46.64,139,159,41.38,48,68,26.32,5,14,18.18,2,9,BUF,46,31,45.87,53.70,58,50,53.41,47,41,60.17,145,96,44.93,164,201,33.58,46,91,28.21,11,28,35.71,5,9,2018,Regular,From
CAR,46,50,47.39,37.50,6,10,47.06,8,9,47.22,17,19,50.00,36,36,46.51,20,23,42.86,6,8,60.00,3,2,CAR,46,50,54.26,55.77,87,69,61.67,111,69,62.75,219,130,54.31,479,403,49.75,199,201,43.86,75,96,43.00,43,57,CAR,46,50,51.72,57.14,40,30,44.30,35,44,65.75,96,50,53.21,224,197,44.97,76,93,46.03,29,34,32.56,14,29,CAR,46,50,55.88,70.00,56,24,75.34,55,18,61.78,118,73,55.31,271,219,46.46,92,106,45.12,37,45,39.58,19,29,2018,Regular,From
CBJ,46,53,50.86,46.15,6,7,44.44,8,10,47.06,16,18,55.07,38,31,51.28,20,19,50.00,8,8,50.00,4,4,CBJ,46,53,52.54,46.46,46,53,59.92,142,95,60.33,222,146,52.82,496,443,47.44,222,246,42.77,68,91,47.73,42,46,CBJ,46,53,53.08,62.50,30,18,58.57,41,29,60.69,88,57,52.07,189,174,48.78,80,84,41.56,32,45,51.28,20,19,CBJ,46,53,48.01,56.52,26,20,58.33,63,45,49.46,92,94,52.13,233,214,38.12,85,138,32.14,27,57,39.13,18,28,2018,Regular,From
CGY,46,55,53.08,54.55,6,5,50.00,6,6,50.00,16,16,60.61,40,26,38.46,15,24,68.42,13,6,42.86,3,4,CGY,46,55,51.12,63.22,55,32,47.79,65,71,49.07,159,165,51.63,522,489,50.38,197,194,46.77,94,107,48.00,36,39,CGY,46,55,53.05,64.41,38,21,53.45,31,27,54.41,74,62,53.11,256,226,48.00,84,91,50.00,43,43,53.85,21,18,CGY,46,55,53.83,76.00,38,12,63.54,61,35,61.63,106,66,52.59,264,238,46.57,95,109,45.00,36,44,34.04,16,31,2018,Regular,From
CHI,46,50,52.35,54.55,12,10,33.33,6,12,46.67,14,16,49.23,32,33,62.07,18,11,60.00,12,8,63.64,14,8,CHI,46,50,51.34,58.94,122,85,63.19,115,67,52.65,189,170,49.89,447,449,46.64,125,143,46.15,96,112,48.42,92,98,CHI,46,50,51.93,71.43,60,24,56.41,44,34,60.50,72,47,51.03,174,167,45.87,50,59,37.88,25,41,38.16,29,47,CHI,46,50,59.07,73.95,88,31,65.79,75,39,59.02,108,75,58.57,270,191,58.79,97,68,48.48,48,51,46.49,53,61,2018,Regular,From
COL,46,57,52.78,50.00,9,9,46.67,7,8,44.44,12,15,57.35,39,29,51.16,22,21,62.50,10,6,52.63,10,9,COL,46,57,48.30,58.76,57,40,64.58,62,34,51.63,127,119,46.54,377,433,47.05,231,260,32.19,47,99,41.45,63,89,COL,46,57,48.40,44.90,22,27,52.27,23,21,51.33,58,55,47.42,156,173,49.40,82,84,42.03,29,40,43.55,27,35,COL,46,57,50.17,49.18,30,31,75.56,34,11,53.80,85,73,50.22,228,226,49.61,128,130,26.47,18,50,31.71,26,56,2018,Regular,From
DAL,46,55,53.75,57.14,4,3,28.57,4,10,54.84,17,14,55.22,37,30,54.55,24,20,52.94,9,8,66.67,10,5,DAL,46,55,52.04,67.96,70,33,61.90,78,48,54.01,148,126,52.28,448,409,45.74,177,210,37.18,29,49,47.21,93,104,DAL,46,55,53.34,61.54,16,10,58.82,30,21,55.38,72,58,52.05,165,152,52.32,79,72,52.38,22,20,44.04,48,61,DAL,46,55,53.70,59.52,25,17,68.35,54,25,58.75,94,66,51.88,249,231,49.78,113,114,29.79,14,33,46.40,58,67,2018,Regular,From
DET,46,45,45.25,35.71,5,9,35.00,7,13,41.03,16,23,47.46,28,31,46.15,18,21,61.54,8,5,60.00,3,2,DET,46,45,48.23,56.20,68,53,55.87,100,79,50.69,183,178,48.61,419,443,41.33,143,203,47.89,91,99,35.71,35,63,DET,46,45,52.36,59.57,28,19,46.43,39,45,54.29,76,64,56.31,183,142,49.01,74,77,47.44,37,41,40.00,18,27,DET,46,45,45.39,68.33,41,19,59.74,46,31,53.76,100,86,43.51,161,209,35.06,54,100,36.47,31,54,22.73,10,34,2018,Regular,From
EDM,46,43,49.23,35.71,5,9,52.63,10,9,46.67,21,24,46.88,30,34,55.17,16,13,57.14,8,6,52.94,9,8,EDM,46,43,52.15,57.71,131,96,53.87,146,125,56.52,247,190,51.20,447,426,52.97,125,111,50.00,49,49,49.21,62,64,EDM,46,43,53.87,54.95,50,41,53.85,56,48,57.30,106,79,55.43,194,156,45.10,46,56,60.47,26,17,57.14,36,27,EDM,46,43,49.39,65.49,74,39,58.14,75,54,52.67,128,115,52.52,250,226,43.51,57,74,20.29,14,55,35.21,25,46,2018,Regular,From
FLA,46,44,44.63,30.77,4,9,52.00,13,12,54.17,26,22,43.66,31,40,32.35,11,23,50.00,7,7,33.33,4,8,FLA,46,44,49.75,48.84,63,66,56.83,104,79,59.80,354,238,50.05,463,462,40.00,136,204,38.21,47,76,35.71,25,45,FLA,46,44,50.22,65.79,25,13,58.23,46,33,55.46,132,106,50.15,169,168,42.75,59,79,41.67,25,35,42.11,8,11,FLA,46,44,46.79,64.52,40,22,54.79,40,33,55.84,153,121,44.63,183,227,36.11,52,92,41.67,25,35,37.50,9,15,2018,Regular,From
L.A,46,53,54.37,87.50,7,1,55.56,10,8,57.50,23,17,43.42,33,43,56.25,18,14,64.29,9,5,83.33,5,1,L.A,46,53,48.99,45.88,39,46,51.65,94,88,54.18,240,203,51.79,434,404,43.24,147,193,38.03,54,88,39.51,32,49,L.A,46,53,48.25,63.89,23,13,51.22,42,40,52.72,126,113,51.34,210,199,37.80,48,79,37.70,23,38,34.15,14,27,L.A,46,53,52.01,51.35,19,18,45.45,40,48,64.73,145,79,53.79,241,207,50.29,88,87,26.09,18,51,33.33,14,28,2018,Regular,From
MIN,46,53,50.78,50.00,3,3,57.14,8,6,43.24,16,21,51.52,34,32,53.85,21,18,64.29,9,5,42.11,8,11,MIN,46,53,48.61,40.63,26,38,64.86,96,52,54.24,192,162,45.77,390,462,46.86,194,220,38.17,50,81,48.31,57,61,MIN,46,53,44.12,50.00,9,9,63.46,33,19,54.73,81,67,39.88,134,202,36.60,56,97,38.10,24,39,41.51,22,31,MIN,46,53,44.08,48.15,13,14,58.62,34,24,50.54,94,92,43.77,179,230,36.07,79,140,28.57,20,50,40.35,23,34,2018,Regular,From
MTL,46,44,44.29,31.25,5,11,22.22,4,14,43.33,13,17,44.62,29,36,51.43,18,17,43.75,7,9,80.00,8,2,MTL,46,44,51.32,58.66,105,74,58.94,122,85,51.29,219,208,51.96,490,453,47.51,124,137,46.63,90,103,45.83,33,39,MTL,46,44,49.16,56.94,41,31,60.49,49,32,46.21,61,71,49.72,175,177,50.39,64,63,45.00,36,44,25.71,9,26,MTL,46,44,51.32,56.63,47,36,65.96,93,48,57.80,126,92,53.24,271,238,35.75,64,115,50.49,52,51,24.00,12,38,2018,Regular,From
N.J,46,56,49.03,62.50,5,3,40.91,9,13,44.44,16,20,54.55,42,35,41.46,17,24,52.94,9,8,50.00,3,3,N.J,46,56,49.17,52.63,50,45,51.78,102,95,52.11,198,182,50.20,381,378,47.39,209,232,35.53,54,98,47.01,63,71,N.J,46,56,47.91,58.97,23,16,51.28,40,38,52.70,78,70,44.65,142,176,48.96,94,98,35.48,22,40,46.94,23,26,N.J,46,56,45.56,73.47,36,13,44.76,47,58,53.37,95,83,45.85,177,209,40.70,81,118,32.86,23,47,25.45,14,41,2018,Regular,From
NSH,46,63,52.08,25.00,1,3,55.56,5,4,51.72,15,14,61.11,33,21,54.76,23,19,45.83,11,13,35.29,6,11,NSH,46,63,49.64,51.28,40,38,51.67,31,29,61.44,145,91,50.96,425,409,42.53,225,304,40.74,88,128,40.11,75,112,NSH,46,63,53.51,70.27,26,11,67.57,25,12,55.00,55,45,56.90,202,153,43.56,98,127,45.45,40,48,42.67,32,43,NSH,46,63,52.38,60.71,17,11,64.29,27,15,63.77,88,50,50.37,203,200,42.71,123,165,44.04,48,61,44.21,42,53,2018,Regular,From
NYI,46,50,50.30,52.94,9,8,52.38,11,10,46.00,23,27,48.00,36,39,54.05,20,17,60.00,12,8,47.62,10,11,NYI,46,50,47.20,52.36,111,101,45.41,94,113,53.91,255,218,49.41,333,341,35.39,109,199,44.63,79,98,44.91,75,92,NYI,46,50,47.18,44.90,44,54,56.57,56,43,48.91,90,94,47.49,123,136,45.05,50,61,44.00,33,42,46.05,35,41,NYI,46,50,50.49,65.04,80,43,57.76,67,49,55.37,134,108,49.29,174,179,42.86,69,92,44.57,41,51,41.03,32,46,2018,Regular,From
NYR,46,53,52.23,50.00,5,5,60.87,14,9,54.76,23,19,45.68,37,44,52.78,19,17,60.00,9,6,60.00,3,2,NYR,46,53,47.13,51.47,35,33,55.11,97,79,50.86,236,228,46.78,451,513,38.93,153,240,48.98,72,75,49.32,36,37,NYR,46,53,46.55,51.22,21,20,58.82,50,35,53.55,83,72,43.53,148,192,39.35,61,94,50.70,36,35,35.71,10,18,NYR,46,53,45.08,51.28,20,19,58.24,53,38,56.92,111,84,43.05,195,258,36.63,74,128,41.67,35,49,15.79,6,32,2018,Regular,From
OTT,46,39,44.09,60.00,9,6,28.57,6,15,47.62,20,22,43.84,32,41,47.22,17,19,36.84,7,12,37.50,3,5,OTT,46,39,47.81,53.33,88,77,50.56,90,88,53.70,225,194,46.70,382,436,46.27,155,180,37.69,49,81,45.95,34,40,OTT,46,39,48.57,56.92,37,28,58.33,49,35,48.90,89,93,50.00,185,185,47.52,67,74,40.82,20,29,21.43,6,22,OTT,46,39,45.47,64.29,54,30,62.07,90,55,57.80,126,92,42.98,202,268,31.50,63,137,32.26,20,42,28.26,13,33,2018,Regular,From
PHI,46,52,53.86,75.00,6,2,38.89,7,11,46.67,14,16,56.25,36,28,55.56,20,16,68.75,11,5,42.86,6,8,PHI,46,52,49.77,51.26,61,58,58.29,102,73,57.39,167,124,49.14,428,443,45.27,153,185,42.86,99,132,40.19,43,64,PHI,46,52,47.84,68.09,32,15,53.73,36,31,48.11,51,55,48.40,181,193,41.98,55,76,41.76,38,53,36.00,18,32,PHI,46,52,50.07,68.06,49,23,60.67,54,35,56.12,78,61,49.89,224,225,40.11,73,109,44.44,44,55,27.78,15,39,2018,Regular,From
PIT,46,51,43.29,6.67,1,14,55.56,10,8,45.65,21,25,41.94,26,36,46.88,15,17,40.00,6,9,71.43,5,2,PIT,46,51,54.06,56.10,92,72,61.38,116,73,54.10,244,207,56.95,475,359,47.84,133,145,55.13,86,70,42.68,67,90,PIT,46,51,51.86,60.61,40,26,56.25,45,35,55.19,101,82,52.21,177,162,41.41,41,58,57.97,40,29,41.67,20,28,PIT,46,51,48.91,49.41,42,43,60.67,54,35,55.45,122,98,48.44,202,215,46.15,60,70,35.23,31,57,43.48,30,39,2018,Regular,From
S.J,46,58,47.47,50.00,3,3,45.00,9,11,47.06,16,18,47.69,31,34,39.39,13,20,61.11,11,7,50.00,3,3,S.J,46,58,52.32,53.77,57,49,67.54,77,37,54.35,281,236,55.24,395,320,46.61,165,189,39.27,75,116,47.37,54,60,S.J,46,58,53.50,56.52,26,20,54.29,38,32,56.19,118,92,56.65,196,150,50.00,86,86,49.43,43,44,34.88,15,28,S.J,46,58,51.42,60.61,40,26,65.63,63,33,58.09,176,127,50.68,222,216,45.91,101,119,37.98,49,80,36.96,17,29,2018,Regular,From
STL,46,55,53.34,69.23,9,4,26.67,4,11,51.85,14,13,56.25,36,28,53.66,22,19,61.90,13,8,47.06,8,9,STL,46,55,52.43,52.38,55,50,58.02,94,68,53.17,176,155,53.14,415,366,51.49,242,228,41.42,70,99,48.61,70,74,STL,46,55,54.40,78.13,25,7,57.33,43,32,53.75,86,74,56.35,173,134,48.54,100,106,44.30,35,44,61.76,21,13,STL,46,55,47.12,52.63,20,18,47.37,36,40,51.55,100,94,45.68,201,239,43.43,109,142,42.05,37,51,43.33,26,34,2018,Regular,From
T.B,46,65,57.39,75.00,6,2,37.50,6,10,59.38,19,13,51.85,28,26,67.44,29,14,58.06,18,13,58.82,10,7,T.B,46,65,51.40,48.57,51,54,51.75,59,55,60.73,167,108,54.50,460,384,43.67,176,227,38.27,106,171,47.76,96,105,T.B,46,65,56.38,52.63,20,18,65.00,39,21,61.90,78,48,59.29,185,127,54.65,94,78,41.88,49,68,44.71,38,47,T.B,46,65,54.35,61.54,32,20,63.08,41,24,53.74,79,68,53.19,225,198,51.80,115,107,46.83,59,67,43.96,40,51,2018,Regular,From
TOR,46,54,51.43,90.00,9,1,48.15,13,14,41.18,14,20,50.85,30,29,52.63,20,18,51.72,15,14,52.38,11,10,TOR,46,54,47.67,62.16,46,28,61.41,183,115,53.38,166,145,42.66,369,496,43.10,150,198,45.33,102,123,42.47,62,84,TOR,46,54,50.10,51.52,17,16,59.26,80,55,58.71,91,64,50.00,198,198,38.24,52,84,45.78,38,45,41.43,29,41,TOR,46,54,55.22,47.50,19,21,67.15,92,45,65.63,105,55,55.80,255,202,47.56,78,86,45.54,51,61,35.96,32,57,2018,Regular,From
VAN,46,42,44.54,25.00,3,9,35.00,7,13,53.66,22,19,44.29,31,39,38.46,10,16,64.29,9,5,28.57,2,5,VAN,46,42,47.60,52.17,72,66,52.46,128,116,54.80,217,179,47.01,354,399,39.62,126,192,43.39,82,107,46.84,37,42,VAN,46,42,46.80,50.00,27,27,48.08,50,54,56.08,83,65,49.53,159,162,40.32,50,74,38.03,27,44,29.17,14,34,VAN,46,42,48.60,58.06,36,26,62.40,78,47,56.50,126,97,48.78,160,168,42.65,58,78,34.69,34,64,20.00,8,32,2018,Regular,From
VGK,46,66,56.72,50.00,4,4,30.00,3,7,74.29,26,9,58.33,42,30,59.18,29,20,51.72,15,14,35.71,5,9,VGK,46,66,52.75,51.85,28,26,67.09,53,26,55.36,186,150,53.52,487,423,47.90,194,211,48.22,95,102,42.79,86,115,VGK,46,66,53.24,50.00,9,9,67.44,29,14,61.39,97,61,49.73,181,183,49.08,80,83,50.00,40,40,47.31,44,49,VGK,46,66,51.62,47.83,11,12,71.19,42,17,56.77,109,83,53.24,238,209,40.36,90,133,38.93,51,80,41.44,46,65,2018,Regular,From
WPG,46,59,52.66,33.33,5,10,46.15,6,7,43.75,14,18,57.41,31,23,59.46,22,15,57.14,16,12,57.89,11,8,WPG,46,59,51.97,55.03,93,76,61.25,98,62,53.57,135,117,52.09,336,309,44.87,175,215,49.51,152,155,46.23,98,114,WPG,46,59,51.34,66.67,46,23,52.46,32,29,53.70,58,50,45.65,126,150,49.67,76,77,51.11,69,66,48.44,31,33,WPG,46,59,51.12,67.03,61,30,61.90,39,24,57.66,79,58,48.31,171,183,44.13,79,100,41.75,81,113,38.04,35,57,2018,Regular,From
WSH,46,60,54.52,60.00,6,4,52.94,9,8,59.46,22,15,52.86,37,33,60.61,20,13,50.00,10,10,38.46,5,8,WSH,46,60,46.39,61.65,82,51,58.33,77,55,52.54,186,168,42.20,330,452,46.59,171,196,38.78,76,120,29.17,28,68,WSH,46,60,46.20,52.31,34,31,47.27,26,29,50.31,81,80,46.07,176,206,38.42,73,117,49.56,56,57,40.00,16,24,WSH,46,60,53.20,74.32,55,19,54.43,43,36,59.90,115,77,52.08,200,184,48.12,115,124,39.84,49,74,43.24,16,21,2018,Regular,From
ANA,45,49,50.06,58.33,7,5,50.00,7,7,41.38,12,17,50.00,34,34,58.06,18,13,52.38,11,10,40.00,4,6,ANA,45,49,47.86,58.02,47,34,55.56,80,64,53.53,167,145,45.47,341,409,44.65,192,238,39.81,84,127,45.51,71,85,ANA,45,49,47.02,47.50,19,21,56.96,45,34,56.20,77,60,43.22,137,180,44.40,107,134,38.30,36,58,43.40,23,30,ANA,45,49,46.99,69.23,27,12,55.06,49,40,50.61,83,81,44.31,179,225,40.09,87,130,45.87,50,59,35.38,23,42,2018,Regular,From
ARI,45,27,37.98,52.94,9,8,44.44,12,15,38.00,19,31,34.67,26,49,28.57,8,20,25.00,2,6,66.67,2,1,ARI,45,27,46.47,56.35,111,86,49.38,119,122,49.04,204,212,46.90,424,480,42.90,133,177,39.24,31,48,58.33,7,5,ARI,45,27,44.14,52.08,50,46,46.00,46,54,53.13,102,90,43.42,208,271,39.61,61,93,40.54,15,22,18.18,2,9,ARI,45,27,48.21,60.82,59,38,53.60,67,58,50.81,125,121,49.34,224,230,45.21,85,103,39.47,15,23,37.50,6,10,2018,Regular,From
BOS,45,62,57.71,66.67,4,2,52.94,9,8,50.00,16,16,53.13,34,30,59.46,22,15,81.82,18,4,57.89,11,8,BOS,45,62,52.99,61.29,38,24,55.88,95,75,61.63,151,94,50.98,418,402,48.00,192,208,47.95,82,89,52.00,104,96,BOS,45,62,53.42,52.17,12,11,57.38,35,26,61.74,71,44,49.85,163,164,48.60,87,92,53.85,49,42,48.57,51,54,BOS,45,62,54.86,65.71,23,12,61.25,49,31,60.00,81,54,55.16,219,178,46.86,112,127,47.19,42,47,43.24,48,63,2018,Regular,From
BUF,45,31,40.97,53.85,14,12,34.62,9,17,41.46,17,24,37.31,25,42,50.00,12,12,16.67,1,5,20.00,1,4,BUF,45,31,47.72,56.85,112,85,55.98,117,92,50.92,248,239,47.97,401,435,43.07,143,189,37.93,22,36,23.81,5,16,BUF,45,31,44.09,55.68,49,39,41.03,32,46,48.28,98,105,46.28,137,159,41.38,48,68,26.32,5,14,18.18,2,9,BUF,45,31,45.96,52.48,53,48,54.12,46,39,60.25,144,95,45.15,163,198,33.58,46,91,28.21,11,28,35.71,5,9,2018,Regular,From
CAR,45,48,47.02,37.50,6,10,47.06,8,9,47.22,17,19,50.00,36,36,45.24,19,23,42.86,6,8,60.00,3,2,CAR,45,48,54.16,55.77,87,69,61.67,111,69,62.75,219,130,54.31,466,392,49.61,189,192,43.86,75,96,43.00,43,57,CAR,45,48,52.05,57.14,40,30,44.30,35,44,65.75,96,50,53.96,218,186,45.00,72,88,46.03,29,34,32.56,14,29,CAR,45,48,55.74,70.00,56,24,75.34,55,18,61.78,118,73,54.93,262,215,46.28,87,101,45.12,37,45,39.58,19,29,2018,Regular,From
CBJ,45,53,51.24,41.67,5,7,50.00,8,8,47.06,16,18,55.88,38,30,51.28,20,19,50.00,8,8,50.00,4,4,CBJ,45,53,52.43,46.39,45,52,60.00,135,90,60.33,219,144,52.79,492,440,47.24,214,239,42.77,68,91,47.73,42,46,CBJ,45,53,53.07,60.00,24,16,60.61,40,26,60.00,84,56,52.37,188,171,48.43,77,82,41.56,32,45,51.28,20,19,CBJ,45,53,47.91,48.65,18,19,59.22,61,42,50.00,91,91,52.26,231,211,37.50,81,135,32.14,27,57,39.13,18,28,2018,Regular,From
CGY,45,54,53.03,54.55,6,5,50.00,6,6,50.00,16,16,60.00,39,26,39.47,15,23,68.42,13,6,42.86,3,4,CGY,45,54,51.25,63.22,55,32,47.79,65,71,49.07,159,165,51.58,506,475,52.04,191,176,46.77,94,107,48.00,36,39,CGY,45,54,52.91,64.41,38,21,53.45,31,27,54.41,74,62,52.90,246,219,47.59,79,87,50.00,43,43,53.85,21,18,CGY,45,54,53.65,76.00,38,12,63.54,61,35,61.63,106,66,51.96,252,233,46.94,92,104,45.00,36,44,34.04,16,31,2018,Regular,From
CHI,45,50,52.85,52.63,10,9,37.50,6,10,48.28,14,15,49.21,31,32,62.07,18,11,60.00,12,8,63.64,14,8,CHI,45,50,51.39,60.82,104,67,63.22,110,64,52.60,182,164,50.00,445,445,46.44,124,143,46.15,96,112,48.42,92,98,CHI,45,50,52.27,76.00,57,18,56.58,43,33,60.68,71,46,51.33,174,165,44.86,48,59,37.88,25,41,38.16,29,47,CHI,45,50,59.27,75.76,75,24,65.45,72,38,58.99,105,73,58.95,270,188,58.54,96,68,48.48,48,51,46.49,53,61,2018,Regular,From
COL,45,55,52.30,50.00,9,9,46.67,7,8,42.31,11,15,56.92,37,28,51.22,21,20,62.50,10,6,52.63,10,9,COL,45,55,48.24,58.76,57,40,64.58,62,34,51.63,127,119,46.48,363,418,47.15,223,250,32.41,47,98,41.45,63,89,COL,45,55,48.27,44.90,22,27,52.27,23,21,50.89,57,55,47.27,147,164,49.68,78,79,41.18,28,40,43.55,27,35,COL,45,55,50.63,49.18,30,31,75.56,34,11,53.50,84,73,50.90,226,218,50.80,127,123,26.47,18,50,31.71,26,56,2018,Regular,From
DAL,45,53,53.76,57.14,4,3,28.57,4,10,53.33,16,14,56.06,37,29,54.76,23,19,52.94,9,8,66.67,10,5,DAL,45,53,51.85,67.96,70,33,61.90,78,48,53.85,147,126,52.29,445,406,44.57,164,204,39.19,29,45,47.21,93,104,DAL,45,53,53.34,61.54,16,10,58.82,30,21,55.38,72,58,51.90,164,152,52.48,74,67,52.63,20,18,44.04,48,61,DAL,45,53,53.97,59.52,25,17,68.35,54,25,58.75,94,66,51.68,246,230,51.23,104,99,32.56,14,29,46.40,58,67,2018,Regular,From
DET,45,43,44.25,35.71,5,9,35.00,7,13,41.03,16,23,46.55,27,31,44.74,17,21,58.33,7,5,60.00,3,2,DET,45,43,48.07,56.20,68,53,55.87,100,79,50.69,183,178,48.71,414,436,40.85,134,194,46.33,82,95,37.63,35,58,DET,45,43,52.09,59.57,28,19,46.43,39,45,54.29,76,64,56.17,182,142,49.64,69,70,45.21,33,40,37.21,16,27,DET,45,43,45.38,68.33,41,19,59.74,46,31,53.76,100,86,43.84,160,205,33.33,48,96,36.90,31,53,23.26,10,33,2018,Regular,From
EDM,45,41,48.86,35.71,5,9,52.63,10,9,45.45,20,24,45.90,28,33,57.14,16,12,57.14,8,6,52.94,9,8,EDM,45,41,52.23,57.71,131,96,53.87,146,125,56.81,246,187,51.37,430,407,53.22,124,109,50.00,49,49,49.21,62,64,EDM,45,41,54.23,54.95,50,41,53.85,56,48,57.92,106,77,56.01,191,150,45.10,46,56,60.47,26,17,57.14,36,27,EDM,45,41,49.77,65.49,74,39,58.14,75,54,52.89,128,114,53.45,248,216,43.51,57,74,20.29,14,55,35.21,25,46,2018,Regular,From
FLA,45,44,45.32,36.36,4,7,54.17,13,11,55.32,26,21,43.66,31,40,32.35,11,23,50.00,7,7,33.33,4,8,FLA,45,44,49.74,50.00,53,53,57.14,100,75,59.59,348,236,50.05,457,456,40.00,136,204,38.21,47,76,35.71,25,45,FLA,45,44,49.88,65.63,21,11,58.11,43,31,54.51,127,106,50.00,165,165,42.75,59,79,41.67,25,35,42.11,8,11,FLA,45,44,46.59,64.58,31,17,52.86,37,33,55.72,151,120,44.74,183,226,36.11,52,92,41.67,25,35,37.50,9,15,2018,Regular,From
L.A,45,53,54.58,87.50,7,1,55.56,10,8,56.41,22,17,44.59,33,41,56.25,18,14,64.29,9,5,83.33,5,1,L.A,45,53,48.87,45.88,39,46,51.65,94,88,53.67,234,202,52.06,417,384,43.24,147,193,38.03,54,88,39.51,32,49,L.A,45,53,48.33,63.89,23,13,51.22,42,40,52.61,121,109,51.70,198,185,37.80,48,79,37.70,23,38,34.15,14,27,L.A,45,53,51.56,51.35,19,18,45.45,40,48,64.19,138,77,53.18,226,199,50.29,88,87,26.09,18,51,33.33,14,28,2018,Regular,From
MIN,45,52,51.25,50.00,3,3,57.14,8,6,43.24,16,21,51.56,33,31,56.76,21,16,64.29,9,5,42.11,8,11,MIN,45,52,48.44,40.63,26,38,64.86,96,52,54.24,192,162,45.51,375,449,46.77,188,214,38.17,50,81,48.31,57,61,MIN,45,52,44.18,50.00,9,9,63.46,33,19,54.73,81,67,39.56,125,191,36.67,55,95,38.10,24,39,41.51,22,31,MIN,45,52,43.94,48.15,13,14,58.62,34,24,50.54,94,92,43.69,173,223,35.51,76,138,28.57,20,50,40.35,23,34,2018,Regular,From
MTL,45,42,43.85,31.25,5,11,22.22,4,14,43.33,13,17,43.75,28,36,50.00,17,17,46.67,7,8,80.00,8,2,MTL,45,42,51.29,58.66,105,74,58.94,122,85,51.29,219,208,51.85,477,443,48.22,122,131,46.88,90,102,45.83,33,39,MTL,45,42,48.99,56.94,41,31,60.49,49,32,46.21,61,71,49.85,163,164,49.17,59,61,45.00,36,44,25.71,9,26,MTL,45,42,51.11,56.63,47,36,65.96,93,48,57.80,126,92,52.67,256,230,35.50,60,109,50.49,52,51,24.00,12,38,2018,Regular,From
N.J,45,56,49.58,62.50,5,3,42.86,9,12,45.71,16,19,55.26,42,34,41.46,17,24,52.94,9,8,50.00,3,3,N.J,45,56,49.13,50.00,45,45,53.26,98,86,52.21,189,173,50.07,374,373,47.39,209,232,35.53,54,98,47.01,63,71,N.J,45,56,48.27,62.16,23,14,53.42,39,34,52.21,71,65,44.79,142,175,48.96,94,98,35.48,22,40,46.94,23,26,N.J,45,56,45.44,72.92,35,13,44.23,46,58,54.17,91,77,45.41,173,208,40.70,81,118,32.86,23,47,25.45,14,41,2018,Regular,From
NSH,45,62,52.98,25.00,1,3,55.56,5,4,51.72,15,14,62.75,32,19,57.50,23,17,45.83,11,13,35.29,6,11,NSH,45,62,49.49,51.28,40,38,51.67,31,29,61.28,144,91,50.75,405,393,42.66,221,297,40.74,88,128,40.11,75,112,NSH,45,62,53.64,70.27,26,11,67.57,25,12,55.00,55,45,57.18,199,149,43.44,96,125,45.45,40,48,42.67,32,43,NSH,45,62,52.23,60.71,17,11,64.29,27,15,63.50,87,50,49.74,188,190,42.91,121,161,44.04,48,61,44.21,42,53,2018,Regular,From
NYI,45,50,50.61,52.94,9,8,55.00,11,9,46.94,23,26,47.95,35,38,54.05,20,17,60.00,12,8,47.62,10,11,NYI,45,50,47.35,53.68,102,88,44.83,91,112,54.03,255,217,49.77,327,330,35.35,105,192,44.63,79,98,44.91,75,92,NYI,45,50,47.55,47.56,39,43,56.12,55,43,48.91,90,94,47.45,121,134,44.76,47,58,44.00,33,42,46.05,35,41,NYI,45,50,50.55,64.04,73,41,58.26,67,48,55.19,133,108,50.00,173,173,42.41,67,91,44.57,41,51,41.03,32,46,2018,Regular,From
NYR,45,51,51.42,50.00,5,5,60.87,14,9,54.76,23,19,42.86,33,44,54.29,19,16,60.00,9,6,60.00,3,2,NYR,45,51,46.98,51.47,35,33,55.11,97,79,50.86,236,228,46.46,439,506,38.87,138,217,48.98,72,75,49.32,36,37,NYR,45,51,46.50,51.22,21,20,58.82,50,35,53.55,83,72,44.01,147,187,37.32,53,89,50.70,36,35,35.71,10,18,NYR,45,51,44.97,51.28,20,19,58.24,53,38,56.92,111,84,42.60,190,256,36.81,67,115,41.67,35,49,15.79,6,32,2018,Regular,From
OTT,45,39,44.57,60.00,9,6,30.00,6,14,48.78,20,21,44.44,32,40,47.22,17,19,36.84,7,12,37.50,3,5,OTT,45,39,48.13,53.37,87,76,52.05,89,82,54.50,212,177,46.97,380,429,46.27,155,180,37.69,49,81,45.95,34,40,OTT,45,39,48.32,56.92,37,28,57.50,46,34,47.37,81,90,50.14,184,183,47.52,67,74,40.82,20,29,21.43,6,22,OTT,45,39,45.76,64.29,54,30,62.59,87,52,59.02,121,84,43.17,199,262,31.50,63,137,32.26,20,42,28.26,13,33,2018,Regular,From
PHI,45,50,53.02,75.00,6,2,38.89,7,11,46.67,14,16,55.56,35,28,54.29,19,16,66.67,10,5,42.86,6,8,PHI,45,50,49.62,51.26,61,58,58.29,102,73,57.39,167,124,49.20,428,442,45.37,152,183,41.71,83,116,39.80,39,59,PHI,45,50,47.54,68.09,32,15,53.73,36,31,48.11,51,55,48.53,181,192,42.31,55,75,39.02,32,50,32.61,15,31,PHI,45,50,49.85,68.06,49,23,60.67,54,35,56.12,78,61,50.00,224,224,39.44,71,109,42.35,36,49,28.57,14,35,2018,Regular,From
PIT,45,49,42.15,6.67,1,14,55.56,10,8,44.44,20,25,40.68,24,35,46.67,14,16,35.71,5,9,71.43,5,2,PIT,45,49,53.77,56.10,92,72,61.38,116,73,53.29,235,206,56.95,471,356,47.35,116,129,54.97,83,68,42.68,67,90,PIT,45,49,51.84,60.61,40,26,56.25,45,35,54.70,99,82,52.52,177,160,40.43,38,56,57.97,40,29,41.67,20,28,PIT,45,49,48.69,49.41,42,43,60.67,54,35,54.88,118,97,48.55,201,213,45.97,57,67,33.72,29,57,43.48,30,39,2018,Regular,From
S.J,45,56,46.47,50.00,3,3,45.00,9,11,47.06,16,18,46.88,30,34,37.50,12,20,62.50,10,6,40.00,2,3,S.J,45,56,52.49,53.77,57,49,67.54,77,37,54.35,281,236,55.56,390,312,46.96,162,183,39.56,72,110,48.08,50,54,S.J,45,56,53.87,56.52,26,20,54.29,38,32,56.19,118,92,57.06,194,146,50.60,84,82,52.50,42,38,28.57,10,25,S.J,45,56,51.49,60.61,40,26,65.63,63,33,58.09,176,127,50.93,220,212,45.62,99,118,37.50,45,75,39.02,16,25,2018,Regular,From
STL,45,55,53.99,66.67,8,4,28.57,4,10,53.85,14,12,55.74,34,27,55.26,21,17,65.00,13,7,47.06,8,9,STL,45,55,52.49,52.53,52,47,57.82,85,62,53.17,176,155,53.38,411,359,51.75,237,221,41.32,69,98,48.61,70,74,STL,45,55,54.83,77.78,21,6,56.92,37,28,53.75,86,74,57.28,173,129,49.24,97,100,44.30,35,44,61.76,21,13,STL,45,55,46.97,54.05,20,17,46.38,32,37,51.55,100,94,45.50,197,236,43.15,104,137,41.38,36,51,43.33,26,34,2018,Regular,From
T.B,45,65,58.20,71.43,5,2,46.15,6,7,61.29,19,12,51.85,28,26,67.44,29,14,58.06,18,13,58.82,10,7,T.B,45,65,51.67,51.04,49,47,52.75,48,43,60.81,166,107,54.73,457,378,43.67,176,227,38.27,106,171,47.76,96,105,T.B,45,65,56.12,54.55,18,15,62.96,34,20,60.98,75,48,58.77,181,127,54.65,94,78,41.88,49,68,44.71,38,47,T.B,45,65,54.71,61.70,29,18,63.83,30,17,55.00,77,63,53.33,224,196,51.80,115,107,46.83,59,67,43.96,40,51,2018,Regular,From
TOR,45,53,51.81,90.00,9,1,48.15,13,14,41.18,14,20,51.72,30,28,54.05,20,17,51.72,15,14,52.38,11,10,TOR,45,53,47.73,62.16,46,28,61.41,183,115,53.38,166,145,42.56,346,467,43.37,144,188,45.33,102,123,42.47,62,84,TOR,45,53,50.25,51.52,17,16,59.26,80,55,58.71,91,64,50.13,191,190,38.52,52,83,45.78,38,45,41.43,29,41,TOR,45,53,55.09,47.50,19,21,67.15,92,45,65.63,105,55,55.40,236,190,47.83,77,84,45.54,51,61,35.96,32,57,2018,Regular,From
VAN,45,42,45.27,25.00,3,9,36.84,7,12,55.26,21,17,45.59,31,37,38.46,10,16,64.29,9,5,28.57,2,5,VAN,45,42,47.63,52.99,71,63,52.99,124,110,54.89,202,166,47.00,352,397,39.62,126,192,43.39,82,107,46.84,37,42,VAN,45,42,46.48,49.06,26,27,48.04,49,53,55.00,77,63,49.36,155,159,40.32,50,74,38.03,27,44,29.17,14,34,VAN,45,42,48.71,58.06,36,26,62.93,73,43,57.62,121,89,48.31,157,168,42.65,58,78,34.69,34,64,20.00,8,32,2018,Regular,From
VGK,45,64,56.08,50.00,4,4,30.00,3,7,74.29,26,9,57.75,41,30,59.18,29,20,50.00,14,14,30.77,4,9,VGK,45,64,52.57,51.85,28,26,67.09,53,26,55.36,186,150,53.47,486,423,47.75,191,209,49.19,91,94,40.57,71,104,VGK,45,64,53.14,50.00,9,9,67.44,29,14,61.39,97,61,49.73,181,183,49.07,79,82,49.35,38,39,46.84,37,42,VGK,45,64,51.87,47.83,11,12,71.19,42,17,56.77,109,83,53.26,237,208,40.91,90,130,39.06,50,78,43.14,44,58,2018,Regular,From
WPG,45,59,53.39,33.33,5,10,50.00,6,6,46.67,14,16,57.41,31,23,59.46,22,15,57.14,16,12,57.89,11,8,WPG,45,59,52.15,55.90,90,71,59.15,84,58,54.74,127,105,52.68,334,300,44.87,175,215,49.51,152,155,46.23,98,114,WPG,45,59,51.25,67.16,45,22,52.73,29,26,52.88,55,49,45.26,124,150,49.67,76,77,51.11,69,66,48.44,31,33,WPG,45,59,51.34,66.67,60,30,62.50,35,21,57.81,74,54,48.85,170,178,44.13,79,100,41.75,81,113,38.04,35,57,2018,Regular,From
WSH,45,59,54.81,60.00,6,4,50.00,8,8,58.82,20,14,55.22,37,30,60.61,20,13,50.00,10,10,38.46,5,8,WSH,45,59,46.65,61.65,82,51,58.02,76,55,53.71,181,156,42.56,326,440,46.59,171,196,38.78,76,120,29.17,28,68,WSH,45,59,46.56,52.31,34,31,47.27,26,29,51.68,77,72,46.34,171,198,38.42,73,117,49.56,56,57,40.00,16,24,WSH,45,59,53.16,74.32,55,19,54.43,43,36,59.46,110,75,52.11,198,182,48.12,115,124,39.84,49,74,43.24,16,21,2018,Regular,From
ANA,44,49,50.24,58.33,7,5,46.15,6,7,42.86,12,16,50.75,34,33,58.06,18,13,52.38,11,10,40.00,4,6,ANA,44,49,47.56,58.02,47,34,53.79,71,61,53.13,153,135,45.20,334,405,44.65,192,238,39.81,84,127,45.51,71,85,ANA,44,49,46.85,47.50,19,21,53.52,38,33,56.39,75,58,43.45,136,177,44.40,107,134,38.30,36,58,43.40,23,30,ANA,44,49,47.26,69.23,27,12,54.32,44,37,52.56,82,74,44.33,176,221,40.09,87,130,45.87,50,59,35.38,23,42,2018,Regular,From
ARI,44,26,37.32,52.94,9,8,44.44,12,15,32.61,15,31,35.71,25,45,29.63,8,19,25.00,2,6,66.67,2,1,ARI,44,26,46.90,56.35,111,86,49.38,119,122,49.26,201,207,47.59,415,457,43.77,130,167,39.24,31,48,58.33,7,5,ARI,44,26,44.55,52.08,50,46,46.00,46,54,52.94,99,88,44.54,204,254,39.33,59,91,40.54,15,22,18.18,2,9,ARI,44,26,48.37,60.82,59,38,53.60,67,58,51.05,122,117,50.00,220,220,44.83,78,96,39.47,15,23,37.50,6,10,2018,Regular,From
BOS,44,60,57.13,66.67,4,2,52.94,9,8,48.39,15,16,53.23,33,29,58.33,21,15,80.95,17,4,57.89,11,8,BOS,44,60,52.96,61.29,38,24,55.88,95,75,62.14,151,92,50.51,400,392,48.34,189,202,47.65,81,89,52.53,104,94,BOS,44,60,53.47,52.17,12,11,57.38,35,26,61.74,71,44,49.69,158,160,48.86,86,90,53.85,49,42,48.57,51,54,BOS,44,60,54.51,65.71,23,12,61.25,49,31,59.40,79,54,55.24,211,171,45.54,102,122,47.19,42,47,43.24,48,63,2018,Regular,From
BUF,44,31,41.48,53.85,14,12,34.62,9,17,40.00,16,24,39.68,25,38,50.00,12,12,16.67,1,5,20.00,1,4,BUF,44,31,47.65,56.85,112,85,55.98,117,92,50.11,225,224,48.23,394,423,43.07,143,189,37.93,22,36,23.81,5,16,BUF,44,31,43.96,55.68,49,39,41.03,32,46,48.95,93,97,45.52,132,158,41.38,48,68,26.32,5,14,18.18,2,9,BUF,44,31,45.78,52.48,53,48,54.12,46,39,59.82,131,88,45.48,161,193,33.58,46,91,28.21,11,28,35.71,5,9,2018,Regular,From
CAR,44,48,47.65,37.50,6,10,50.00,8,8,48.57,17,18,50.70,36,35,45.24,19,23,42.86,6,8,60.00,3,2,CAR,44,48,54.23,55.33,83,67,62.34,96,58,62.99,211,124,54.46,464,388,49.61,189,192,43.86,75,96,43.00,43,57,CAR,44,48,52.66,62.50,40,24,44.93,31,38,65.96,93,48,54.09,218,185,45.00,72,88,46.03,29,34,32.56,14,29,CAR,44,48,55.82,69.33,52,23,76.56,49,15,62.71,111,66,54.97,260,213,46.28,87,101,45.12,37,45,39.58,19,29,2018,Regular,From
CBJ,44,53,51.99,41.67,5,7,50.00,8,8,50.00,16,16,56.72,38,29,51.28,20,19,50.00,8,8,50.00,4,4,CBJ,44,53,52.24,46.39,45,52,58.99,128,89,59.31,188,129,53.16,488,430,47.24,214,239,42.77,68,91,47.73,42,46,CBJ,44,53,52.64,60.00,24,16,60.61,40,26,57.81,74,54,52.12,184,169,48.43,77,82,41.56,32,45,51.28,20,19,CBJ,44,53,47.78,48.65,18,19,58.59,58,41,48.80,81,85,52.51,230,208,37.50,81,135,32.14,27,57,39.13,18,28,2018,Regular,From
CGY,44,52,52.23,54.55,6,5,50.00,6,6,50.00,16,16,59.38,38,26,37.84,14,23,66.67,12,6,42.86,3,4,CGY,44,52,51.27,63.22,55,32,47.79,65,71,49.07,159,165,51.49,502,473,52.41,185,168,47.43,83,92,49.28,34,35,CGY,44,52,52.43,64.41,38,21,53.45,31,27,54.41,74,62,52.80,245,219,47.83,77,84,48.68,37,39,45.45,15,18,CGY,44,52,53.75,76.00,38,12,63.54,61,35,61.63,106,66,51.98,250,231,46.70,85,97,46.48,33,38,35.71,15,27,2018,Regular,From
CHI,44,50,53.87,55.56,10,8,40.00,6,9,50.00,14,14,50.00,31,31,62.07,18,11,60.00,12,8,63.64,14,8,CHI,44,50,51.37,60.26,94,62,63.87,99,56,52.77,181,162,50.06,444,443,46.44,124,143,46.15,96,112,48.42,92,98,CHI,44,50,51.98,76.47,52,16,54.69,35,29,60.34,70,46,51.33,174,165,44.86,48,59,37.88,25,41,38.16,29,47,CHI,44,50,59.26,75.56,68,22,64.77,57,31,58.99,105,73,59.08,270,187,58.54,96,68,48.48,48,51,46.49,53,61,2018,Regular,From
COL,44,53,51.55,50.00,9,9,46.67,7,8,42.31,11,15,56.25,36,28,48.72,19,20,62.50,10,6,52.63,10,9,COL,44,53,47.81,58.76,57,40,64.58,62,34,51.63,127,119,46.11,356,416,46.34,196,227,32.41,47,98,41.45,63,89,COL,44,53,47.98,44.90,22,27,52.27,23,21,50.89,57,55,47.23,145,162,48.30,71,76,41.79,28,39,43.55,27,35,COL,44,53,50.05,49.18,30,31,75.56,34,11,53.50,84,73,50.90,225,217,49.10,109,113,25.76,17,49,31.71,26,56,2018,Regular,From
DAL,44,51,53.59,57.14,4,3,28.57,4,10,53.33,16,14,54.69,35,29,55.00,22,18,56.25,9,7,66.67,10,5,DAL,44,51,51.90,67.96,70,33,61.90,78,48,53.85,147,126,52.30,432,394,44.66,159,197,39.39,26,40,47.21,93,104,DAL,44,51,53.57,61.54,16,10,58.82,30,21,55.38,72,58,52.29,160,146,53.28,73,64,51.35,19,18,44.04,48,61,DAL,44,51,54.07,59.52,25,17,68.35,54,25,58.75,94,66,51.71,242,226,52.04,102,94,32.56,14,29,46.40,58,67,2018,Regular,From
DET,44,43,44.47,35.71,5,9,35.00,7,13,42.11,16,22,46.55,27,31,44.74,17,21,58.33,7,5,60.00,3,2,DET,44,43,48.12,56.20,68,53,55.87,100,79,50.88,174,168,48.79,403,423,40.85,134,194,46.33,82,95,37.63,35,58,DET,44,43,51.86,59.57,28,19,46.43,39,45,54.20,71,60,55.70,171,136,49.64,69,70,45.21,33,40,37.21,16,27,DET,44,43,45.57,68.33,41,19,59.74,46,31,53.98,95,81,44.32,156,196,33.33,48,96,36.90,31,53,23.26,10,33,2018,Regular,From
EDM,44,39,48.26,35.71,5,9,50.00,9,9,45.24,19,23,45.76,27,32,55.56,15,12,57.14,8,6,52.94,9,8,EDM,44,39,52.30,57.71,131,96,54.55,144,120,56.91,243,184,51.22,420,400,53.57,120,104,50.00,49,49,49.21,62,64,EDM,44,39,54.38,54.95,50,41,53.54,53,46,57.30,102,76,57.14,188,141,43.88,43,55,60.47,26,17,57.14,36,27,EDM,44,39,49.81,65.49,74,39,58.59,75,53,53.14,127,112,53.39,244,213,43.80,53,68,20.29,14,55,35.21,25,46,2018,Regular,From
FLA,44,44,45.62,36.36,4,7,52.17,12,11,56.52,26,20,44.12,30,38,33.33,11,22,50.00,7,7,33.33,4,8,FLA,44,44,49.57,50.00,53,53,56.60,90,69,59.50,332,226,50.11,451,449,39.58,133,203,38.21,47,76,35.71,25,45,FLA,44,44,50.09,65.63,21,11,57.97,40,29,55.16,123,100,49.85,164,165,43.28,58,76,41.67,25,35,42.11,8,11,FLA,44,44,46.37,64.58,31,17,53.73,36,31,54.69,140,116,44.64,179,222,36.62,52,90,41.67,25,35,37.50,9,15,2018,Regular,From
L.A,44,53,54.85,87.50,7,1,55.56,10,8,55.26,21,17,45.83,33,39,56.25,18,14,64.29,9,5,83.33,5,1,L.A,44,53,48.91,45.88,39,46,51.11,92,88,53.73,216,186,52.33,416,379,43.24,147,193,38.03,54,88,39.51,32,49,L.A,44,53,48.06,63.89,23,13,48.72,38,40,52.13,110,101,51.71,197,184,37.80,48,79,37.70,23,38,34.15,14,27,L.A,44,53,51.40,51.35,19,18,45.45,40,48,64.18,129,72,53.10,223,197,50.29,88,87,26.09,18,51,33.33,14,28,2018,Regular,From
MIN,44,50,50.49,50.00,3,3,57.14,8,6,43.24,16,21,51.56,33,31,54.29,19,16,61.54,8,5,42.11,8,11,MIN,44,50,48.16,40.63,26,38,64.86,96,52,54.24,192,162,45.02,366,447,46.07,176,206,40.71,46,67,47.27,52,58,MIN,44,50,44.27,50.00,9,9,63.46,33,19,54.73,81,67,39.81,125,189,36.99,54,92,36.84,21,36,41.18,21,30,MIN,44,50,43.55,48.15,13,14,58.62,34,24,50.54,94,92,43.08,168,222,35.12,72,133,26.98,17,46,41.07,23,33,2018,Regular,From
MTL,44,42,44.19,31.25,5,11,23.53,4,13,43.33,13,17,43.55,27,35,51.52,17,16,46.67,7,8,80.00,8,2,MTL,44,42,51.50,58.43,104,74,58.42,118,84,51.71,212,198,52.37,475,432,47.98,119,129,46.88,90,102,45.83,33,39,MTL,44,42,49.10,57.14,40,30,60.26,47,31,45.60,57,68,50.15,163,162,49.58,59,60,45.00,36,44,25.71,9,26,MTL,44,42,51.55,56.10,46,36,65.69,90,47,58.37,122,87,53.57,255,221,36.14,60,106,50.49,52,51,24.00,12,38,2018,Regular,From
N.J,44,56,50.23,62.50,5,3,45.00,9,11,47.06,16,18,56.00,42,33,41.46,17,24,52.94,9,8,50.00,3,3,N.J,44,56,49.16,49.38,40,41,53.95,82,70,52.09,187,172,50.00,373,373,47.39,209,232,35.53,54,98,47.01,63,71,N.J,44,56,48.53,66.67,22,11,56.25,36,28,51.85,70,65,44.62,141,175,48.96,94,98,35.48,22,40,46.94,23,26,N.J,44,56,45.52,72.09,31,12,44.44,40,50,54.82,91,75,45.26,172,208,40.70,81,118,32.86,23,47,25.45,14,41,2018,Regular,From
NSH,44,60,52.52,25.00,1,3,55.56,5,4,50.00,14,14,62.50,30,18,56.41,22,17,47.83,11,12,35.29,6,11,NSH,44,60,49.62,51.28,40,38,51.67,31,29,61.90,143,88,50.70,398,387,42.89,211,281,41.00,82,118,40.11,75,112,NSH,44,60,53.56,70.27,26,11,67.57,25,12,54.17,52,44,57.35,199,148,42.65,90,121,45.78,38,45,42.67,32,43,NSH,44,60,52.34,60.71,17,11,64.29,27,15,62.96,85,50,49.73,184,186,43.82,117,150,43.40,46,60,44.21,42,53,2018,Regular,From
NYI,44,48,50.45,52.94,9,8,55.00,11,9,46.94,23,26,45.71,32,38,54.29,19,16,66.67,12,6,47.62,10,11,NYI,44,48,47.76,53.68,102,88,44.83,91,112,54.03,255,217,50.08,321,320,36.98,98,167,45.45,75,90,44.91,75,92,NYI,44,48,47.54,47.56,39,43,56.12,55,43,48.91,90,94,47.56,117,129,44.68,42,52,44.00,33,42,46.05,35,41,NYI,44,48,50.26,64.04,73,41,58.26,67,48,55.19,133,108,49.70,166,168,41.38,60,85,44.19,38,48,41.03,32,46,2018,Regular,From
NYR,44,49,50.92,50.00,5,5,60.87,14,9,53.66,22,19,43.42,33,43,54.29,19,16,57.14,8,6,50.00,2,2,NYR,44,49,46.83,51.47,35,33,55.11,97,79,50.87,235,227,46.54,437,502,38.70,137,217,50.00,69,69,46.00,23,27,NYR,44,49,46.80,51.22,21,20,58.82,50,35,53.25,82,72,43.94,145,185,37.32,53,89,51.43,36,34,47.62,10,11,NYR,44,49,45.01,51.28,20,19,58.24,53,38,56.70,110,84,42.79,190,254,36.81,67,115,41.25,33,47,14.29,4,24,2018,Regular,From
OTT,44,39,44.68,60.00,9,6,30.00,6,14,47.50,19,21,45.71,32,38,47.22,17,19,36.84,7,12,37.50,3,5,OTT,44,39,48.17,53.37,87,76,50.63,81,79,55.62,198,158,46.91,372,421,46.27,155,180,37.69,49,81,45.95,34,40,OTT,44,39,48.76,56.92,37,28,57.89,44,32,48.73,77,81,50.42,181,178,47.52,67,74,40.82,20,29,21.43,6,22,OTT,44,39,45.83,64.29,54,30,63.16,84,49,59.69,114,77,43.27,196,257,31.50,63,137,32.26,20,42,28.26,13,33,2018,Regular,From
PHI,44,48,53.03,75.00,6,2,35.29,6,11,48.28,14,15,55.74,34,27,54.29,19,16,66.67,10,5,42.86,6,8,PHI,44,48,49.55,51.26,61,58,57.83,96,70,57.39,167,124,49.15,406,420,45.37,152,183,41.71,83,116,39.80,39,59,PHI,44,48,47.33,68.09,32,15,53.03,35,31,48.11,51,55,48.18,172,185,42.31,55,75,39.02,32,50,32.61,15,31,PHI,44,48,50.23,68.06,49,23,62.96,51,30,56.12,78,61,50.58,217,212,39.44,71,109,42.35,36,49,28.57,14,35,2018,Regular,From
PIT,44,47,41.52,6.67,1,14,55.56,10,8,44.44,20,25,39.66,23,35,44.83,13,16,35.71,5,9,71.43,5,2,PIT,44,47,53.63,56.10,92,72,61.38,116,73,53.29,235,206,56.81,467,355,47.66,112,123,52.24,70,64,43.97,62,79,PIT,44,47,51.55,60.61,40,26,56.25,45,35,54.70,99,82,52.40,175,159,41.76,38,53,55.93,33,26,39.13,18,28,PIT,44,47,48.26,49.41,42,43,60.67,54,35,54.88,118,97,48.42,199,212,47.50,57,63,30.00,24,56,40.32,25,37,2018,Regular,From
S.J,44,54,46.37,50.00,3,3,45.00,9,11,45.45,15,18,47.62,30,33,37.50,12,20,62.50,10,6,40.00,2,3,S.J,44,54,52.45,53.77,57,49,67.54,77,37,53.74,273,235,56.02,377,296,46.99,156,176,39.56,72,110,48.08,50,54,S.J,44,54,54.08,56.52,26,20,54.29,38,32,56.31,116,90,57.45,189,140,50.98,78,75,52.50,42,38,28.57,10,25,S.J,44,54,52.06,60.61,40,26,65.63,63,33,58.50,172,122,51.82,214,199,46.83,96,109,37.50,45,75,39.02,16,25,2018,Regular,From
STL,44,54,54.04,66.67,8,4,28.57,4,10,50.00,12,12,57.63,34,25,55.26,21,17,65.00,13,7,47.06,8,9,STL,44,54,52.39,52.53,52,47,57.82,85,62,53.56,173,150,52.96,394,350,51.95,227,210,41.32,69,98,48.61,70,74,STL,44,54,54.34,77.78,21,6,56.92,37,28,53.55,83,72,57.29,165,123,46.99,86,97,44.30,35,44,61.76,21,13,STL,44,54,47.33,54.05,20,17,46.38,32,37,52.75,96,86,45.77,195,231,43.53,101,131,41.38,36,51,43.33,26,34,2018,Regular,From
T.B,44,65,59.37,71.43,5,2,50.00,6,6,65.52,19,10,52.83,28,25,67.44,29,14,58.06,18,13,58.82,10,7,T.B,44,65,51.85,53.01,44,39,55.13,43,35,60.47,153,100,54.86,457,376,43.67,176,227,38.27,106,171,47.76,96,105,T.B,44,65,56.84,60.71,17,11,66.67,32,16,62.93,73,43,58.77,181,127,54.65,94,78,41.88,49,68,44.71,38,47,T.B,44,65,55.19,65.12,28,15,61.54,24,15,58.02,76,55,53.33,224,196,51.80,115,107,46.83,59,67,43.96,40,51,2018,Regular,From
TOR,44,53,52.07,90.00,9,1,46.15,12,14,38.71,12,19,54.55,30,25,54.05,20,17,51.72,15,14,52.38,11,10,TOR,44,53,47.45,62.16,46,28,61.79,173,107,52.16,145,133,42.25,338,462,43.37,144,188,45.33,102,123,42.47,62,84,TOR,44,53,49.71,51.52,17,16,58.78,77,54,56.43,79,61,49.86,184,185,38.52,52,83,45.78,38,45,41.43,29,41,TOR,44,53,54.86,47.50,19,21,68.18,90,42,63.70,93,53,55.37,232,187,47.83,77,84,45.54,51,61,35.96,32,57,2018,Regular,From
VAN,44,40,44.55,25.00,3,9,36.84,7,12,52.78,19,17,45.45,30,36,38.46,10,16,64.29,9,5,28.57,2,5,VAN,44,40,47.64,52.99,71,63,52.99,124,110,55.06,196,160,47.02,339,382,39.62,126,192,43.39,82,107,46.84,37,42,VAN,44,40,46.24,49.06,26,27,48.04,49,53,54.74,75,62,48.98,144,150,40.32,50,74,38.03,27,44,29.17,14,34,VAN,44,40,48.68,58.06,36,26,62.93,73,43,58.05,119,86,48.08,150,162,42.65,58,78,34.69,34,64,20.00,8,32,2018,Regular,From
VGK,44,63,56.21,50.00,4,4,30.00,3,7,71.88,23,9,60.29,41,27,59.18,29,20,50.00,14,14,30.77,4,9,VGK,44,63,52.47,51.85,28,26,67.09,53,26,56.23,176,137,52.94,468,416,47.75,191,209,49.19,91,94,40.57,71,104,VGK,44,63,52.84,50.00,9,9,67.44,29,14,60.40,90,59,49.29,174,179,49.07,79,82,49.35,38,39,46.84,37,42,VGK,44,63,51.52,47.83,11,12,71.19,42,17,55.49,96,77,52.85,232,207,40.91,90,130,39.06,50,78,43.14,44,58,2018,Regular,From
WPG,44,59,53.65,33.33,5,10,45.45,5,6,48.28,14,15,58.49,31,22,59.46,22,15,57.14,16,12,57.89,11,8,WPG,44,59,52.13,55.90,90,71,60.00,72,48,53.60,119,103,52.91,327,291,44.87,175,215,49.51,152,155,46.23,98,114,WPG,44,59,51.46,67.16,45,22,51.92,27,25,53.61,52,45,45.45,120,144,49.67,76,77,51.11,69,66,48.44,31,33,WPG,44,59,51.27,66.67,60,30,63.83,30,17,56.20,68,53,48.96,165,172,44.13,79,100,41.75,81,113,38.04,35,57,2018,Regular,From
WSH,44,57,54.58,60.00,6,4,50.00,8,8,57.58,19,14,55.38,36,29,60.61,20,13,50.00,10,10,38.46,5,8,WSH,44,57,46.81,61.65,82,51,58.02,76,55,54.77,178,147,42.49,314,425,46.67,168,192,38.78,76,120,29.17,28,68,WSH,44,57,46.39,52.31,34,31,47.27,26,29,51.03,74,71,46.00,161,189,38.62,73,116,49.56,56,57,40.00,16,24,WSH,44,57,52.87,74.32,55,19,54.43,43,36,59.67,108,73,50.95,188,181,48.52,115,122,39.84,49,74,43.24,16,21,2018,Regular,From
ANA,43,47,49.99,58.33,7,5,46.15,6,7,42.86,12,16,50.00,33,33,56.67,17,13,52.63,10,9,44.44,4,5,ANA,43,47,47.49,58.02,47,34,53.79,71,61,53.13,153,135,45.38,334,402,44.58,189,235,38.86,75,118,45.27,67,81,ANA,43,47,46.52,47.50,19,21,53.52,38,33,56.39,75,58,43.27,135,177,43.04,99,131,39.02,32,50,43.14,22,29,ANA,43,47,47.09,69.23,27,12,54.32,44,37,52.56,82,74,44.56,176,219,40.57,86,126,44.09,41,52,35.48,22,40,2018,Regular,From
ARI,43,26,37.47,52.94,9,8,44.44,12,15,33.33,15,30,35.29,24,44,28.00,7,18,28.57,2,5,66.67,2,1,ARI,43,26,46.78,56.35,111,86,49.38,119,122,49.12,196,203,47.72,408,447,43.64,127,164,36.11,26,46,58.33,7,5,ARI,43,26,44.42,52.08,50,46,46.00,46,54,53.55,98,85,43.72,195,251,40.00,58,87,40.63,13,19,18.18,2,9,ARI,43,26,48.13,60.82,59,38,53.60,67,58,50.66,116,113,50.12,217,216,44.44,76,95,37.84,14,23,37.50,6,10,2018,Regular,From
BOS,43,58,56.84,66.67,4,2,52.94,9,8,46.67,14,16,53.33,32,28,58.33,21,15,78.95,15,4,61.11,11,7,BOS,43,58,52.77,61.29,38,24,55.88,95,75,62.24,150,91,50.46,388,381,48.45,187,199,47.85,78,85,50.26,95,94,BOS,43,58,53.08,52.17,12,11,57.38,35,26,62.28,71,43,48.71,151,159,47.98,83,90,54.65,47,39,48.08,50,54,BOS,43,58,54.57,65.71,23,12,61.25,49,31,59.69,77,52,55.38,206,166,45.05,100,122,47.73,42,46,43.93,47,60,2018,Regular,From
BUF,43,29,40.51,53.85,14,12,34.62,9,17,40.00,16,24,38.71,24,38,45.45,10,12,16.67,1,5,20.00,1,4,BUF,43,29,47.82,56.85,112,85,55.98,117,92,50.11,225,224,47.82,384,419,44.76,128,158,42.00,21,29,23.81,5,16,BUF,43,29,44.44,55.68,49,39,41.03,32,46,48.95,93,97,45.77,130,154,44.23,46,58,26.32,5,14,18.18,2,9,BUF,43,29,45.59,52.48,53,48,54.12,46,39,59.82,131,88,45.14,158,192,33.06,40,81,28.57,10,25,35.71,5,9,2018,Regular,From
CAR,43,48,47.86,37.50,6,10,50.00,8,8,48.57,17,18,50.72,35,34,46.34,19,22,42.86,6,8,60.00,3,2,CAR,43,48,54.07,55.33,83,67,62.34,96,58,63.11,207,121,54.42,449,376,48.78,180,189,43.86,75,96,43.00,43,57,CAR,43,48,52.87,62.50,40,24,44.93,31,38,65.71,92,48,54.43,209,175,45.51,71,85,46.03,29,34,32.56,14,29,CAR,43,48,56.15,69.33,52,23,76.56,49,15,62.29,109,66,56.06,259,203,46.20,85,99,45.12,37,45,39.58,19,29,2018,Regular,From
CBJ,43,51,51.45,41.67,5,7,46.67,7,8,48.39,15,16,56.92,37,28,51.28,20,19,50.00,8,8,50.00,4,4,CBJ,43,51,52.51,46.39,45,52,61.81,123,76,60.06,185,123,52.99,470,417,47.24,214,239,42.77,68,91,47.73,42,46,CBJ,43,51,52.57,60.00,24,16,61.02,36,23,57.14,72,54,52.06,177,163,48.43,77,82,41.56,32,45,51.28,20,19,CBJ,43,51,48.01,48.65,18,19,58.24,53,38,49.39,81,83,53.19,225,198,37.50,81,135,32.14,27,57,39.13,18,28,2018,Regular,From
CGY,43,50,51.72,54.55,6,5,50.00,6,6,48.39,15,16,58.73,37,26,36.11,13,23,70.59,12,5,42.86,3,4,CGY,43,50,51.47,63.22,55,32,47.79,65,71,49.07,159,165,51.59,488,458,53.49,184,160,48.08,75,81,49.28,34,35,CGY,43,50,52.88,64.41,38,21,53.45,31,27,54.41,74,62,53.07,242,214,49.04,77,80,50.00,35,35,45.45,15,18,CGY,43,50,53.81,76.00,38,12,63.54,61,35,61.63,106,66,51.83,241,224,47.43,83,92,47.69,31,34,35.71,15,27,2018,Regular,From
CHI,43,48,53.63,55.56,10,8,40.00,6,9,50.00,14,14,49.18,30,31,60.71,17,11,63.16,12,7,63.64,14,8,CHI,43,48,51.45,60.26,94,62,63.87,99,56,52.77,181,162,49.94,435,436,47.47,122,135,46.24,86,100,48.42,92,98,CHI,43,48,51.92,76.47,52,16,54.69,35,29,60.34,70,46,51.06,168,161,44.00,44,56,38.10,24,39,38.16,29,47,CHI,43,48,59.49,75.56,68,22,64.77,57,31,58.99,105,73,59.19,264,182,60.51,95,62,48.89,44,46,46.49,53,61,2018,Regular,From
COL,43,51,51.08,50.00,9,9,46.67,7,8,42.31,11,15,55.56,35,28,47.37,18,20,64.29,9,5,52.94,9,8,COL,43,51,47.90,58.76,57,40,64.58,62,34,51.63,127,119,46.07,352,412,46.43,195,225,34.81,47,88,39.72,56,85,COL,43,51,47.69,44.90,22,27,52.27,23,21,50.89,57,55,47.37,144,160,48.28,70,75,39.34,24,37,41.38,24,34,COL,43,51,49.93,49.18,30,31,75.56,34,11,53.50,84,73,51.02,225,216,49.32,108,111,25.00,14,42,27.54,19,50,2018,Regular,From
DAL,43,51,54.20,57.14,4,3,28.57,4,10,53.57,15,13,56.45,35,27,55.00,22,18,56.25,9,7,66.67,10,5,DAL,43,51,52.00,67.96,70,33,61.90,78,48,54.86,141,116,52.16,422,387,44.66,159,197,39.39,26,40,47.21,93,104,DAL,43,51,53.51,61.54,16,10,58.82,30,21,53.91,62,53,52.36,155,141,53.28,73,64,51.35,19,18,44.04,48,61,DAL,43,51,54.28,59.52,25,17,68.35,54,25,60.42,87,57,51.64,236,221,52.04,102,94,32.56,14,29,46.40,58,67,2018,Regular,From
DET,43,43,44.32,35.71,5,9,35.00,7,13,41.67,15,21,45.61,26,31,45.95,17,20,58.33,7,5,60.00,3,2,DET,43,43,48.24,56.20,68,53,54.86,96,79,52.01,168,155,48.78,400,420,40.98,134,193,46.33,82,95,37.63,35,58,DET,43,43,52.09,59.57,28,19,46.25,37,43,54.55,66,55,55.88,171,135,49.64,69,70,45.21,33,40,37.21,16,27,DET,43,43,45.13,68.33,41,19,57.53,42,31,52.63,80,72,44.54,155,193,33.33,48,96,36.90,31,53,23.26,10,33,2018,Regular,From
EDM,43,39,48.17,35.71,5,9,47.06,8,9,46.34,19,22,45.76,27,32,55.56,15,12,57.14,8,6,52.94,9,8,EDM,43,39,52.29,57.71,131,96,54.20,142,120,56.63,222,170,51.41,418,395,53.57,120,104,50.00,49,49,49.21,62,64,EDM,43,39,54.08,54.95,50,41,53.54,53,46,56.63,94,72,56.48,183,141,43.88,43,55,60.47,26,17,57.14,36,27,EDM,43,39,49.62,65.49,74,39,59.06,75,52,51.82,114,106,53.52,243,211,43.80,53,68,20.29,14,55,35.21,25,46,2018,Regular,From
FLA,43,42,45.50,36.36,4,7,52.17,12,11,56.52,26,20,41.54,27,38,36.67,11,19,50.00,7,7,33.33,4,8,FLA,43,42,49.67,50.00,53,53,56.60,90,69,59.50,332,226,50.74,444,431,38.34,120,193,38.21,47,76,35.71,25,45,FLA,43,42,50.55,65.63,21,11,57.97,40,29,55.16,123,100,50.31,160,158,44.80,56,69,41.67,25,35,42.11,8,11,FLA,43,42,46.62,64.58,31,17,53.73,36,31,54.69,140,116,45.06,178,217,37.40,46,77,41.67,25,35,37.50,9,15,2018,Regular,From
L.A,43,53,55.76,85.71,6,1,62.50,10,6,56.76,21,16,46.48,33,38,56.25,18,14,64.29,9,5,83.33,5,1,L.A,43,53,48.93,44.58,37,46,49.67,75,76,54.26,204,172,52.39,416,378,43.24,147,193,38.03,54,88,39.51,32,49,L.A,43,53,48.04,61.76,21,13,50.77,33,32,51.28,100,95,51.72,196,183,37.80,48,79,37.70,23,38,34.15,14,27,L.A,43,53,51.72,50.00,18,18,47.30,35,39,64.55,122,67,53.22,223,196,50.29,88,87,26.09,18,51,33.33,14,28,2018,Regular,From
MIN,43,48,50.22,50.00,3,3,57.14,8,6,41.67,15,21,51.61,32,30,54.29,19,16,61.54,8,5,42.11,8,11,MIN,43,48,48.45,40.63,26,38,64.86,96,52,55.16,187,152,45.27,359,434,46.22,171,199,40.71,46,67,47.27,52,58,MIN,43,48,44.94,50.00,9,9,63.46,33,19,56.43,79,61,40.33,123,182,37.59,53,88,36.84,21,36,41.18,21,30,MIN,43,48,44.22,48.15,13,14,58.62,34,24,53.53,91,79,43.58,163,211,34.98,71,132,26.98,17,46,41.07,23,33,2018,Regular,From
MTL,43,41,44.14,31.25,5,11,13.33,2,13,42.86,12,16,45.76,27,32,51.52,17,16,46.67,7,8,80.00,8,2,MTL,43,41,51.04,58.43,104,74,57.89,110,80,49.47,187,191,52.19,465,426,47.98,119,129,46.88,90,102,45.83,33,39,MTL,43,41,49.08,57.14,40,30,60.26,47,31,44.74,51,63,50.00,158,158,49.58,59,60,45.00,36,44,25.71,9,26,MTL,43,41,51.76,56.10,46,36,66.41,87,44,59.18,116,80,53.88,250,214,36.14,60,106,50.49,52,51,24.00,12,38,2018,Regular,From
N.J,43,54,50.03,62.50,5,3,45.00,9,11,47.06,16,18,54.17,39,33,42.11,16,22,56.25,9,7,50.00,3,3,N.J,43,54,48.75,49.38,40,41,53.95,82,70,52.09,187,172,49.45,361,369,46.46,197,227,35.76,54,97,47.01,63,71,N.J,43,54,48.02,66.67,22,11,56.25,36,28,51.85,70,65,43.89,133,170,47.78,86,94,35.48,22,40,46.94,23,26,N.J,43,54,45.52,72.09,31,12,44.44,40,50,54.82,91,75,45.21,170,206,41.15,79,113,32.86,23,47,25.45,14,41,2018,Regular,From
NSH,43,58,52.55,25.00,1,3,55.56,5,4,48.15,13,14,63.04,29,17,57.89,22,16,47.83,11,12,35.29,6,11,NSH,43,58,49.50,51.28,40,38,51.67,31,29,61.84,141,87,50.48,370,363,42.94,210,279,41.00,82,118,40.11,75,112,NSH,43,58,53.18,70.27,26,11,67.57,25,12,53.68,51,44,56.62,184,141,42.65,90,121,45.78,38,45,42.67,32,43,NSH,43,58,52.49,60.71,17,11,64.29,27,15,62.41,83,50,50.29,176,174,43.82,117,150,43.40,46,60,44.21,42,53,2018,Regular,From
NYI,43,46,49.12,52.94,9,8,55.00,11,9,46.94,23,26,44.12,30,38,52.94,18,16,64.71,11,6,41.18,7,10,NYI,43,46,47.69,53.68,102,88,44.83,91,112,54.03,255,217,50.40,315,310,37.31,97,163,45.63,73,87,42.45,59,80,NYI,43,46,47.24,47.56,39,43,56.12,55,43,48.91,90,94,47.54,116,128,45.45,40,48,43.24,32,42,43.33,26,34,NYI,43,46,50.03,64.04,73,41,58.26,67,48,55.19,133,108,49.85,166,167,41.73,58,81,44.71,38,47,37.93,22,36,2018,Regular,From
NYR,43,49,51.69,50.00,5,5,63.64,14,8,53.85,21,18,43.84,32,41,55.88,19,15,57.14,8,6,50.00,2,2,NYR,43,49,47.06,51.47,35,33,55.56,95,76,51.05,219,210,46.57,434,498,39.53,136,208,50.00,69,69,46.00,23,27,NYR,43,49,46.88,51.22,21,20,58.82,50,35,53.69,80,69,43.60,143,185,37.86,53,87,51.43,36,34,47.62,10,11,NYR,43,49,45.09,51.28,20,19,59.55,53,36,56.91,107,81,42.63,188,253,37.29,66,111,41.25,33,47,14.29,4,24,2018,Regular,From
OTT,43,39,45.08,60.00,9,6,30.00,6,14,47.50,19,21,46.27,31,36,47.22,17,19,38.89,7,11,37.50,3,5,OTT,43,39,48.44,53.37,87,76,50.63,81,79,56.18,191,149,47.13,369,414,47.08,153,172,37.69,49,81,45.95,34,40,OTT,43,39,48.70,56.92,37,28,57.89,44,32,48.32,72,77,50.28,177,175,47.48,66,73,40.82,20,29,21.43,6,22,OTT,43,39,45.34,64.29,54,30,63.16,84,49,61.02,108,69,42.14,185,254,30.37,58,133,32.26,20,42,28.26,13,33,2018,Regular,From
PHI,43,48,53.63,85.71,6,1,37.50,6,10,48.28,14,15,55.00,33,27,55.88,19,15,66.67,10,5,42.86,6,8,PHI,43,48,49.59,53.13,51,45,57.32,90,67,57.59,167,123,49.02,402,418,45.35,151,182,41.71,83,116,39.80,39,59,PHI,43,48,46.98,62.50,25,15,52.31,34,31,48.11,51,55,48.16,170,183,42.64,55,74,39.02,32,50,32.61,15,31,PHI,43,48,49.98,66.13,41,21,63.64,49,28,56.12,78,61,50.35,215,212,39.66,71,108,42.35,36,49,28.57,14,35,2018,Regular,From
PIT,43,45,41.37,6.67,1,14,55.56,10,8,42.86,18,24,40.00,22,33,44.44,12,15,38.46,5,8,71.43,5,2,PIT,43,45,53.50,56.10,92,72,61.38,116,73,53.33,232,203,56.75,454,346,47.66,112,123,51.22,63,60,43.97,62,79,PIT,43,45,51.63,60.61,40,26,56.25,45,35,55.43,97,78,52.60,172,155,41.76,38,53,53.85,28,24,39.13,18,28,PIT,43,45,48.11,49.41,42,43,60.67,54,35,55.98,117,92,48.63,195,206,45.22,52,63,28.17,20,51,40.32,25,37,2018,Regular,From
S.J,43,54,46.79,50.00,2,2,44.44,8,10,46.88,15,17,48.39,30,32,37.50,12,20,62.50,10,6,40.00,2,3,S.J,43,54,52.34,55.79,53,42,64.42,67,37,53.66,271,234,56.09,373,292,46.99,156,176,39.56,72,110,48.08,50,54,S.J,43,54,54.43,59.52,25,17,56.25,36,28,56.37,115,89,57.36,187,139,50.98,78,75,52.50,42,38,28.57,10,25,S.J,43,54,52.05,64.15,34,19,65.12,56,30,58.42,170,121,51.70,213,199,46.83,96,109,37.50,45,75,39.02,16,25,2018,Regular,From
STL,43,54,54.72,62.50,5,3,33.33,4,8,52.17,12,11,58.62,34,24,55.26,21,17,65.00,13,7,47.06,8,9,STL,43,54,52.66,52.75,48,43,59.26,64,44,54.23,173,146,53.03,394,349,51.95,227,210,41.32,69,98,48.61,70,74,STL,43,54,54.16,76.00,19,6,54.55,24,20,53.55,83,72,57.14,164,123,46.99,86,97,44.30,35,44,61.76,21,13,STL,43,54,47.94,62.50,20,12,49.02,25,26,52.78,95,85,45.88,195,230,43.53,101,131,41.38,36,51,43.33,26,34,2018,Regular,From
T.B,43,65,60.36,83.33,5,1,54.55,6,5,64.29,18,10,54.90,28,23,67.44,29,14,58.06,18,13,58.82,10,7,T.B,43,65,51.66,50.67,38,37,56.00,42,33,59.48,138,94,54.85,452,372,43.67,176,227,38.27,106,171,47.76,96,105,T.B,43,65,56.84,57.69,15,11,66.67,32,16,62.96,68,40,58.88,179,125,54.65,94,78,41.88,49,68,44.71,38,47,T.B,43,65,55.36,71.88,23,9,61.54,24,15,59.13,68,47,52.77,219,196,51.80,115,107,46.83,59,67,43.96,40,51,2018,Regular,From
TOR,43,52,52.57,90.00,9,1,46.15,12,14,38.71,12,19,54.72,29,24,55.56,20,16,53.57,15,13,52.38,11,10,TOR,43,52,47.16,62.16,46,28,61.79,173,107,52.16,145,133,42.26,325,444,42.72,138,185,43.00,89,118,42.47,62,84,TOR,43,52,49.91,51.52,17,16,58.78,77,54,56.43,79,61,50.00,178,178,39.10,52,81,46.05,35,41,41.43,29,41,TOR,43,52,54.59,47.50,19,21,68.18,90,42,63.70,93,53,54.95,222,182,47.17,75,84,46.15,48,56,35.96,32,57,2018,Regular,From
VAN,43,38,43.89,25.00,3,9,36.84,7,12,52.78,19,17,44.62,29,36,38.46,10,16,58.33,7,5,33.33,2,4,VAN,43,38,47.68,52.99,71,63,52.99,124,110,55.43,189,152,47.06,336,378,39.62,124,189,43.50,77,100,46.75,36,41,VAN,43,38,46.28,49.06,26,27,48.04,49,53,55.30,73,59,48.62,141,149,41.18,49,70,35.82,24,43,30.00,12,28,VAN,43,38,48.59,58.06,36,26,62.93,73,43,58.59,116,82,47.88,147,160,41.67,55,77,33.33,31,62,22.58,7,24,2018,Regular,From
VGK,43,61,55.36,50.00,4,4,30.00,3,7,71.88,23,9,59.70,40,27,57.45,27,20,48.15,13,14,30.77,4,9,VGK,43,61,52.35,51.85,28,26,67.09,53,26,56.23,176,137,52.83,466,416,48.42,184,196,48.26,83,89,38.89,63,99,VGK,43,61,52.34,50.00,9,9,67.44,29,14,60.40,90,59,49.29,174,179,48.05,74,80,47.89,34,37,44.59,33,41,VGK,43,61,51.11,47.83,11,12,71.19,42,17,55.49,96,77,52.85,232,207,38.86,82,129,40.00,48,72,41.84,41,57,2018,Regular,From
WPG,43,57,53.27,33.33,5,10,45.45,5,6,48.28,14,15,57.69,30,22,60.00,21,14,53.85,14,12,62.50,10,6,WPG,43,57,52.00,55.90,90,71,60.00,72,48,53.60,119,103,52.85,324,289,43.88,165,211,49.48,144,147,47.18,92,103,WPG,43,57,51.44,67.16,45,22,51.92,27,25,53.61,52,45,45.42,119,143,49.66,74,75,50.77,66,64,49.15,29,30,WPG,43,57,51.13,66.67,60,30,63.83,30,17,56.20,68,53,48.80,163,171,42.86,75,100,42.33,80,109,38.89,35,55,2018,Regular,From
WSH,43,57,54.88,60.00,6,4,50.00,8,8,58.06,18,13,56.25,36,28,60.61,20,13,50.00,10,10,38.46,5,8,WSH,43,57,46.82,61.65,82,51,57.36,74,55,54.86,175,144,42.43,297,403,46.67,168,192,38.78,76,120,29.17,28,68,WSH,43,57,46.69,52.31,34,31,48.15,26,28,50.70,72,70,46.67,154,176,38.62,73,116,49.56,56,57,40.00,16,24,WSH,43,57,52.88,74.32,55,19,55.13,43,35,59.88,103,69,50.73,174,169,48.52,115,122,39.84,49,74,43.24,16,21,2018,Regular,From
ANA,42,47,50.62,58.33,7,5,46.15,6,7,42.31,11,15,51.56,33,31,56.67,17,13,52.63,10,9,44.44,4,5,ANA,42,47,47.64,58.02,47,34,56.07,60,47,53.31,153,134,45.28,326,394,44.58,189,235,38.86,75,118,45.27,67,81,ANA,42,47,46.90,47.50,19,21,59.02,36,25,56.06,74,58,43.46,133,173,43.04,99,131,39.02,32,50,43.14,22,29,ANA,42,47,47.56,69.23,27,12,58.57,41,29,52.56,82,74,44.79,172,212,40.57,86,126,44.09,41,52,35.48,22,40,2018,Regular,From
ARI,42,25,37.67,52.94,9,8,44.44,12,15,33.33,15,30,35.29,24,44,29.17,7,17,28.57,2,5,66.67,2,1,ARI,42,25,46.38,56.35,111,86,49.38,119,122,49.12,196,203,46.91,379,429,43.37,121,158,36.11,26,46,58.33,7,5,ARI,42,25,44.25,52.08,50,46,46.00,46,54,53.55,98,85,43.56,186,241,39.29,55,85,40.63,13,19,18.18,2,9,ARI,42,25,48.11,60.82,59,38,53.60,67,58,50.66,116,113,50.36,207,204,43.98,73,93,37.84,14,23,37.50,6,10,2018,Regular,From
BOS,42,56,56.58,66.67,4,2,52.94,9,8,44.83,13,16,53.45,31,27,58.33,21,15,77.78,14,4,61.11,11,7,BOS,42,56,52.60,61.29,38,24,55.88,95,75,62.71,148,88,49.87,377,379,47.97,177,192,48.73,77,81,50.53,95,93,BOS,42,56,53.00,52.17,12,11,57.38,35,26,61.95,70,43,48.38,149,159,48.19,80,86,55.42,46,37,48.04,49,53,BOS,42,56,54.17,65.71,23,12,61.25,49,31,58.73,74,52,54.42,197,165,44.60,95,118,48.81,41,43,44.34,47,59,2018,Regular,From
BUF,42,29,40.60,52.17,12,11,37.50,9,15,39.47,15,23,39.34,24,37,45.45,10,12,16.67,1,5,20.00,1,4,BUF,42,29,47.94,56.11,101,79,56.48,109,84,50.80,221,214,47.87,382,416,44.76,128,158,42.00,21,29,23.81,5,16,BUF,42,29,44.41,55.42,46,37,41.10,30,43,48.92,91,95,45.74,129,153,44.23,46,58,26.32,5,14,18.18,2,9,BUF,42,29,45.66,51.52,51,48,52.50,42,38,60.93,131,84,45.24,157,190,33.06,40,81,28.57,10,25,35.71,5,9,2018,Regular,From
CAR,42,46,47.60,37.50,6,10,50.00,8,8,48.57,17,18,50.00,34,34,46.15,18,21,42.86,6,8,60.00,3,2,CAR,42,46,54.07,55.33,83,67,62.34,96,58,63.11,207,121,54.33,427,359,48.76,177,186,44.38,75,94,43.00,43,57,CAR,42,46,52.58,62.50,40,24,44.93,31,38,65.71,92,48,53.85,196,168,45.75,70,83,45.16,28,34,32.56,14,29,CAR,42,46,56.40,69.33,52,23,76.56,49,15,62.29,109,66,56.65,247,189,46.29,81,94,44.44,36,45,39.58,19,29,2018,Regular,From
CBJ,42,49,51.78,41.67,5,7,46.67,7,8,48.39,15,16,56.92,37,28,52.63,20,18,50.00,8,8,50.00,4,4,CBJ,42,49,52.39,46.39,45,52,61.81,123,76,60.06,185,123,52.65,447,402,47.29,201,224,42.77,68,91,47.73,42,46,CBJ,42,49,52.70,60.00,24,16,61.02,36,23,57.14,72,54,51.39,166,157,50.68,74,72,41.56,32,45,51.28,20,19,CBJ,42,49,48.34,48.65,18,19,58.24,53,38,49.39,81,83,53.41,219,191,38.69,77,122,32.14,27,57,39.13,18,28,2018,Regular,From
CGY,42,48,50.99,54.55,6,5,50.00,6,6,48.39,15,16,57.38,35,26,37.14,13,22,68.75,11,5,33.33,2,4,CGY,42,48,51.76,63.22,55,32,47.79,65,71,49.07,159,165,51.65,484,453,55.11,178,145,47.71,73,80,52.46,32,29,CGY,42,48,53.07,64.41,38,21,53.45,31,27,54.41,74,62,53.10,240,212,49.66,74,75,50.00,35,35,48.39,15,16,CGY,42,48,53.88,76.00,38,12,63.54,61,35,61.63,106,66,52.39,241,219,47.17,75,84,47.69,31,34,29.03,9,22,2018,Regular,From
CHI,42,48,54.08,55.56,10,8,40.00,6,9,50.00,14,14,49.15,29,30,62.96,17,10,63.16,12,7,63.64,14,8,CHI,42,48,51.17,60.26,94,62,63.87,99,56,52.57,174,157,49.59,422,429,46.28,112,130,46.24,86,100,48.42,92,98,CHI,42,48,51.19,76.47,52,16,54.69,35,29,59.46,66,45,50.31,161,159,41.30,38,54,38.10,24,39,38.16,29,47,CHI,42,48,59.00,75.56,68,22,64.77,57,31,59.09,104,72,58.84,253,177,58.16,82,59,48.89,44,46,46.49,53,61,2018,Regular,From
COL,42,49,50.94,50.00,9,9,46.67,7,8,42.31,11,15,54.84,34,28,45.95,17,20,69.23,9,4,52.94,9,8,COL,42,49,48.10,58.76,57,40,64.58,62,34,51.63,127,119,46.22,348,405,46.72,185,211,35.77,44,79,39.72,56,85,COL,42,49,47.82,44.90,22,27,52.27,23,21,50.89,57,55,47.00,141,159,48.23,68,73,43.40,23,30,41.38,24,34,COL,42,49,49.57,49.18,30,31,75.56,34,11,53.50,84,73,50.92,221,213,47.87,101,110,22.92,11,37,27.54,19,50,2018,Regular,From
DAL,42,49,53.02,57.14,4,3,28.57,4,10,53.57,15,13,55.74,34,27,53.85,21,18,53.33,8,7,61.54,8,5,DAL,42,49,52.12,67.96,70,33,61.90,78,48,54.86,141,116,52.43,420,381,44.35,157,197,40.98,25,36,47.47,75,83,DAL,42,49,53.27,61.54,16,10,58.82,30,21,53.91,62,53,52.22,153,140,53.28,73,64,52.78,19,17,42.05,37,51,DAL,42,49,54.02,59.52,25,17,68.35,54,25,60.42,87,57,51.22,230,219,51.81,100,93,30.95,13,29,47.22,51,57,2018,Regular,From
DET,42,41,43.12,35.71,5,9,35.00,7,13,41.67,15,21,44.64,25,31,44.44,16,20,54.55,6,5,50.00,2,2,DET,42,41,48.24,56.20,68,53,54.86,96,79,52.01,168,155,48.71,398,419,40.74,132,192,46.84,74,84,38.46,30,48,DET,42,41,52.45,59.57,28,19,46.25,37,43,54.55,66,55,55.88,171,135,50.00,69,69,47.54,29,32,38.89,14,22,DET,42,41,45.22,68.33,41,19,57.53,42,31,52.63,80,72,44.38,154,193,33.33,48,96,38.71,24,38,23.53,8,26,2018,Regular,From
EDM,42,39,48.97,35.71,5,9,46.67,7,8,48.72,19,20,46.55,27,31,55.56,15,12,57.14,8,6,52.94,9,8,EDM,42,39,52.24,57.34,125,93,53.91,131,112,56.76,214,163,51.30,414,393,53.57,120,104,50.00,49,49,49.21,62,64,EDM,42,39,54.65,55.06,49,40,54.74,52,43,58.39,94,67,56.66,183,140,43.88,43,55,60.47,26,17,57.14,36,27,EDM,42,39,50.39,66.67,70,35,62.39,73,44,53.37,111,97,53.57,240,208,43.80,53,68,20.29,14,55,35.21,25,46,2018,Regular,From
FLA,42,42,45.96,36.36,4,7,50.00,11,11,57.78,26,19,42.19,27,37,37.93,11,18,50.00,7,7,33.33,4,8,FLA,42,42,49.50,50.00,53,53,56.43,79,61,59.02,324,225,50.71,429,417,38.34,120,193,38.21,47,76,35.71,25,45,FLA,42,42,50.13,65.63,21,11,57.14,36,27,54.34,119,100,50.00,155,155,44.80,56,69,41.67,25,35,42.11,8,11,FLA,42,42,46.50,64.58,31,17,52.46,32,29,54.22,135,114,45.12,171,208,37.40,46,77,41.67,25,35,37.50,9,15,2018,Regular,From
L.A,42,53,56.20,83.33,5,1,64.29,9,5,58.33,21,15,47.14,33,37,56.25,18,14,64.29,9,5,83.33,5,1,L.A,42,53,48.95,44.00,33,42,49.62,66,67,54.32,201,169,52.21,413,378,43.24,147,193,38.03,54,88,39.51,32,49,L.A,42,53,48.25,62.50,20,12,47.17,25,28,52.72,97,87,51.85,196,182,37.80,48,79,37.70,23,38,34.15,14,27,L.A,42,53,51.84,48.48,16,17,48.28,28,30,64.13,118,66,53.00,221,196,50.29,88,87,26.09,18,51,33.33,14,28,2018,Regular,From
MIN,42,47,50.58,50.00,3,3,53.85,7,6,41.18,14,20,53.33,32,28,54.29,19,16,61.54,8,5,42.11,8,11,MIN,42,47,48.44,40.63,26,38,64.96,89,48,55.87,176,139,45.10,354,431,46.22,171,199,40.71,46,67,47.27,52,58,MIN,42,47,45.13,50.00,9,9,62.75,32,19,58.14,75,54,40.46,123,181,37.59,53,88,36.84,21,36,41.18,21,30,MIN,42,47,44.23,48.15,13,14,59.65,34,23,53.80,85,73,43.32,159,208,34.98,71,132,26.98,17,46,41.07,23,33,2018,Regular,From
MTL,42,40,44.06,31.25,5,11,13.33,2,13,40.74,11,16,45.61,26,31,53.13,17,15,46.67,7,8,80.00,8,2,MTL,42,40,51.12,58.43,104,74,57.89,110,80,49.34,186,191,52.24,444,406,48.94,115,120,46.88,90,102,45.83,33,39,MTL,42,40,48.18,57.14,40,30,60.26,47,31,44.74,51,63,48.51,147,156,47.79,54,59,45.00,36,44,25.71,9,26,MTL,42,40,51.83,56.10,46,36,66.41,87,44,58.97,115,80,53.66,242,209,37.01,57,97,50.49,52,51,24.00,12,38,2018,Regular,From
N.J,42,52,49.57,62.50,5,3,45.00,9,11,47.06,16,18,54.29,38,32,40.54,15,22,53.33,8,7,50.00,3,3,N.J,42,52,48.38,49.38,40,41,53.95,82,70,51.72,180,168,49.09,350,363,46.34,196,227,36.05,53,94,44.64,50,62,N.J,42,52,47.46,66.67,22,11,56.25,36,28,51.94,67,62,43.81,131,168,47.78,86,94,36.07,22,39,36.36,12,21,N.J,42,52,45.36,72.09,31,12,44.44,40,50,55.21,90,73,44.44,164,205,41.36,79,112,31.88,22,47,26.09,12,34,2018,Regular,From
NSH,42,56,52.40,25.00,1,3,55.56,5,4,48.15,13,14,62.22,28,17,57.89,22,16,47.83,11,12,35.29,6,11,NSH,42,56,49.74,51.28,40,38,51.67,31,29,61.84,141,87,50.94,353,340,43.27,209,274,41.00,82,118,40.11,75,112,NSH,42,56,53.34,70.27,26,11,67.57,25,12,53.68,51,44,56.45,175,135,43.63,89,115,45.78,38,45,42.67,32,43,NSH,42,56,52.75,60.71,17,11,64.29,27,15,62.41,83,50,49.54,161,164,45.35,117,141,43.40,46,60,44.21,42,53,2018,Regular,From
NYI,42,44,49.17,52.94,9,8,55.00,11,9,46.81,22,25,43.08,28,37,54.55,18,15,64.71,11,6,41.18,7,10,NYI,42,44,47.55,53.68,102,88,44.55,90,112,54.09,251,213,50.26,295,292,36.84,91,156,45.63,73,87,42.45,59,80,NYI,42,44,47.19,47.56,39,43,56.12,55,43,49.44,89,91,47.06,112,126,45.45,40,48,43.24,32,42,43.33,26,34,NYI,42,44,49.52,64.04,73,41,58.26,67,48,54.85,130,107,48.74,155,163,40.60,54,79,44.71,38,47,37.93,22,36,2018,Regular,From
NYR,42,49,53.40,66.67,4,2,66.67,14,7,55.26,21,17,45.07,32,39,55.88,19,15,57.14,8,6,50.00,2,2,NYR,42,49,47.00,57.50,23,17,55.42,92,74,50.71,215,209,46.29,424,492,39.53,136,208,50.00,69,69,46.00,23,27,NYR,42,49,47.03,56.00,14,11,59.52,50,34,53.15,76,67,43.56,142,184,37.86,53,87,51.43,36,34,47.62,10,11,NYR,42,49,45.06,52.63,10,9,59.09,52,36,56.59,103,79,42.50,187,253,37.29,66,111,41.25,33,47,14.29,4,24,2018,Regular,From
OTT,42,39,45.71,57.14,8,6,33.33,6,12,48.72,19,20,46.97,31,35,47.22,17,19,38.89,7,11,37.50,3,5,OTT,42,39,48.81,53.09,86,76,53.19,75,66,56.63,188,144,47.32,362,403,47.08,153,172,37.69,49,81,45.95,34,40,OTT,42,39,49.14,56.92,37,28,61.76,42,26,48.65,72,76,50.58,175,171,47.48,66,73,40.82,20,29,21.43,6,22,OTT,42,39,45.73,64.29,54,30,63.64,77,44,61.14,107,68,43.06,183,242,30.37,58,133,32.26,20,42,28.26,13,33,2018,Regular,From
PHI,42,46,53.25,85.71,6,1,37.50,6,10,46.43,13,15,55.93,33,26,54.55,18,15,64.29,9,5,42.86,6,8,PHI,42,46,49.67,53.13,51,45,57.32,90,67,57.71,161,118,48.95,396,413,45.32,150,181,41.88,80,111,41.30,38,54,PHI,42,46,47.31,62.50,25,15,52.31,34,31,48.51,49,52,48.28,168,180,42.52,54,73,40.00,32,48,34.88,15,28,PHI,42,46,49.89,66.13,41,21,63.64,49,28,55.80,77,61,50.47,213,209,39.66,71,108,40.74,33,48,29.17,14,34,2018,Regular,From
PIT,42,43,40.43,6.67,1,14,55.56,10,8,42.86,18,24,38.89,21,33,44.44,12,15,33.33,4,8,66.67,4,2,PIT,42,43,53.25,56.10,92,72,61.38,116,73,53.33,232,203,56.47,441,340,47.64,111,122,47.22,51,57,45.90,56,66,PIT,42,43,51.44,60.61,40,26,56.25,45,35,55.43,97,78,52.38,165,150,41.76,38,53,52.00,26,24,40.00,16,24,PIT,42,43,48.20,49.41,42,43,60.67,54,35,55.98,117,92,48.61,192,203,45.22,52,63,26.47,18,50,44.44,24,30,2018,Regular,From
S.J,42,52,47.12,50.00,2,2,44.44,8,10,46.88,15,17,48.39,30,32,36.67,11,19,66.67,10,5,40.00,2,3,S.J,42,52,52.59,55.79,53,42,64.42,67,37,53.66,271,234,56.42,369,285,47.88,147,160,39.31,68,105,48.08,50,54,S.J,42,52,54.77,59.52,25,17,56.25,36,28,56.37,115,89,57.69,180,132,52.38,77,70,53.33,40,35,28.57,10,25,S.J,42,52,52.64,64.15,34,19,65.12,56,30,58.42,170,121,52.76,210,188,47.62,90,99,38.18,42,68,39.02,16,25,2018,Regular,From
STL,42,52,54.63,62.50,5,3,33.33,4,8,52.17,12,11,57.14,32,24,56.76,21,16,65.00,13,7,47.06,8,9,STL,42,52,52.64,52.75,48,43,59.26,64,44,54.23,173,146,53.14,381,336,51.99,209,193,41.32,69,98,48.61,70,74,STL,42,52,53.99,76.00,19,6,54.55,24,20,53.55,83,72,56.99,159,120,46.47,79,91,44.30,35,44,61.76,21,13,STL,42,52,48.30,62.50,20,12,49.02,25,26,52.78,95,85,46.57,190,218,43.87,93,119,41.38,36,51,43.33,26,34,2018,Regular,From
T.B,42,63,60.08,83.33,5,1,54.55,6,5,61.54,16,10,54.17,26,22,66.67,28,14,60.00,18,12,58.82,10,7,T.B,42,63,51.62,50.67,38,37,56.00,42,33,58.45,128,91,55.09,438,357,43.73,171,220,38.27,106,171,47.76,96,105,T.B,42,63,56.76,57.69,15,11,66.67,32,16,62.38,63,38,59.12,175,121,54.39,93,78,41.88,49,68,44.71,38,47,T.B,42,63,55.53,71.88,23,9,61.54,24,15,58.18,64,46,53.13,212,187,52.09,112,103,46.83,59,67,43.96,40,51,2018,Regular,From
TOR,42,50,52.46,90.00,9,1,44.00,11,14,36.67,11,19,55.77,29,23,55.56,20,16,53.57,15,13,52.38,11,10,TOR,42,50,47.22,62.16,46,28,62.01,173,106,52.33,135,123,42.05,307,423,42.72,138,185,43.00,89,118,42.47,62,84,TOR,42,50,50.16,51.52,17,16,59.23,77,53,56.59,73,56,50.58,175,171,39.10,52,81,46.05,35,41,41.43,29,41,TOR,42,50,54.26,47.50,19,21,68.18,90,42,62.59,87,52,54.45,214,179,47.17,75,84,46.15,48,56,35.96,32,57,2018,Regular,From
VAN,42,38,44.69,25.00,3,9,36.84,7,12,54.29,19,16,45.31,29,35,40.00,10,15,58.33,7,5,33.33,2,4,VAN,42,38,47.68,52.99,71,63,53.33,104,91,55.56,185,148,47.02,331,373,39.09,120,187,43.50,77,100,46.75,36,41,VAN,42,38,46.70,49.06,26,27,51.19,43,41,54.69,70,58,48.79,141,148,41.74,48,67,35.82,24,43,30.00,12,28,VAN,42,38,48.30,58.06,36,26,61.62,61,38,58.25,113,81,48.17,145,156,40.77,53,77,33.33,31,62,22.58,7,24,2018,Regular,From
VGK,42,61,55.73,50.00,4,4,30.00,3,7,71.88,23,9,60.61,40,26,57.45,27,20,48.15,13,14,30.77,4,9,VGK,42,61,52.18,51.85,28,26,67.09,53,26,55.70,171,136,52.61,443,399,48.42,184,196,48.26,83,89,38.89,63,99,VGK,42,61,52.33,50.00,9,9,67.44,29,14,59.15,84,58,49.70,168,170,48.05,74,80,47.89,34,37,44.59,33,41,VGK,42,61,51.06,47.83,11,12,71.19,42,17,53.05,87,77,53.62,222,192,38.86,82,129,40.00,48,72,41.84,41,57,2018,Regular,From
WPG,42,55,52.63,33.33,5,10,45.45,5,6,48.28,14,15,56.86,29,22,58.82,20,14,52.00,13,12,62.50,10,6,WPG,42,55,51.95,55.90,90,71,60.00,72,48,53.60,119,103,52.91,318,283,43.94,156,199,48.94,138,144,47.15,91,102,WPG,42,55,51.62,67.16,45,22,51.92,27,25,53.61,52,45,45.67,116,138,49.66,72,73,51.20,64,61,50.00,29,29,WPG,42,55,51.08,66.67,60,30,63.83,30,17,56.20,68,53,49.54,161,164,40.96,68,98,42.54,77,104,38.20,34,55,2018,Regular,From
WSH,42,55,54.23,60.00,6,4,50.00,8,8,56.67,17,13,55.56,35,28,59.38,19,13,50.00,10,10,38.46,5,8,WSH,42,55,46.64,61.65,82,51,57.36,74,55,55.27,173,140,42.32,292,398,46.59,164,188,36.31,57,100,29.17,28,68,WSH,42,55,46.08,52.31,34,31,48.15,26,28,50.00,69,69,46.50,153,176,38.92,72,113,46.32,44,51,40.00,16,24,WSH,42,55,53.23,74.32,55,19,55.13,43,35,60.59,103,67,50.45,170,167,48.93,114,119,41.51,44,62,43.24,16,21,2018,Regular,From
ANA,41,46,50.80,58.33,7,5,46.15,6,7,42.31,11,15,52.38,33,30,56.67,17,13,52.63,10,9,44.44,4,5,ANA,41,46,47.43,58.02,47,34,56.07,60,47,53.38,150,131,44.56,299,372,44.58,189,235,38.86,75,118,45.27,67,81,ANA,41,46,47.21,47.50,19,21,59.02,36,25,55.73,73,58,44.71,131,162,43.04,99,131,39.02,32,50,43.14,22,29,ANA,41,46,47.59,69.23,27,12,58.57,41,29,54.00,81,69,43.98,157,200,40.57,86,126,44.09,41,52,35.48,22,40,2018,Regular,From
ARI,41,23,37.32,52.94,9,8,44.44,12,15,33.33,15,30,33.85,22,43,30.43,7,16,28.57,2,5,66.67,2,1,ARI,41,23,46.64,56.35,111,86,49.38,119,122,49.74,190,192,47.47,366,405,42.96,119,158,36.11,26,46,58.33,7,5,ARI,41,23,44.27,52.08,50,46,46.00,46,54,53.41,94,82,44.01,180,229,38.85,54,85,40.63,13,19,18.18,2,9,ARI,41,23,48.58,60.82,59,38,53.60,67,58,51.58,114,107,51.04,197,189,44.44,72,90,37.84,14,23,37.50,6,10,2018,Regular,From
BOS,41,55,56.88,66.67,4,2,50.00,8,8,44.44,12,15,55.36,31,25,58.33,21,15,77.78,14,4,61.11,11,7,BOS,41,55,52.61,61.29,38,24,55.56,90,72,62.95,141,83,49.93,365,366,47.97,177,192,48.73,77,81,50.53,95,93,BOS,41,55,52.79,52.17,12,11,58.33,35,25,61.47,67,42,47.99,143,155,48.19,80,86,55.42,46,37,48.04,49,53,BOS,41,55,54.14,65.71,23,12,61.25,49,31,57.98,69,50,54.52,193,161,44.60,95,118,48.81,41,43,44.34,47,59,2018,Regular,From
BUF,41,29,41.13,52.17,12,11,39.13,9,14,40.54,15,22,39.34,24,37,47.62,10,11,16.67,1,5,20.00,1,4,BUF,41,29,47.88,56.11,101,79,56.48,109,84,50.61,207,202,47.69,372,408,45.07,128,156,42.00,21,29,23.81,5,16,BUF,41,29,44.53,55.42,46,37,41.10,30,43,49.71,87,88,45.79,125,148,44.23,46,58,26.32,5,14,18.18,2,9,BUF,41,29,45.49,51.52,51,48,52.50,42,38,60.78,124,80,45.16,154,187,33.06,40,81,28.57,10,25,35.71,5,9,2018,Regular,From
CAR,41,46,48.18,37.50,6,10,46.67,7,8,50.00,17,17,50.77,33,32,48.65,18,19,42.86,6,8,60.00,3,2,CAR,41,46,54.26,55.33,83,67,62.34,96,58,63.29,200,116,54.43,412,345,49.71,174,176,44.38,75,94,43.00,43,57,CAR,41,46,52.75,62.50,40,24,44.93,31,38,66.19,92,47,53.93,192,164,46.58,68,78,45.16,28,34,32.56,14,29,CAR,41,46,56.61,69.33,52,23,76.56,49,15,62.50,105,63,56.67,238,182,47.06,80,90,44.44,36,45,39.58,19,29,2018,Regular,From
CBJ,41,49,51.94,41.67,5,7,46.67,7,8,50.00,15,15,56.92,37,28,52.63,20,18,50.00,8,8,50.00,4,4,CBJ,41,49,52.34,46.39,45,52,62.12,123,75,59.14,165,114,52.96,439,390,47.29,201,224,42.77,68,91,47.73,42,46,CBJ,41,49,52.51,60.00,24,16,61.02,36,23,57.85,70,51,50.80,159,154,50.68,74,72,41.56,32,45,51.28,20,19,CBJ,41,49,48.40,48.65,18,19,58.24,53,38,49.68,78,79,53.57,210,182,38.69,77,122,32.14,27,57,39.13,18,28,2018,Regular,From
CGY,41,46,50.64,54.55,6,5,50.00,6,6,48.39,15,16,55.93,33,26,36.36,12,21,73.33,11,4,33.33,2,4,CGY,41,46,51.75,63.22,55,32,47.79,65,71,49.07,159,165,51.78,481,448,55.18,165,134,48.59,69,73,52.46,32,29,CGY,41,46,52.83,64.41,38,21,53.45,31,27,54.41,74,62,52.99,239,212,48.55,67,71,50.72,35,34,48.39,15,16,CGY,41,46,53.86,76.00,38,12,63.54,61,35,61.63,106,66,52.54,238,215,46.94,69,78,46.88,30,34,29.03,9,22,2018,Regular,From
CHI,41,46,53.51,55.56,10,8,40.00,6,9,50.00,14,14,48.28,28,30,61.54,16,10,63.16,12,7,66.67,12,6,CHI,41,46,50.75,60.26,94,62,63.87,99,56,52.57,174,157,49.10,408,423,45.76,108,128,46.24,86,100,46.82,81,92,CHI,41,46,51.54,76.47,52,16,54.69,35,29,59.46,66,45,50.80,159,154,42.05,37,51,38.10,24,39,39.13,27,42,CHI,41,46,59.05,75.56,68,22,64.77,57,31,59.09,104,72,58.81,247,173,57.46,77,57,50.00,43,43,47.57,49,54,2018,Regular,From
COL,41,47,50.28,50.00,9,9,46.67,7,8,42.31,11,15,53.33,32,28,45.71,16,19,69.23,9,4,52.94,9,8,COL,41,47,47.98,58.76,57,40,64.58,62,34,51.63,127,119,46.33,341,395,46.05,175,205,35.77,44,79,39.72,56,85,COL,41,47,47.91,44.90,22,27,52.27,23,21,50.89,57,55,46.90,136,154,50.00,63,63,43.40,23,30,41.38,24,34,COL,41,47,49.40,49.18,30,31,75.56,34,11,53.50,84,73,51.06,216,207,47.18,92,103,22.92,11,37,27.54,19,50,2018,Regular,From
DAL,41,47,52.69,57.14,4,3,28.57,4,10,51.85,14,13,55.74,34,27,52.63,20,18,57.14,8,6,61.54,8,5,DAL,41,47,52.42,67.96,70,33,61.90,78,48,55.38,139,112,52.62,412,371,45.07,151,184,40.74,22,32,47.47,75,83,DAL,41,47,53.17,61.54,16,10,58.82,30,21,53.91,62,53,51.90,150,139,53.79,71,61,54.29,19,16,42.05,37,51,DAL,41,47,53.90,59.52,25,17,68.35,54,25,60.00,84,56,51.15,223,213,52.51,94,85,27.50,11,29,47.22,51,57,2018,Regular,From
DET,41,41,43.48,35.71,5,9,35.00,7,13,42.86,15,20,45.45,25,30,44.44,16,20,54.55,6,5,50.00,2,2,DET,41,41,48.40,54.29,57,48,58.23,92,66,51.76,162,151,48.89,397,415,40.74,132,192,46.84,74,84,38.46,30,48,DET,41,41,52.79,62.22,28,17,48.57,34,36,53.39,63,55,56.11,170,133,50.00,69,69,47.54,29,32,38.89,14,22,DET,41,41,45.55,73.58,39,14,61.19,41,26,51.35,76,72,44.48,153,191,33.33,48,96,38.71,24,38,23.53,8,26,2018,Regular,From
EDM,41,39,50.18,41.67,5,7,50.00,7,7,50.00,19,19,47.37,27,30,55.56,15,12,57.14,8,6,52.94,9,8,EDM,41,39,52.19,58.10,104,75,53.36,127,111,57.07,214,161,51.06,408,391,53.57,120,104,50.00,49,49,49.21,62,64,EDM,41,39,54.97,57.35,39,29,54.26,51,43,58.39,94,67,56.88,182,138,43.88,43,55,60.47,26,17,57.14,36,27,EDM,41,39,50.74,68.18,60,28,62.93,73,43,53.66,110,95,54.09,238,202,43.80,53,68,20.29,14,55,35.21,25,46,2018,Regular,From
FLA,41,40,45.07,36.36,4,7,47.62,10,11,57.14,24,18,42.62,26,35,35.71,10,18,46.15,6,7,36.36,4,7,FLA,41,40,49.38,50.00,53,53,56.52,78,60,59.03,317,220,50.54,422,413,38.34,120,193,37.96,41,67,34.38,22,42,FLA,41,40,49.78,65.63,21,11,57.14,36,27,53.81,113,97,49.18,150,155,44.80,56,69,42.00,21,29,50.00,7,7,FLA,41,40,46.49,64.58,31,17,53.33,32,28,54.39,130,109,45.16,168,204,37.40,46,77,41.51,22,31,34.78,8,15,2018,Regular,From
L.A,41,53,56.53,83.33,5,1,61.54,8,5,60.61,20,13,47.83,33,36,56.25,18,14,64.29,9,5,83.33,5,1,L.A,41,53,48.76,44.00,33,42,51.20,64,61,53.50,191,166,51.92,406,376,43.24,147,193,38.03,54,88,39.51,32,49,L.A,41,53,48.15,62.50,20,12,47.06,24,27,52.87,92,82,51.73,194,181,37.80,48,79,37.70,23,38,34.15,14,27,L.A,41,53,52.14,48.48,16,17,50.91,28,27,65.14,114,61,52.93,217,193,50.29,88,87,26.09,18,51,33.33,14,28,2018,Regular,From
MIN,41,47,51.27,60.00,3,2,54.55,6,5,42.42,14,19,54.24,32,27,54.29,19,16,61.54,8,5,42.11,8,11,MIN,41,47,48.50,38.30,18,29,66.67,82,41,55.63,163,130,45.20,353,428,46.22,171,199,40.71,46,67,47.27,52,58,MIN,41,47,45.18,46.67,7,8,63.27,31,18,59.06,75,52,40.59,123,180,37.59,53,88,36.84,21,36,41.18,21,30,MIN,41,47,43.74,43.48,10,13,56.60,30,23,52.38,77,70,43.41,158,206,34.98,71,132,26.98,17,46,41.07,23,33,2018,Regular,From
MTL,41,38,43.17,31.25,5,11,13.33,2,13,40.74,11,16,43.64,24,31,53.33,16,14,46.15,6,7,80.00,8,2,MTL,41,38,50.90,58.43,104,74,57.89,110,80,49.34,186,191,52.29,434,396,48.28,98,105,45.11,83,101,47.83,33,36,MTL,41,38,47.90,57.14,40,30,60.26,47,31,44.74,51,63,48.65,144,152,46.79,51,58,44.16,34,43,25.71,9,26,MTL,41,38,51.16,56.10,46,36,66.41,87,44,58.97,115,80,53.29,235,206,32.61,45,93,49.47,47,48,25.00,12,36,2018,Regular,From
N.J,41,52,49.98,62.50,5,3,47.37,9,10,48.48,16,17,53.62,37,32,41.67,15,21,53.33,8,7,50.00,3,3,N.J,41,52,48.24,46.67,35,40,53.47,77,67,51.73,179,167,49.15,345,357,46.36,191,221,36.05,53,94,44.64,50,62,N.J,41,52,46.89,63.33,19,11,54.84,34,28,51.97,66,61,43.54,128,166,47.43,83,92,36.07,22,39,36.36,12,21,N.J,41,52,45.42,71.43,30,12,45.35,39,47,55.21,90,73,44.23,161,203,41.58,79,111,31.88,22,47,26.09,12,34,2018,Regular,From
NSH,41,54,52.31,25.00,1,3,55.56,5,4,48.15,13,14,62.22,28,17,56.76,21,16,50.00,11,11,35.29,6,11,NSH,41,54,49.79,51.28,40,38,51.67,31,29,61.84,141,87,50.73,348,338,43.53,195,253,41.41,82,116,40.11,75,112,NSH,41,54,53.79,70.27,26,11,67.57,25,12,53.68,51,44,57.38,175,130,44.27,85,107,45.78,38,45,42.67,32,43,NSH,41,54,52.95,60.71,17,11,64.29,27,15,62.41,83,50,49.38,159,163,46.44,111,128,42.86,45,60,44.21,42,53,2018,Regular,From
NYI,41,44,49.71,56.25,9,7,57.89,11,8,46.81,22,25,43.75,28,36,54.55,18,15,64.71,11,6,41.18,7,10,NYI,41,44,47.80,52.05,89,82,46.52,87,100,54.11,250,212,50.88,289,279,36.84,91,156,45.63,73,87,42.45,59,80,NYI,41,44,47.24,46.05,35,41,57.29,55,41,49.44,89,91,47.35,107,119,45.45,40,48,43.24,32,42,43.33,26,34,NYI,41,44,49.40,62.26,66,40,58.93,66,46,54.85,130,107,48.72,152,160,40.60,54,79,44.71,38,47,37.93,22,36,2018,Regular,From
NYR,41,49,53.66,66.67,4,2,66.67,14,7,55.26,21,17,44.93,31,38,57.58,19,14,57.14,8,6,50.00,2,2,NYR,41,49,47.03,57.50,23,17,55.42,92,74,50.36,207,204,46.51,406,467,39.65,136,207,50.00,69,69,46.00,23,27,NYR,41,49,46.65,56.00,14,11,59.52,50,34,52.86,74,66,42.81,134,179,37.86,53,87,51.43,36,34,47.62,10,11,NYR,41,49,45.60,52.63,10,9,59.09,52,36,56.82,100,76,43.51,181,235,37.50,66,110,41.25,33,47,14.29,4,24,2018,Regular,From
OTT,41,37,45.21,57.14,8,6,33.33,6,12,48.72,19,20,44.44,28,35,48.48,16,17,41.18,7,10,37.50,3,5,OTT,41,37,48.97,53.09,86,76,53.19,75,66,56.63,188,144,47.47,357,395,48.29,141,151,36.61,41,71,45.95,34,40,OTT,41,37,49.72,56.92,37,28,61.76,42,26,48.65,72,76,50.90,170,164,50.81,63,61,42.22,19,26,21.43,6,22,OTT,41,37,45.94,64.29,54,30,63.64,77,44,61.14,107,68,43.06,180,238,31.64,56,121,29.82,17,40,28.26,13,33,2018,Regular,From
PHI,41,44,52.32,85.71,6,1,37.50,6,10,44.44,12,15,55.93,33,26,53.13,17,15,61.54,8,5,42.86,6,8,PHI,41,44,49.63,53.13,51,45,57.32,90,67,57.40,159,118,49.05,388,403,45.25,138,167,41.88,80,111,41.30,38,54,PHI,41,44,46.85,62.50,25,15,52.31,34,31,48.51,49,52,48.08,163,176,40.52,47,69,40.00,32,48,34.88,15,28,PHI,41,44,49.98,66.13,41,21,63.64,49,28,55.80,77,61,50.48,210,206,39.88,67,101,40.74,33,48,29.17,14,34,2018,Regular,From
PIT,41,43,41.22,7.14,1,13,58.82,10,7,43.90,18,23,39.62,21,32,44.44,12,15,33.33,4,8,66.67,4,2,PIT,41,43,53.55,57.79,89,65,61.85,107,66,53.72,231,199,56.68,433,331,47.64,111,122,47.22,51,57,45.90,56,66,PIT,41,43,51.32,60.32,38,25,55.84,43,34,55.75,97,77,52.27,161,147,41.76,38,53,52.00,26,24,40.00,16,24,PIT,41,43,47.78,48.15,39,42,59.49,47,32,55.61,114,91,48.19,186,200,45.22,52,63,26.47,18,50,44.44,24,30,2018,Regular,From
S.J,41,50,46.08,50.00,2,2,44.44,8,10,46.88,15,17,47.54,29,32,34.48,10,19,61.54,8,5,50.00,2,2,S.J,41,50,52.58,55.79,53,42,64.42,67,37,53.66,271,234,56.36,368,285,47.33,133,148,38.89,56,88,49.02,50,52,S.J,41,50,54.84,59.52,25,17,56.25,36,28,56.37,115,89,57.74,179,131,54.20,71,60,51.61,32,30,30.30,10,23,S.J,41,50,52.39,64.15,34,19,65.12,56,30,58.42,170,121,52.64,209,188,48.02,85,92,34.38,33,63,40.00,16,24,2018,Regular,From
STL,41,50,54.29,62.50,5,3,33.33,4,8,52.17,12,11,55.56,30,24,58.33,21,15,65.00,13,7,47.06,8,9,STL,41,50,52.64,52.75,48,43,59.26,64,44,54.23,173,146,53.26,368,323,52.05,203,187,41.32,69,98,48.61,70,74,STL,41,50,53.71,76.00,19,6,54.55,24,20,53.55,83,72,56.27,148,115,46.88,75,85,44.30,35,44,61.76,21,13,STL,41,50,48.35,62.50,20,12,49.02,25,26,52.78,95,85,46.58,184,211,44.06,89,113,41.38,36,51,43.33,26,34,2018,Regular,From
T.B,41,61,59.55,83.33,5,1,54.55,6,5,61.54,16,10,53.19,25,22,64.10,25,14,62.96,17,10,58.82,10,7,T.B,41,61,51.71,50.67,38,37,56.00,42,33,58.45,128,91,54.82,432,356,44.32,164,206,38.40,101,162,47.98,95,103,T.B,41,61,56.84,57.69,15,11,66.67,32,16,62.38,63,38,59.93,175,117,54.66,88,73,40.54,45,66,44.71,38,47,T.B,41,61,55.46,71.88,23,9,61.54,24,15,58.18,64,46,52.55,206,186,53.23,107,94,45.97,57,67,44.44,40,50,2018,Regular,From
TOR,41,48,52.60,90.00,9,1,44.00,11,14,36.67,11,19,54.90,28,23,58.82,20,14,53.57,15,13,52.38,11,10,TOR,41,48,47.35,62.16,46,28,62.01,173,106,52.33,135,123,42.40,293,398,42.45,135,183,43.00,89,118,42.47,62,84,TOR,41,48,49.90,51.52,17,16,59.23,77,53,56.59,73,56,50.31,164,162,38.64,51,81,46.05,35,41,41.43,29,41,TOR,41,48,54.19,47.50,19,21,68.18,90,42,62.59,87,52,54.55,204,170,46.50,73,84,46.15,48,56,35.96,32,57,2018,Regular,From
VAN,41,38,44.93,25.00,3,9,35.29,6,11,54.55,18,15,46.77,29,33,40.00,10,15,58.33,7,5,33.33,2,4,VAN,41,38,47.83,51.91,68,63,55.08,103,84,56.48,170,131,46.93,321,363,39.09,120,187,43.50,77,100,46.75,36,41,VAN,41,38,46.74,49.06,26,27,51.85,42,39,55.65,69,55,48.58,137,145,41.74,48,67,35.82,24,43,30.00,12,28,VAN,41,38,49.18,56.67,34,26,63.74,58,33,61.24,109,69,48.80,142,149,40.77,53,77,33.33,31,62,22.58,7,24,2018,Regular,From
VGK,41,60,56.00,50.00,4,4,30.00,3,7,70.97,22,9,61.90,39,24,58.70,27,19,48.15,13,14,30.77,4,9,VGK,41,60,52.08,51.85,28,26,67.09,53,26,55.59,169,135,52.61,424,382,48.14,181,195,48.26,83,89,38.89,63,99,VGK,41,60,51.95,50.00,9,9,67.44,29,14,59.15,84,58,49.24,162,167,47.37,72,80,47.89,34,37,44.59,33,41,VGK,41,60,50.67,47.83,11,12,71.19,42,17,53.05,87,77,52.74,212,190,38.57,81,129,40.00,48,72,41.84,41,57,2018,Regular,From
WPG,41,53,52.88,33.33,5,10,45.45,5,6,48.28,14,15,56.00,28,22,59.38,19,13,56.52,13,10,62.50,10,6,WPG,41,53,51.85,55.90,90,71,60.00,72,48,53.60,119,103,53.03,315,279,43.53,148,192,48.67,128,135,47.15,91,102,WPG,41,53,51.93,67.16,45,22,51.92,27,25,53.61,52,45,45.82,115,136,51.45,71,67,51.69,61,57,50.00,29,29,WPG,41,53,51.26,66.67,60,30,63.83,30,17,56.20,68,53,49.21,156,161,42.58,66,89,42.29,74,101,38.20,34,55,2018,Regular,From
WSH,41,53,54.22,60.00,6,4,50.00,8,8,56.67,17,13,54.10,33,28,63.33,19,11,50.00,10,10,38.46,5,8,WSH,41,53,46.70,61.65,82,51,57.36,74,55,55.48,162,130,42.62,283,381,46.22,159,185,36.31,57,100,29.17,28,68,WSH,41,53,46.53,52.31,34,31,48.15,26,28,53.23,66,58,46.67,147,168,38.89,70,110,46.32,44,51,40.00,16,24,WSH,41,53,52.82,74.32,55,19,55.13,43,35,60.25,97,64,50.00,165,165,47.96,106,115,41.51,44,62,43.24,16,21,2018,Regular,From
ANA,40,44,49.37,58.33,7,5,46.15,6,7,42.31,11,15,51.61,32,30,55.17,16,13,50.00,9,9,28.57,2,5,ANA,40,44,47.33,58.02,47,34,56.07,60,47,53.38,150,131,44.39,297,372,44.34,184,231,39.46,73,112,45.24,57,69,ANA,40,44,47.42,47.50,19,21,59.02,36,25,55.73,73,58,44.71,131,162,43.36,98,128,41.56,32,45,41.46,17,24,ANA,40,44,47.50,69.23,27,12,58.57,41,29,54.00,81,69,43.98,157,200,40.19,84,125,44.94,40,49,33.33,17,34,2018,Regular,From
ARI,40,23,38.31,52.94,9,8,46.15,12,14,34.09,15,29,35.48,22,40,30.43,7,16,28.57,2,5,66.67,2,1,ARI,40,23,46.60,56.35,111,86,49.38,119,122,49.57,172,175,47.46,364,403,42.96,119,158,36.11,26,46,58.33,7,5,ARI,40,23,44.45,52.08,50,46,46.46,46,53,54.55,84,70,44.06,178,226,38.85,54,85,40.63,13,19,18.18,2,9,ARI,40,23,48.20,60.00,57,38,52.46,64,58,50.24,103,102,51.06,193,185,44.44,72,90,37.84,14,23,37.50,6,10,2018,Regular,From
BOS,40,53,57.08,66.67,4,2,50.00,8,8,42.31,11,15,55.56,30,24,60.00,21,14,77.78,14,4,61.11,11,7,BOS,40,53,52.63,61.29,38,24,55.56,90,72,62.56,132,79,50.00,345,345,48.10,177,191,48.73,77,81,50.53,95,93,BOS,40,53,53.73,52.17,12,11,58.33,35,25,64.08,66,37,49.47,141,144,48.19,80,86,55.42,46,37,48.04,49,53,BOS,40,53,54.35,65.71,23,12,61.25,49,31,56.07,60,47,55.13,188,153,44.81,95,117,48.81,41,43,44.34,47,59,2018,Regular,From
BUF,40,29,40.51,52.17,12,11,33.33,7,14,40.00,14,21,40.00,24,36,47.62,10,11,16.67,1,5,20.00,1,4,BUF,40,29,47.95,56.11,101,79,57.47,100,74,50.76,200,194,47.61,368,405,45.07,128,156,42.00,21,29,23.81,5,16,BUF,40,29,44.03,55.42,46,37,39.39,26,40,48.21,81,87,45.56,123,147,44.23,46,58,26.32,5,14,18.18,2,9,BUF,40,29,45.28,51.52,51,48,52.70,39,35,59.59,115,78,45.35,151,182,33.06,40,81,28.57,10,25,35.71,5,9,2018,Regular,From
CAR,40,46,49.52,46.15,6,7,50.00,7,7,51.52,17,16,50.77,33,32,48.65,18,19,42.86,6,8,60.00,3,2,CAR,40,46,54.45,58.56,65,46,62.34,96,58,62.94,197,116,54.43,412,345,49.71,174,176,44.38,75,94,43.00,43,57,CAR,40,46,52.75,61.22,30,19,45.59,31,37,66.19,92,47,53.93,192,164,46.58,68,78,45.16,28,34,32.56,14,29,CAR,40,46,57.17,77.36,41,12,76.56,49,15,63.03,104,61,56.67,238,182,47.06,80,90,44.44,36,45,39.58,19,29,2018,Regular,From
CBJ,40,47,51.70,41.67,5,7,46.67,7,8,48.28,14,15,57.14,36,27,52.63,20,18,50.00,8,8,50.00,4,4,CBJ,40,47,52.28,46.39,45,52,62.12,123,75,59.21,164,113,52.82,422,377,47.34,196,218,42.77,68,91,47.73,42,46,CBJ,40,47,52.14,60.00,24,16,61.02,36,23,57.14,68,51,49.83,151,152,51.05,73,70,41.56,32,45,51.28,20,19,CBJ,40,47,48.66,48.65,18,19,58.24,53,38,50.00,77,77,53.19,200,176,40.31,77,114,32.14,27,57,39.13,18,28,2018,Regular,From
CGY,40,44,50.06,54.55,6,5,50.00,6,6,48.39,15,16,54.39,31,26,35.48,11,20,73.33,11,4,33.33,2,4,CGY,40,44,51.57,63.22,55,32,47.79,65,71,49.07,159,165,51.81,473,440,55.03,164,134,47.01,55,62,52.46,32,29,CGY,40,44,52.46,64.41,38,21,53.45,31,27,54.41,74,62,52.81,235,210,48.91,67,70,45.76,27,32,48.39,15,16,CGY,40,44,53.47,76.00,38,12,63.54,61,35,61.63,106,66,52.26,231,211,46.94,69,78,41.51,22,31,29.03,9,22,2018,Regular,From
CHI,40,44,52.86,55.56,10,8,40.00,6,9,50.00,14,14,47.37,27,30,58.33,14,10,64.71,11,6,66.67,12,6,CHI,40,44,50.84,60.26,94,62,63.87,99,56,52.57,174,157,49.21,406,419,45.70,101,120,46.71,78,89,47.56,78,86,CHI,40,44,50.99,76.47,52,16,54.69,35,29,59.46,66,45,50.64,158,154,38.55,32,51,35.59,21,38,38.81,26,41,CHI,40,44,58.58,75.56,68,22,64.77,57,31,59.09,104,72,58.94,244,170,55.74,68,54,46.05,35,41,47.37,45,50,2018,Regular,From
COL,40,45,49.54,50.00,9,9,46.67,7,8,42.31,11,15,52.54,31,28,44.12,15,19,72.73,8,3,50.00,8,8,COL,40,45,47.76,58.76,57,40,64.58,62,34,51.63,127,119,46.17,338,394,46.37,166,192,33.94,37,72,37.90,47,77,COL,40,45,47.71,44.90,22,27,52.27,23,21,50.89,57,55,46.71,135,154,49.19,61,63,43.14,22,29,41.82,23,32,COL,40,45,49.77,49.18,30,31,75.56,34,11,53.50,84,73,50.95,214,206,48.37,89,95,25.00,11,33,27.69,18,47,2018,Regular,From
DAL,40,47,53.07,57.14,4,3,28.57,4,10,51.85,14,13,55.93,33,26,54.05,20,17,57.14,8,6,61.54,8,5,DAL,40,47,52.57,67.96,70,33,61.90,78,48,55.42,133,107,52.99,399,354,45.05,150,183,40.74,22,32,47.47,75,83,DAL,40,47,53.76,61.54,16,10,58.82,30,21,53.57,60,52,53.05,148,131,54.62,71,59,54.29,19,16,42.05,37,51,DAL,40,47,53.88,59.52,25,17,68.35,54,25,57.58,76,56,51.67,217,203,52.27,92,84,27.50,11,29,47.22,51,57,2018,Regular,From
DET,40,41,43.99,35.71,5,9,29.41,5,12,46.88,15,17,46.30,25,29,44.44,16,20,54.55,6,5,50.00,2,2,DET,40,41,48.28,53.92,55,47,57.64,83,61,50.68,148,144,49.19,396,409,40.74,132,192,46.84,74,84,38.46,30,48,DET,40,41,52.88,62.22,28,17,50.00,32,32,53.70,58,50,55.52,166,133,50.00,69,69,47.54,29,32,38.89,14,22,DET,40,41,45.77,73.08,38,14,63.08,41,24,50.00,67,67,45.10,152,185,33.33,48,96,38.71,24,38,23.53,8,26,2018,Regular,From
EDM,40,37,49.94,41.67,5,7,50.00,7,7,50.00,19,19,46.43,26,30,55.56,15,12,57.14,8,6,52.94,9,8,EDM,40,37,52.34,58.10,104,75,53.36,127,111,57.07,214,161,51.47,386,364,53.67,117,101,50.00,49,49,49.21,62,64,EDM,40,37,54.60,57.35,39,29,54.26,51,43,58.39,94,67,55.70,171,136,44.33,43,54,60.47,26,17,57.14,36,27,EDM,40,37,50.76,68.18,60,28,62.93,73,43,53.66,110,95,54.72,226,187,41.74,48,67,20.29,14,55,35.21,25,46,2018,Regular,From
FLA,40,39,44.79,36.36,4,7,47.62,10,11,56.10,23,18,42.62,26,35,35.71,10,18,46.15,6,7,36.36,4,7,FLA,40,39,49.56,50.00,53,53,56.52,78,60,59.33,302,207,51.07,407,390,38.34,120,193,37.96,41,67,34.38,22,42,FLA,40,39,49.73,65.63,21,11,57.14,36,27,52.28,103,94,50.00,144,144,44.80,56,69,42.00,21,29,50.00,7,7,FLA,40,39,46.02,64.58,31,17,53.33,32,28,52.70,117,105,44.85,161,198,37.40,46,77,41.51,22,31,34.78,8,15,2018,Regular,From
L.A,40,53,57.13,83.33,5,1,58.33,7,5,62.50,20,12,47.76,32,35,56.67,17,13,69.23,9,4,83.33,5,1,L.A,40,53,48.93,44.00,33,42,51.85,56,52,54.42,191,160,51.63,397,372,43.75,140,180,37.41,52,87,39.51,32,49,L.A,40,53,48.73,62.50,20,12,46.34,19,22,54.22,90,76,52.30,193,176,38.21,47,76,36.67,22,38,34.15,14,27,L.A,40,53,52.51,48.48,16,17,49.06,26,27,65.14,114,61,53.07,216,191,52.73,87,78,25.00,17,51,33.33,14,28,2018,Regular,From
MIN,40,45,50.49,60.00,3,2,54.55,6,5,42.42,14,19,53.45,31,27,52.94,18,16,61.54,8,5,35.71,5,9,MIN,40,45,48.56,38.30,18,29,66.67,82,41,55.63,163,130,45.20,353,428,46.07,170,199,43.27,45,59,48.10,38,41,MIN,40,45,44.94,46.67,7,8,63.27,31,18,59.06,75,52,40.73,123,179,37.59,53,88,37.50,21,35,35.90,14,25,MIN,40,45,43.21,43.48,10,13,56.60,30,23,52.38,77,70,43.41,158,206,34.98,71,132,28.33,17,43,30.00,12,28,2018,Regular,From
MTL,40,36,43.11,31.25,5,11,13.33,2,13,40.74,11,16,42.59,23,31,55.17,16,13,46.15,6,7,80.00,8,2,MTL,40,36,51.12,58.43,104,74,57.89,110,80,49.34,186,191,53.06,399,353,48.28,98,105,45.11,83,101,47.83,33,36,MTL,40,36,48.10,57.14,40,30,60.26,47,31,44.74,51,63,49.11,138,143,46.79,51,58,44.16,34,43,25.71,9,26,MTL,40,36,50.83,56.10,46,36,66.41,87,44,58.97,115,80,52.41,207,188,32.61,45,93,49.47,47,48,25.00,12,36,2018,Regular,From
N.J,40,51,50.00,62.50,5,3,47.37,9,10,46.88,15,17,54.55,36,30,41.18,14,20,53.33,8,7,50.00,3,3,N.J,40,51,48.24,46.67,35,40,53.47,77,67,51.65,172,161,49.25,327,337,46.29,187,217,36.30,53,93,44.64,50,62,N.J,40,51,46.86,63.33,19,11,54.84,34,28,51.97,66,61,43.75,126,162,46.78,80,91,36.07,22,39,36.36,12,21,N.J,40,51,45.98,71.43,30,12,45.35,39,47,56.05,88,69,44.99,157,192,41.94,78,108,31.88,22,47,26.09,12,34,2018,Regular,From
NSH,40,52,52.15,25.00,1,3,55.56,5,4,48.15,13,14,61.36,27,17,55.88,19,15,52.38,11,10,35.29,6,11,NSH,40,52,49.94,51.28,40,38,51.67,31,29,61.84,141,87,51.11,346,331,44.14,192,243,40.00,76,114,40.11,75,112,NSH,40,52,53.90,70.27,26,11,67.57,25,12,53.68,51,44,57.62,174,128,43.96,80,102,45.68,37,44,42.67,32,43,NSH,40,52,52.86,60.71,17,11,64.29,27,15,62.41,83,50,49.52,156,159,46.09,106,124,41.18,42,60,44.21,42,53,2018,Regular,From
NYI,40,44,49.68,53.33,8,7,58.82,10,7,46.67,21,24,44.44,28,35,54.55,18,15,64.71,11,6,41.18,7,10,NYI,40,44,47.78,52.56,82,74,44.63,79,98,54.19,246,208,51.18,283,270,36.84,91,156,45.63,73,87,42.45,59,80,NYI,40,44,47.41,45.83,33,39,57.45,54,40,49.43,86,88,47.66,102,112,45.45,40,48,43.24,32,42,43.33,26,34,NYI,40,44,49.73,61.46,59,37,59.62,62,42,55.90,128,101,48.69,149,157,40.60,54,79,44.71,38,47,37.93,22,36,2018,Regular,From
NYR,40,47,53.40,66.67,4,2,66.67,14,7,54.05,20,17,44.93,31,38,57.58,19,14,57.14,8,6,50.00,2,2,NYR,40,47,47.24,57.50,23,17,55.42,92,74,50.38,201,198,46.97,388,438,39.65,136,207,50.00,69,69,46.00,23,27,NYR,40,47,46.61,56.00,14,11,59.52,50,34,53.33,72,63,42.18,124,170,37.86,53,87,51.43,36,34,47.62,10,11,NYR,40,47,45.54,52.63,10,9,59.09,52,36,57.31,98,73,42.89,169,225,37.50,66,110,41.25,33,47,14.29,4,24,2018,Regular,From
OTT,40,37,45.65,60.00,6,4,33.33,6,12,50.00,19,19,45.16,28,34,48.48,16,17,41.18,7,10,37.50,3,5,OTT,40,37,49.40,55.17,80,65,53.19,75,66,57.06,186,140,47.95,351,381,48.29,141,151,36.61,41,71,45.95,34,40,OTT,40,37,49.33,55.17,32,26,61.76,42,26,47.92,69,75,50.46,165,162,50.81,63,61,42.22,19,26,21.43,6,22,OTT,40,37,46.08,64.38,47,26,63.25,74,43,62.50,105,63,43.14,176,232,31.64,56,121,29.82,17,40,28.26,13,33,2018,Regular,From
PHI,40,42,51.91,85.71,6,1,37.50,6,10,44.44,12,15,55.17,32,26,51.61,16,15,54.55,6,5,50.00,5,5,PHI,40,42,49.37,53.13,51,45,57.32,90,67,57.40,159,118,48.99,387,403,44.52,134,167,40.79,62,90,40.48,34,50,PHI,40,42,47.13,62.50,25,15,52.31,34,31,48.51,49,52,48.22,163,175,40.52,47,69,40.68,24,35,36.59,15,26,PHI,40,42,49.20,66.13,41,21,63.64,49,28,55.80,77,61,50.36,209,206,39.76,66,100,34.92,22,41,20.93,9,34,2018,Regular,From
PIT,40,41,40.45,7.14,1,13,58.82,10,7,43.90,18,23,38.46,20,32,44.00,11,14,27.27,3,8,66.67,4,2,PIT,40,41,53.71,57.79,89,65,61.85,107,66,53.72,231,199,57.34,426,317,47.41,110,122,47.17,50,56,45.37,49,59,PIT,40,41,51.12,60.32,38,25,55.84,43,34,55.75,97,77,51.99,157,145,40.45,36,53,52.08,25,23,40.63,13,19,PIT,40,41,47.86,48.15,39,42,59.49,47,32,55.61,114,91,48.51,179,190,45.13,51,62,26.47,18,50,45.24,19,23,2018,Regular,From
S.J,40,48,45.86,50.00,2,2,44.44,8,10,45.16,14,17,44.64,25,31,40.00,10,15,61.54,8,5,50.00,2,2,S.J,40,48,52.04,55.79,53,42,64.42,67,37,53.05,261,231,55.56,345,276,46.89,128,145,38.89,56,88,49.02,50,52,S.J,40,48,54.30,59.52,25,17,56.25,36,28,56.50,113,87,56.06,162,127,54.76,69,57,51.61,32,30,30.30,10,23,S.J,40,48,52.29,64.15,34,19,65.12,56,30,58.84,163,114,51.96,199,184,47.65,81,89,34.38,33,63,40.00,16,24,2018,Regular,From
STL,40,48,54.20,62.50,5,3,33.33,4,8,52.17,12,11,53.85,28,24,58.82,20,14,68.42,13,6,47.06,8,9,STL,40,48,52.53,52.75,48,43,59.26,64,44,54.23,173,146,53.08,362,320,51.79,188,175,41.98,68,94,48.61,70,74,STL,40,48,53.76,76.00,19,6,54.55,24,20,53.55,83,72,56.42,145,112,47.10,73,82,43.42,33,43,61.76,21,13,STL,40,48,48.42,62.50,20,12,49.02,25,26,52.78,95,85,46.41,181,209,45.16,84,102,40.00,34,51,43.33,26,34,2018,Regular,From
T.B,40,61,61.17,80.00,4,1,62.50,5,3,66.67,16,8,55.56,25,20,64.10,25,14,62.96,17,10,58.82,10,7,T.B,40,61,51.59,50.00,35,35,60.00,36,24,58.46,114,81,54.30,417,351,44.32,164,206,38.40,101,162,47.98,95,103,T.B,40,61,56.75,58.33,14,10,60.53,23,15,64.13,59,33,59.86,173,116,54.66,88,73,40.54,45,66,44.71,38,47,T.B,40,61,55.65,75.86,22,7,61.29,19,12,56.31,58,45,52.74,202,181,53.23,107,94,45.97,57,67,44.44,40,50,2018,Regular,From
TOR,40,48,53.16,90.00,9,1,44.00,11,14,37.93,11,18,56.00,28,22,58.82,20,14,53.57,15,13,52.38,11,10,TOR,40,48,47.50,62.16,46,28,62.93,163,96,52.53,135,122,42.42,280,380,42.45,135,183,43.00,89,118,42.47,62,84,TOR,40,48,50.24,51.52,17,16,60.50,72,47,57.03,73,55,50.63,161,157,38.64,51,81,46.05,35,41,41.43,29,41,TOR,40,48,54.34,47.50,19,21,67.21,82,40,62.77,86,51,55.00,198,162,46.50,73,84,46.15,48,56,35.96,32,57,2018,Regular,From
VAN,40,37,45.18,25.00,3,9,35.29,6,11,54.55,18,15,45.90,28,33,41.67,10,14,63.64,7,4,33.33,2,4,VAN,40,37,47.58,51.91,68,63,55.08,103,84,56.48,170,131,46.51,300,345,38.33,110,177,43.18,76,100,46.75,36,41,VAN,40,37,46.33,49.06,26,27,51.85,42,39,55.65,69,55,47.79,130,142,41.35,43,61,34.85,23,43,30.00,12,28,VAN,40,37,49.78,56.67,34,26,63.74,58,33,61.24,109,69,49.64,139,141,42.28,52,71,33.33,31,62,22.58,7,24,2018,Regular,From
VGK,40,58,55.84,50.00,4,4,30.00,3,7,70.00,21,9,62.30,38,23,58.70,27,19,48.15,13,14,30.77,4,9,VGK,40,58,51.98,51.85,28,26,67.09,53,26,55.45,168,135,52.29,399,364,48.48,176,187,48.26,83,89,38.89,63,99,VGK,40,58,52.25,50.00,9,9,67.44,29,14,59.15,84,58,49.68,157,159,47.65,71,78,47.89,34,37,44.59,33,41,VGK,40,58,50.16,47.83,11,12,71.19,42,17,52.76,86,77,51.32,194,184,38.24,78,126,40.00,48,72,41.84,41,57,2018,Regular,From
WPG,40,52,53.54,33.33,5,10,45.45,5,6,48.15,13,14,58.33,28,20,59.38,19,13,56.52,13,10,62.50,10,6,WPG,40,52,51.57,55.90,90,71,58.41,66,47,53.20,108,95,52.57,297,268,43.53,148,192,48.67,128,135,47.15,91,102,WPG,40,52,52.32,67.16,45,22,53.19,25,22,53.93,48,41,46.12,113,132,51.45,71,67,51.69,61,57,50.00,29,29,WPG,40,52,51.20,66.67,60,30,61.36,27,17,54.90,56,46,49.17,148,153,42.58,66,89,42.29,74,101,38.20,34,55,2018,Regular,From
WSH,40,51,53.86,60.00,6,4,50.00,8,8,53.57,15,13,54.39,31,26,64.29,18,10,50.00,10,10,38.46,5,8,WSH,40,51,46.67,61.65,82,51,57.36,74,55,55.05,158,129,42.68,277,372,46.34,152,176,36.54,57,99,29.17,28,68,WSH,40,51,46.95,52.31,34,31,48.15,26,28,53.33,64,56,47.08,145,163,39.76,66,100,46.32,44,51,40.00,16,24,WSH,40,51,53.03,74.32,55,19,55.13,43,35,60.25,97,64,50.78,163,158,47.39,100,111,41.51,44,62,43.24,16,21,2018,Regular,From
ANA,39,42,47.79,58.33,7,5,46.15,6,7,42.31,11,15,49.15,29,30,53.57,15,13,47.06,8,9,28.57,2,5,ANA,39,42,47.26,58.02,47,34,56.07,60,47,53.38,150,131,44.36,295,370,43.95,167,213,39.46,73,112,45.24,57,69,ANA,39,42,47.02,47.50,19,21,59.02,36,25,55.73,73,58,44.44,128,160,42.16,86,118,40.79,31,45,41.46,17,24,ANA,39,42,47.80,69.23,27,12,58.57,41,29,54.00,81,69,43.84,153,196,40.93,79,114,46.51,40,46,34.69,17,32,2018,Regular,From
ARI,39,23,38.13,50.00,7,7,50.00,11,11,34.88,15,28,35.48,22,40,30.43,7,16,28.57,2,5,66.67,2,1,ARI,39,23,46.54,55.37,98,79,49.57,114,116,48.96,165,172,47.82,362,395,42.96,119,158,36.11,26,46,58.33,7,5,ARI,39,23,43.98,51.22,42,40,46.39,45,52,53.42,78,68,43.58,173,224,38.85,54,85,40.63,13,19,18.18,2,9,ARI,39,23,47.82,58.14,50,36,53.39,63,55,48.99,97,101,50.80,190,184,44.44,72,90,37.84,14,23,37.50,6,10,2018,Regular,From
BOS,39,52,57.16,66.67,4,2,46.67,7,8,41.67,10,14,54.90,28,23,62.50,20,12,77.78,14,4,61.11,11,7,BOS,39,52,52.95,61.29,38,24,56.95,86,65,62.56,132,79,50.30,336,332,48.07,174,188,48.73,77,81,50.53,95,93,BOS,39,52,53.89,52.17,12,11,62.26,33,20,64.08,66,37,49.28,137,141,47.50,76,84,55.42,46,37,48.04,49,53,BOS,39,52,54.45,65.71,23,12,61.97,44,27,58.82,60,42,54.98,182,149,43.69,90,116,48.81,41,43,44.34,47,59,2018,Regular,From
BUF,39,29,40.96,55.56,10,8,33.33,7,14,41.18,14,20,40.68,24,35,47.62,10,11,16.67,1,5,20.00,1,4,BUF,39,29,47.78,56.38,84,65,55.76,92,73,50.89,200,193,47.61,368,405,45.07,128,156,42.00,21,29,23.81,5,16,BUF,39,29,44.09,57.75,41,30,38.46,25,40,48.21,81,87,45.35,122,147,44.23,46,58,26.32,5,14,18.18,2,9,BUF,39,29,45.58,55.42,46,37,50.70,36,35,59.59,115,78,45.35,151,182,33.06,40,81,28.57,10,25,35.71,5,9,2018,Regular,From
CAR,39,44,48.33,46.15,6,7,50.00,7,7,51.52,17,16,50.00,32,32,47.22,17,19,38.46,5,8,50.00,2,2,CAR,39,44,54.32,58.56,65,46,62.34,96,58,62.94,197,116,54.46,403,337,49.28,170,175,44.44,68,85,40.00,36,54,CAR,39,44,52.89,61.22,30,19,45.59,31,37,66.19,92,47,54.15,189,160,46.21,67,78,45.76,27,32,32.50,13,27,CAR,39,44,57.68,77.36,41,12,76.56,49,15,63.03,104,61,57.18,235,176,47.59,79,87,46.48,33,38,40.91,18,26,2018,Regular,From
CBJ,39,47,52.81,45.45,5,6,50.00,7,7,50.00,14,14,58.06,36,26,52.63,20,18,50.00,8,8,50.00,4,4,CBJ,39,47,52.65,51.35,38,36,63.08,123,72,59.42,164,112,52.61,413,372,47.34,196,218,42.77,68,91,47.73,42,46,CBJ,39,47,52.16,55.17,16,13,62.07,36,22,57.14,68,51,50.00,149,149,51.05,73,70,41.56,32,45,51.28,20,19,CBJ,39,47,48.95,50.00,14,14,58.89,53,37,50.33,77,76,53.39,197,172,40.31,77,114,32.14,27,57,39.13,18,28,2018,Regular,From
CGY,39,42,49.67,54.55,6,5,45.45,5,6,48.28,14,15,54.55,30,25,33.33,10,20,78.57,11,3,33.33,2,4,CGY,39,42,51.43,63.22,55,32,48.12,64,69,48.03,146,158,52.11,469,431,54.11,158,134,46.00,46,54,52.46,32,29,CGY,39,42,52.00,64.41,38,21,54.39,31,26,53.79,71,61,52.39,230,209,47.29,61,68,44.90,22,27,48.39,15,16,CGY,39,42,53.24,76.00,38,12,64.21,61,34,59.88,97,65,52.16,229,210,46.94,69,78,43.14,22,29,29.03,9,22,2018,Regular,From
CHI,39,44,53.20,55.56,10,8,30.77,4,9,52.00,13,12,48.15,26,28,60.87,14,9,64.71,11,6,66.67,12,6,CHI,39,44,51.29,60.26,94,62,66.22,98,50,52.49,158,143,49.69,402,407,45.91,101,119,46.71,78,89,47.56,78,86,CHI,39,44,51.41,76.47,52,16,56.45,35,27,60.00,60,40,51.31,157,149,37.80,31,51,35.59,21,38,38.81,26,41,CHI,39,44,58.36,75.56,68,22,64.77,57,31,56.97,94,71,59.17,242,167,55.74,68,54,46.05,35,41,47.37,45,50,2018,Regular,From
COL,39,43,49.22,50.00,9,9,46.67,7,8,42.31,11,15,52.54,31,28,42.42,14,19,72.73,8,3,50.00,8,8,COL,39,43,47.82,58.76,57,40,64.58,62,34,51.63,127,119,45.79,326,386,47.72,157,172,33.33,36,72,37.90,47,77,COL,39,43,47.89,44.90,22,27,52.27,23,21,50.89,57,55,47.31,132,147,48.74,58,61,43.14,22,29,41.82,23,32,COL,39,43,49.63,49.18,30,31,75.56,34,11,53.50,84,73,51.00,205,197,48.02,85,92,25.00,11,33,27.69,18,47,2018,Regular,From
DAL,39,45,51.67,57.14,4,3,28.57,4,10,51.85,14,13,55.17,32,26,52.78,19,17,53.85,7,6,54.55,6,5,DAL,39,45,52.41,67.96,70,33,61.90,78,48,55.42,133,107,52.87,396,353,43.96,142,181,42.00,21,29,47.76,64,70,DAL,39,45,53.52,61.54,16,10,58.82,30,21,53.57,60,52,52.90,146,130,54.33,69,58,53.13,17,15,41.03,32,46,DAL,39,45,53.89,59.52,25,17,68.35,54,25,57.58,76,56,51.67,217,203,51.79,87,81,28.21,11,28,50.00,46,46,2018,Regular,From
DET,39,39,43.46,35.71,5,9,29.41,5,12,46.88,15,17,45.28,24,29,42.42,14,19,60.00,6,4,50.00,2,2,DET,39,39,48.65,53.92,55,47,57.64,83,61,50.68,148,144,49.19,395,408,41.84,123,171,48.97,71,74,38.46,30,48,DET,39,39,52.70,62.22,28,17,50.00,32,32,53.70,58,50,55.52,166,133,49.59,60,61,46.15,24,28,38.89,14,22,DET,39,39,45.81,73.08,38,14,63.08,41,24,50.00,67,67,45.10,152,185,33.08,44,89,40.00,22,33,23.53,8,26,2018,Regular,From
EDM,39,37,50.47,45.45,5,6,50.00,7,7,50.00,19,19,47.27,26,29,55.56,15,12,57.14,8,6,52.94,9,8,EDM,39,37,52.28,57.58,95,70,53.36,127,111,57.10,213,160,51.39,370,350,53.67,117,101,50.00,49,49,49.21,62,64,EDM,39,37,54.58,55.74,34,27,54.26,51,43,57.86,92,67,56.08,166,130,44.33,43,54,60.47,26,17,57.14,36,27,EDM,39,37,50.86,67.47,56,27,62.93,73,43,53.69,109,94,55.47,218,175,41.74,48,67,20.29,14,55,35.21,25,46,2018,Regular,From
FLA,39,39,44.80,36.36,4,7,45.00,9,11,57.89,22,16,43.33,26,34,35.71,10,18,46.15,6,7,36.36,4,7,FLA,39,39,49.22,50.00,53,53,54.40,68,57,58.66,281,198,51.07,406,389,38.34,120,193,37.96,41,67,34.38,22,42,FLA,39,39,50.06,65.63,21,11,59.26,32,22,52.78,95,85,50.00,144,144,44.80,56,69,42.00,21,29,50.00,7,7,FLA,39,39,45.75,64.58,31,17,50.94,27,26,52.13,110,101,44.85,161,198,37.40,46,77,41.51,22,31,34.78,8,15,2018,Regular,From
L.A,39,51,56.54,83.33,5,1,58.33,7,5,62.50,20,12,46.97,31,35,56.67,17,13,69.23,9,4,80.00,4,1,L.A,39,51,49.04,44.00,33,42,51.85,56,52,54.42,191,160,51.83,383,356,43.71,139,179,37.41,52,87,40.30,27,40,L.A,39,51,48.87,62.50,20,12,46.34,19,22,54.22,90,76,52.23,187,171,38.84,47,74,36.67,22,38,35.29,12,22,L.A,39,51,52.41,48.48,16,17,49.06,26,27,65.14,114,61,52.71,204,183,52.76,86,77,25.00,17,51,35.14,13,24,2018,Regular,From
MIN,39,43,49.26,60.00,3,2,54.55,6,5,42.42,14,19,52.63,30,27,51.52,17,16,58.33,7,5,27.27,3,8,MIN,39,43,48.02,38.30,18,29,66.67,82,41,55.63,163,130,45.31,348,420,44.85,161,198,39.36,37,57,45.61,26,31,MIN,39,43,44.91,46.67,7,8,63.27,31,18,59.06,75,52,40.73,123,179,37.14,52,88,39.22,20,31,33.33,10,20,MIN,39,43,42.67,43.48,10,13,56.60,30,23,52.38,77,70,42.78,154,206,34.50,69,131,25.93,14,40,30.00,9,21,2018,Regular,From
MTL,39,36,43.81,31.25,5,11,14.29,2,12,42.31,11,15,43.40,23,30,55.17,16,13,46.15,6,7,80.00,8,2,MTL,39,36,51.21,58.13,93,67,57.98,109,79,49.86,180,181,52.97,392,348,48.28,98,105,45.11,83,101,47.83,33,36,MTL,39,36,48.39,57.58,38,28,60.26,47,31,45.71,48,57,49.10,137,142,46.79,51,58,44.16,34,43,25.71,9,26,MTL,39,36,50.75,54.17,39,33,66.92,87,43,59.07,114,79,52.32,203,185,32.61,45,93,49.47,47,48,25.00,12,36,2018,Regular,From
N.J,39,51,50.19,62.50,5,3,44.44,8,10,48.39,15,16,54.55,36,30,42.42,14,19,53.33,8,7,50.00,3,3,N.J,39,51,47.97,46.67,35,40,53.28,73,64,50.64,159,155,49.07,317,329,45.98,183,215,36.30,53,93,44.64,50,62,N.J,39,51,46.90,63.33,19,11,54.10,33,28,51.64,63,59,44.01,125,159,46.78,80,91,36.07,22,39,36.36,12,21,N.J,39,51,46.07,71.43,30,12,46.43,39,45,55.94,80,63,44.94,151,185,42.31,77,105,31.88,22,47,26.09,12,34,2018,Regular,From
NSH,39,51,52.24,25.00,1,3,55.56,5,4,46.15,12,14,63.41,26,15,55.88,19,15,52.38,11,10,35.29,6,11,NSH,39,51,49.57,51.28,40,38,51.67,31,29,62.39,141,85,50.31,322,318,43.30,181,237,40.00,76,114,40.11,75,112,NSH,39,51,53.80,70.27,26,11,67.57,25,12,54.26,51,43,57.04,162,122,44.00,77,98,45.68,37,44,42.67,32,43,NSH,39,51,52.32,60.71,17,11,64.29,27,15,62.02,80,49,48.62,141,149,45.05,100,122,41.18,42,60,44.21,42,53,2018,Regular,From
NYI,39,44,50.58,57.14,8,6,62.50,10,6,46.51,20,23,45.90,28,33,54.55,18,15,64.71,11,6,41.18,7,10,NYI,39,44,48.11,52.90,82,73,45.66,79,94,55.01,236,193,51.21,274,261,36.84,91,156,45.63,73,87,42.45,59,80,NYI,39,44,47.13,44.29,31,39,56.99,53,40,49.09,81,84,47.34,98,109,45.45,40,48,43.24,32,42,43.33,26,34,NYI,39,44,49.84,60.64,57,37,58.00,58,42,56.42,123,95,49.48,144,147,40.60,54,79,44.71,38,47,37.93,22,36,2018,Regular,From
NYR,39,47,54.53,66.67,4,2,70.00,14,6,54.29,19,16,46.97,31,35,57.58,19,14,57.14,8,6,50.00,2,2,NYR,39,47,47.53,57.50,23,17,55.42,92,74,49.74,192,194,47.87,382,416,39.65,136,207,50.00,69,69,46.00,23,27,NYR,39,47,46.79,56.00,14,11,59.52,50,34,52.76,67,60,42.65,119,160,37.86,53,87,51.43,36,34,47.62,10,11,NYR,39,47,45.89,52.63,10,9,59.09,52,36,56.97,94,71,43.87,161,206,37.50,66,110,41.25,33,47,14.29,4,24,2018,Regular,From
OTT,39,35,44.34,60.00,6,4,33.33,6,12,50.00,19,19,43.33,26,34,45.16,14,17,35.71,5,9,42.86,3,4,OTT,39,35,49.59,55.17,80,65,53.19,75,66,57.06,186,140,48.60,346,366,48.88,131,137,32.99,32,65,46.38,32,37,OTT,39,35,49.71,55.17,32,26,61.76,42,26,47.92,69,75,50.62,164,160,50.43,58,57,51.43,18,17,19.23,5,21,OTT,39,35,45.99,64.38,47,26,63.25,74,43,62.50,105,63,42.86,171,228,32.35,55,115,28.57,14,35,25.58,11,32,2018,Regular,From
PHI,39,40,52.00,85.71,6,1,37.50,6,10,44.44,12,15,54.39,31,26,51.72,15,14,55.56,5,4,55.56,5,4,PHI,39,40,49.31,53.13,51,45,57.32,90,67,57.40,159,118,48.77,378,397,44.37,130,163,42.25,60,82,37.68,26,43,PHI,39,40,46.83,62.50,25,15,52.31,34,31,48.51,49,52,47.85,156,170,40.00,44,66,40.35,23,34,35.14,13,24,PHI,39,40,48.81,66.13,41,21,63.64,49,28,55.80,77,61,50.37,206,203,37.97,60,98,32.73,18,37,18.18,6,27,2018,Regular,From
PIT,39,41,41.29,7.14,1,13,62.50,10,6,46.15,18,21,39.22,20,31,44.00,11,14,27.27,3,8,66.67,4,2,PIT,39,41,53.49,56.95,86,65,61.07,91,58,53.51,221,192,57.14,420,315,47.41,110,122,47.17,50,56,45.37,49,59,PIT,39,41,51.25,60.32,38,25,55.71,39,31,55.62,94,75,52.36,155,141,40.45,36,53,52.08,25,23,40.63,13,19,PIT,39,41,47.76,48.10,38,41,61.64,45,28,55.28,110,89,48.07,174,188,45.13,51,62,26.47,18,50,45.24,19,23,2018,Regular,From
S.J,39,48,46.67,50.00,2,2,47.06,8,9,46.67,14,16,45.45,25,30,40.00,10,15,61.54,8,5,50.00,2,2,S.J,39,48,52.22,55.91,52,41,67.37,64,31,52.87,249,222,55.67,339,270,46.89,128,145,38.89,56,88,49.02,50,52,S.J,39,48,54.25,58.54,24,17,55.93,33,26,56.63,111,85,55.87,157,124,54.76,69,57,51.61,32,30,30.30,10,23,S.J,39,48,52.43,65.38,34,18,65.38,51,27,60.07,161,107,51.34,192,182,47.65,81,89,34.38,33,63,40.00,16,24,2018,Regular,From
STL,39,48,54.65,62.50,5,3,33.33,4,8,52.38,11,10,54.00,27,23,60.61,20,13,68.42,13,6,47.06,8,9,STL,39,48,52.54,52.75,48,43,59.26,64,44,53.80,163,140,52.91,345,307,52.22,188,172,41.98,68,94,48.61,70,74,STL,39,48,54.30,76.00,19,6,52.38,22,20,55.70,83,66,56.56,138,106,47.68,72,79,43.42,33,43,61.76,21,13,STL,39,48,49.01,62.50,20,12,51.02,25,24,53.49,92,80,47.04,175,197,45.56,82,98,40.00,34,51,43.33,26,34,2018,Regular,From
T.B,39,60,61.35,80.00,4,1,62.50,5,3,65.22,15,8,56.82,25,19,64.10,25,14,62.96,17,10,58.82,10,7,T.B,39,60,51.50,50.00,35,35,60.00,36,24,58.46,114,81,54.20,374,316,44.32,164,206,38.40,101,162,47.98,95,103,T.B,39,60,56.74,58.33,14,10,60.53,23,15,64.13,59,33,59.85,164,110,54.66,88,73,40.54,45,66,44.71,38,47,T.B,39,60,56.46,75.86,22,7,61.29,19,12,56.31,58,45,54.60,184,153,53.23,107,94,45.97,57,67,44.44,40,50,2018,Regular,From
TOR,39,48,54.04,87.50,7,1,47.62,10,11,40.74,11,16,57.14,28,21,58.82,20,14,53.57,15,13,52.38,11,10,TOR,39,48,47.75,66.10,39,20,64.32,155,86,52.96,134,119,42.42,280,380,42.45,135,183,43.00,89,118,42.47,62,84,TOR,39,48,50.36,56.00,14,11,60.71,68,44,57.14,72,54,50.32,159,157,38.64,51,81,46.05,35,41,41.43,29,41,TOR,39,48,54.70,50.00,15,15,68.81,75,34,62.50,85,51,55.03,197,161,46.50,73,84,46.15,48,56,35.96,32,57,2018,Regular,From
VAN,39,37,46.51,30.00,3,7,37.50,6,10,56.25,18,14,46.67,28,32,41.67,10,14,63.64,7,4,33.33,2,4,VAN,39,37,47.58,51.38,56,53,54.19,97,82,56.85,166,126,46.66,300,343,38.33,110,177,43.18,76,100,46.75,36,41,VAN,39,37,45.96,48.84,21,22,48.68,37,39,55.00,66,54,47.79,130,142,41.35,43,61,34.85,23,43,30.00,12,28,VAN,39,37,49.86,57.14,28,21,63.22,55,32,61.71,108,67,49.64,139,141,42.28,52,71,33.33,31,62,22.58,7,24,2018,Regular,From
VGK,39,56,55.93,50.00,4,4,30.00,3,7,68.97,20,9,62.07,36,22,58.14,25,18,52.00,13,12,30.77,4,9,VGK,39,56,51.66,51.85,28,26,67.09,53,26,55.30,167,135,51.81,387,360,48.65,162,171,46.67,77,88,38.89,63,99,VGK,39,56,52.03,50.00,9,9,67.44,29,14,59.57,84,57,49.03,152,158,47.83,66,72,46.38,32,37,44.59,33,41,VGK,39,56,50.45,47.83,11,12,71.19,42,17,52.76,86,77,51.21,191,182,39.90,77,116,40.00,48,72,41.84,41,57,2018,Regular,From
WPG,39,50,52.70,33.33,5,10,45.45,5,6,48.15,13,14,57.45,27,20,58.06,18,13,56.52,13,10,60.00,9,6,WPG,39,50,51.67,55.90,90,71,58.41,66,47,53.20,108,95,52.85,297,265,42.94,143,190,48.76,118,124,48.48,80,85,WPG,39,50,51.76,67.16,45,22,53.19,25,22,53.93,48,41,45.90,112,132,51.11,69,66,50.45,56,55,48.00,24,26,WPG,39,50,51.15,66.67,60,30,61.36,27,17,54.90,56,46,49.00,147,153,42.18,62,85,41.76,71,99,41.10,30,43,2018,Regular,From
WSH,39,49,53.44,60.00,6,4,50.00,8,8,53.57,15,13,53.57,30,26,62.96,17,10,47.06,8,9,41.67,5,7,WSH,39,49,46.30,61.65,82,51,57.36,74,55,55.05,158,129,42.59,276,372,45.69,143,170,33.07,42,85,28.57,26,65,WSH,39,49,47.06,52.31,34,31,48.15,26,28,53.33,64,56,47.23,145,162,39.62,63,96,46.91,38,43,41.03,16,23,WSH,39,49,52.65,74.32,55,19,55.13,43,35,60.25,97,64,50.78,162,157,46.80,95,108,39.29,33,51,43.24,16,21,2018,Regular,From
ANA,38,40,47.62,58.33,7,5,46.15,6,7,42.31,11,15,48.28,28,30,55.56,15,12,47.06,8,9,28.57,2,5,ANA,38,40,46.69,58.02,47,34,56.07,60,47,53.38,150,131,44.09,287,364,41.62,144,202,39.46,73,112,45.24,57,69,ANA,38,40,46.66,47.50,19,21,59.02,36,25,55.73,73,58,44.13,124,157,41.40,77,109,40.79,31,45,41.46,17,24,ANA,38,40,48.37,69.23,27,12,58.57,41,29,54.00,81,69,44.44,152,190,42.86,75,100,46.51,40,46,34.69,17,32,2018,Regular,From
ARI,38,21,37.18,50.00,7,7,50.00,11,11,34.88,15,28,33.33,20,40,28.57,6,15,28.57,2,5,66.67,2,1,ARI,38,21,46.47,55.37,98,79,49.57,114,116,48.96,165,172,47.37,351,390,43.36,111,145,37.68,26,43,58.33,7,5,ARI,38,21,44.08,51.22,42,40,46.39,45,52,53.42,78,68,43.22,169,222,40.63,52,76,43.33,13,17,18.18,2,9,ARI,38,21,47.63,58.14,50,36,53.39,63,55,48.99,97,101,50.27,183,181,45.03,68,83,38.89,14,22,37.50,6,10,2018,Regular,From
BOS,38,50,55.63,66.67,4,2,46.67,7,8,41.67,10,14,54.90,28,23,61.29,19,12,76.47,13,4,53.33,8,7,BOS,38,50,52.88,61.29,38,24,56.95,86,65,62.56,132,79,50.30,336,332,48.47,174,185,48.73,77,81,49.66,74,75,BOS,38,50,53.93,52.17,12,11,62.26,33,20,64.08,66,37,49.28,137,141,47.50,76,84,54.88,45,37,50.57,44,43,BOS,38,50,54.09,65.71,23,12,61.97,44,27,58.82,60,42,54.98,182,149,43.35,88,115,48.81,41,43,42.86,36,48,2018,Regular,From
BUF,38,28,40.98,55.56,10,8,33.33,7,14,40.63,13,19,41.38,24,34,47.62,10,11,16.67,1,5,20.00,1,4,BUF,38,28,48.15,56.38,84,65,56.25,90,70,51.60,194,182,47.99,358,388,45.07,128,156,42.00,21,29,23.81,5,16,BUF,38,28,43.62,57.75,41,30,36.07,22,39,47.83,77,84,45.04,118,144,44.23,46,58,26.32,5,14,18.18,2,9,BUF,38,28,45.47,55.42,46,37,49.28,34,35,60.54,112,73,45.09,147,179,33.06,40,81,28.57,10,25,35.71,5,9,2018,Regular,From
CAR,38,43,48.71,46.15,6,7,50.00,7,7,51.61,16,15,50.00,30,30,50.00,17,17,38.46,5,8,50.00,2,2,CAR,38,43,54.36,58.56,65,46,62.09,95,58,63.30,188,109,54.34,394,331,49.71,169,171,44.44,68,85,40.00,36,54,CAR,38,43,52.40,61.22,30,19,45.59,31,37,65.60,82,43,53.80,184,158,46.10,65,76,45.76,27,32,32.50,13,27,CAR,38,43,57.71,77.36,41,12,76.56,49,15,64.52,100,55,56.72,228,174,47.59,79,87,46.48,33,38,40.91,18,26,2018,Regular,From
CBJ,38,47,53.41,45.45,5,6,50.00,7,7,51.85,14,13,57.63,34,25,54.29,19,16,53.33,8,7,50.00,4,4,CBJ,38,47,52.81,51.35,38,36,65.22,120,64,59.12,162,112,52.48,402,364,47.20,194,217,43.87,68,87,47.73,42,46,CBJ,38,47,52.10,55.17,16,13,64.29,36,20,57.14,68,51,50.00,144,144,50.35,71,70,41.33,31,44,51.28,20,19,CBJ,38,47,49.15,50.00,14,14,59.52,50,34,50.00,76,76,53.95,191,163,40.31,77,114,32.89,25,51,39.13,18,28,2018,Regular,From
CGY,38,40,49.91,54.55,6,5,45.45,5,6,48.28,14,15,53.70,29,25,34.48,10,19,83.33,10,2,40.00,2,3,CGY,38,40,51.30,63.22,55,32,48.12,64,69,48.03,146,158,51.54,451,424,55.69,142,113,47.42,46,51,52.46,32,29,CGY,38,40,52.16,64.41,38,21,54.39,31,26,53.79,71,61,52.11,222,204,50.00,58,58,43.75,21,27,51.72,15,14,CGY,38,40,53.20,76.00,38,12,64.21,61,34,59.88,97,65,51.73,224,209,47.41,64,71,45.83,22,26,29.03,9,22,2018,Regular,From
CHI,38,42,51.95,55.56,10,8,30.77,4,9,52.00,13,12,45.10,23,28,61.90,13,8,62.50,10,6,66.67,12,6,CHI,38,42,51.01,60.26,94,62,66.22,98,50,52.49,158,143,48.66,380,401,46.86,97,110,46.71,78,89,47.56,78,86,CHI,38,42,51.09,76.47,52,16,56.45,35,27,60.00,60,40,50.52,147,144,37.84,28,46,35.59,21,38,38.81,26,41,CHI,38,42,58.11,75.56,68,22,64.77,57,31,56.97,94,71,58.38,223,159,56.90,66,50,46.05,35,41,47.37,45,50,2018,Regular,From
COL,38,41,48.46,50.00,9,9,46.67,7,8,42.31,11,15,50.88,29,28,41.94,13,18,72.73,8,3,50.00,8,8,COL,38,41,48.11,58.76,57,40,64.58,62,34,51.63,127,119,46.12,315,368,48.06,149,161,34.65,35,66,37.90,47,77,COL,38,41,47.42,44.90,22,27,52.27,23,21,50.89,57,55,46.89,128,145,48.65,54,57,41.30,19,27,41.82,23,32,COL,38,41,49.83,49.18,30,31,75.56,34,11,53.50,84,73,51.04,197,189,49.37,78,80,26.83,11,30,27.69,18,47,2018,Regular,From
DAL,38,43,51.24,57.14,4,3,28.57,4,10,50.00,13,13,55.36,31,25,52.94,18,16,53.85,7,6,54.55,6,5,DAL,38,43,52.61,67.96,70,33,61.90,78,48,54.85,130,107,53.27,383,336,44.30,136,171,42.00,21,29,47.76,64,70,DAL,38,43,53.16,61.54,16,10,58.82,30,21,52.78,57,51,53.23,140,123,52.07,63,58,56.67,17,13,41.03,32,46,DAL,38,43,53.32,59.52,25,17,68.35,54,25,57.14,72,54,51.00,205,197,51.25,82,78,24.32,9,28,50.00,46,46,2018,Regular,From
DET,38,37,42.89,35.71,5,9,29.41,5,12,46.88,15,17,43.14,22,29,43.75,14,18,60.00,6,4,50.00,2,2,DET,38,37,48.53,53.92,55,47,57.64,83,61,50.68,148,144,48.70,375,395,42.26,112,153,48.97,71,74,38.46,30,48,DET,38,37,52.80,62.22,28,17,50.00,32,32,53.70,58,50,56.43,158,122,49.11,55,57,46.15,24,28,38.89,14,22,DET,38,37,45.94,73.08,38,14,63.08,41,24,50.00,67,67,45.09,147,179,33.86,43,84,40.00,22,33,23.53,8,26,2018,Regular,From
EDM,38,37,51.20,50.00,5,5,50.00,7,7,51.35,19,18,48.15,26,28,55.56,15,12,57.14,8,6,52.94,9,8,EDM,38,37,52.36,56.93,78,59,53.46,116,101,57.65,211,155,51.19,367,350,53.67,117,101,50.00,49,49,49.21,62,64,EDM,38,37,55.19,58.49,31,22,56.32,49,38,58.33,91,65,56.27,166,129,44.33,43,54,60.47,26,17,57.14,36,27,EDM,38,37,50.84,65.67,44,23,63.96,71,40,53.85,105,90,55.61,218,174,41.74,48,67,20.29,14,55,35.21,25,46,2018,Regular,From
FLA,38,39,45.64,37.50,3,5,47.37,9,10,59.46,22,15,44.07,26,33,35.71,10,18,46.15,6,7,36.36,4,7,FLA,38,39,49.65,51.19,43,41,57.39,66,49,59.70,280,189,50.90,398,384,38.34,120,193,37.96,41,67,34.38,22,42,FLA,38,39,49.91,69.57,16,7,57.14,28,21,53.07,95,84,50.00,144,144,44.80,56,69,42.00,21,29,50.00,7,7,FLA,38,39,45.89,63.16,24,14,51.06,24,23,52.40,109,99,45.35,161,194,37.40,46,77,41.51,22,31,34.78,8,15,2018,Regular,From
L.A,38,49,56.65,83.33,5,1,58.33,7,5,60.00,18,12,47.62,30,33,58.62,17,12,69.23,9,4,80.00,4,1,L.A,38,49,48.69,44.00,33,42,51.85,56,52,53.78,185,159,51.37,374,354,43.55,125,162,37.41,52,87,40.30,27,40,L.A,38,49,48.67,62.50,20,12,46.34,19,22,53.37,87,76,52.26,185,169,38.94,44,69,36.67,22,38,35.29,12,22,L.A,38,49,51.91,48.48,16,17,49.06,26,27,64.33,110,61,52.60,202,182,52.48,74,67,25.00,17,51,35.14,13,24,2018,Regular,From
MIN,38,43,49.70,60.00,3,2,60.00,6,4,42.42,14,19,53.57,30,26,51.52,17,16,58.33,7,5,27.27,3,8,MIN,38,43,47.93,39.13,18,28,66.38,77,39,55.71,161,128,45.05,332,405,44.85,161,198,39.36,37,57,45.61,26,31,MIN,38,43,45.16,46.67,7,8,64.44,29,16,59.52,75,51,41.18,119,170,37.14,52,88,39.22,20,31,33.33,10,20,MIN,38,43,43.04,45.45,10,12,58.33,28,20,52.78,76,68,43.31,149,195,34.50,69,131,25.93,14,40,30.00,9,21,2018,Regular,From
MTL,38,36,44.20,31.25,5,11,14.29,2,12,44.00,11,14,44.23,23,29,55.17,16,13,46.15,6,7,80.00,8,2,MTL,38,36,51.14,58.13,93,67,56.32,98,76,49.71,170,172,53.17,377,332,48.28,98,105,45.11,83,101,47.83,33,36,MTL,38,36,48.52,57.58,38,28,60.81,45,29,45.00,45,55,49.82,135,136,46.79,51,58,44.16,34,43,25.71,9,26,MTL,38,36,50.57,54.17,39,33,67.20,84,41,58.33,105,75,52.38,198,180,32.61,45,93,49.47,47,48,25.00,12,36,2018,Regular,From
N.J,38,50,50.33,62.50,5,3,44.44,8,10,46.67,14,16,56.25,36,28,42.42,14,19,53.33,8,7,50.00,3,3,N.J,38,50,47.94,46.67,35,40,53.28,73,64,50.66,153,149,49.03,304,316,45.98,183,215,36.30,53,93,44.64,50,62,N.J,38,50,47.04,63.33,19,11,54.10,33,28,50.89,57,55,44.78,120,148,46.78,80,91,36.07,22,39,36.36,12,21,N.J,38,50,45.82,71.43,30,12,46.43,39,45,55.64,74,59,44.58,144,179,42.31,77,105,31.88,22,47,26.09,12,34,2018,Regular,From
NSH,38,51,52.68,25.00,1,3,62.50,5,3,48.00,12,13,63.41,26,15,55.88,19,15,52.38,11,10,35.29,6,11,NSH,38,51,49.67,49.33,37,38,47.92,23,25,63.51,141,81,50.74,308,299,43.30,181,237,40.00,76,114,40.11,75,112,NSH,38,51,53.54,70.27,26,11,61.29,19,12,55.43,51,41,57.25,154,115,44.00,77,98,45.68,37,44,42.67,32,43,NSH,38,51,52.39,62.96,17,10,61.29,19,12,62.50,80,48,48.73,134,141,45.05,100,122,41.18,42,60,44.21,42,53,2018,Regular,From
NYI,38,44,51.22,58.33,7,5,66.67,10,5,47.62,20,22,46.67,28,32,54.55,18,15,64.71,11,6,41.18,7,10,NYI,38,44,48.60,54.69,70,58,46.15,78,91,56.72,232,177,51.04,270,259,36.84,91,156,45.63,73,87,42.45,59,80,NYI,38,44,47.27,45.45,30,36,57.78,52,38,49.37,78,80,47.06,96,108,45.45,40,48,43.24,32,42,43.33,26,34,NYI,38,44,49.67,57.32,47,35,60.00,57,38,55.98,117,92,49.65,140,142,40.60,54,79,44.71,38,47,37.93,22,36,2018,Regular,From
NYR,38,45,54.20,66.67,4,2,70.00,14,6,54.29,19,16,46.15,30,35,58.06,18,13,57.14,8,6,50.00,2,2,NYR,38,45,47.05,57.50,23,17,55.42,92,74,49.74,192,194,47.34,365,406,38.34,125,201,49.62,66,67,46.00,23,27,NYR,38,45,46.81,56.00,14,11,59.52,50,34,52.76,67,60,42.65,116,156,37.59,50,83,53.03,35,31,47.62,10,11,NYR,38,45,45.73,52.63,10,9,59.09,52,36,56.97,94,71,43.89,158,202,36.31,61,107,42.31,33,45,14.29,4,24,2018,Regular,From
OTT,38,33,43.05,55.56,5,4,31.25,5,11,47.22,17,19,43.10,25,33,45.16,14,17,35.71,5,9,42.86,3,4,OTT,38,33,49.48,55.47,76,61,48.36,59,63,57.46,181,134,48.84,338,354,48.88,131,137,32.99,32,65,46.38,32,37,OTT,38,33,49.21,55.36,31,25,60.94,39,25,47.89,68,74,49.84,159,160,50.43,58,57,51.43,18,17,19.23,5,21,OTT,38,33,46.42,65.22,45,24,62.26,66,40,63.92,101,57,43.95,167,213,32.35,55,115,28.57,14,35,25.58,11,32,2018,Regular,From
PHI,38,40,52.52,85.71,6,1,40.00,6,9,44.00,11,14,55.36,31,25,51.72,15,14,55.56,5,4,55.56,5,4,PHI,38,40,49.19,53.66,44,38,57.42,89,66,57.61,159,117,48.28,364,390,44.37,130,163,42.25,60,82,37.68,26,43,PHI,38,40,46.92,62.50,20,12,52.38,33,30,49.49,49,50,48.13,154,166,40.00,44,66,40.35,23,34,35.14,13,24,PHI,38,40,48.63,68.00,34,16,63.64,49,28,55.88,76,60,50.00,196,196,37.97,60,98,32.73,18,37,18.18,6,27,2018,Regular,From
PIT,38,41,41.34,7.14,1,13,62.50,10,6,46.15,18,21,38.78,19,30,45.83,11,13,27.27,3,8,66.67,4,2,PIT,38,41,53.67,56.95,86,65,61.07,91,58,53.05,209,185,57.32,415,309,48.83,104,109,47.17,50,56,45.37,49,59,PIT,38,41,51.62,60.32,38,25,55.71,39,31,55.97,89,70,52.41,152,138,43.37,36,47,52.08,25,23,40.63,13,19,PIT,38,41,47.86,48.10,38,41,61.64,45,28,55.44,107,86,48.74,174,183,44.44,44,55,26.47,18,50,45.24,19,23,2018,Regular,From
S.J,38,47,47.52,50.00,2,2,47.06,8,9,46.67,14,16,45.28,24,29,43.48,10,13,63.64,7,4,66.67,2,1,S.J,38,47,52.36,55.91,52,41,67.37,64,31,52.87,249,222,55.52,327,262,46.56,122,140,42.40,53,72,48.94,46,48,S.J,38,47,54.59,58.54,24,17,55.93,33,26,56.63,111,85,56.88,157,119,54.84,68,56,53.45,31,27,29.03,9,22,S.J,38,47,51.82,65.38,34,18,65.38,51,27,60.07,161,107,49.86,177,178,46.88,75,85,35.29,30,55,38.89,14,22,2018,Regular,From
STL,38,48,54.81,62.50,5,3,27.27,3,8,55.00,11,9,55.10,27,22,60.61,20,13,68.42,13,6,47.06,8,9,STL,38,48,52.47,52.75,48,43,58.33,56,40,54.58,155,129,52.43,335,304,52.22,188,172,41.98,68,94,48.61,70,74,STL,38,48,54.89,76.00,19,6,54.29,19,16,57.86,81,59,56.72,135,103,47.68,72,79,43.42,33,43,61.76,21,13,STL,38,48,49.24,62.50,20,12,51.11,23,22,54.90,84,69,46.87,172,195,45.56,82,98,40.00,34,51,43.33,26,34,2018,Regular,From
T.B,38,58,60.65,80.00,4,1,62.50,5,3,65.22,15,8,55.81,24,19,63.16,24,14,62.96,17,10,58.82,10,7,T.B,38,58,51.28,50.00,35,35,60.00,36,24,58.46,114,81,54.02,356,303,44.17,163,206,37.45,91,152,47.98,95,103,T.B,38,58,56.47,58.33,14,10,60.53,23,15,64.13,59,33,59.77,159,107,54.38,87,73,39.00,39,61,44.71,38,47,T.B,38,58,56.67,75.86,22,7,61.29,19,12,56.31,58,45,54.49,176,147,53.27,106,93,48.25,55,59,44.44,40,50,2018,Regular,From
TOR,38,47,53.94,87.50,7,1,47.62,10,11,33.33,8,16,60.87,28,18,58.82,20,14,53.57,15,13,52.38,11,10,TOR,38,47,47.58,66.10,39,20,64.32,155,86,51.71,121,113,42.23,269,368,42.45,135,183,43.00,89,118,42.47,62,84,TOR,38,47,50.75,56.00,14,11,60.71,68,44,58.97,69,48,50.98,156,150,38.64,51,81,46.05,35,41,41.43,29,41,TOR,38,47,54.59,50.00,15,15,68.81,75,34,63.20,79,46,54.65,188,156,46.50,73,84,46.15,48,56,35.96,32,57,2018,Regular,From
VAN,38,37,46.26,30.00,3,7,37.50,6,10,54.84,17,14,45.61,26,31,45.45,10,12,63.64,7,4,33.33,2,4,VAN,38,37,47.84,51.38,56,53,54.19,97,82,57.09,149,112,47.15,298,334,38.93,109,171,43.18,76,100,46.75,36,41,VAN,38,37,45.88,48.84,21,22,48.68,37,39,54.46,61,51,47.76,128,140,42.57,43,58,34.85,23,43,30.00,12,28,VAN,38,37,50.38,57.14,28,21,63.22,55,32,64.05,98,55,49.82,138,139,43.70,52,67,33.33,31,62,22.58,7,24,2018,Regular,From
VGK,38,56,56.10,50.00,4,4,30.00,3,7,67.86,19,9,64.29,36,20,58.14,25,18,52.00,13,12,30.77,4,9,VGK,38,56,51.83,51.85,28,26,67.09,53,26,56.18,150,117,51.87,374,347,48.65,162,171,46.67,77,88,38.89,63,99,VGK,38,56,52.27,50.00,9,9,67.44,29,14,60.94,78,50,49.34,149,153,47.83,66,72,46.38,32,37,44.59,33,41,VGK,38,56,50.00,47.83,11,12,71.19,42,17,51.75,74,69,50.28,179,177,39.90,77,116,40.00,48,72,41.84,41,57,2018,Regular,From
WPG,38,48,52.33,33.33,5,10,45.45,5,6,48.15,13,14,56.52,26,20,55.17,16,13,59.09,13,9,64.29,9,5,WPG,38,48,51.66,55.90,90,71,58.41,66,47,53.20,108,95,53.06,295,261,43.93,134,171,46.76,101,115,48.77,79,83,WPG,38,48,51.36,67.16,45,22,53.19,25,22,53.93,48,41,45.64,110,131,50.00,64,64,51.02,50,48,48.00,24,26,WPG,38,48,50.90,66.67,60,30,61.36,27,17,54.90,56,46,48.66,145,153,43.07,59,78,40.27,60,89,42.25,30,41,2018,Regular,From
WSH,38,47,53.65,60.00,6,4,46.67,7,8,53.85,14,12,55.56,30,24,62.96,17,10,47.06,8,9,41.67,5,7,WSH,38,47,46.24,61.65,82,51,58.18,64,46,54.77,155,128,42.47,268,363,45.69,143,170,33.07,42,85,28.57,26,65,WSH,38,47,47.00,52.31,34,31,52.17,24,22,53.39,63,55,46.60,137,157,39.62,63,96,46.91,38,43,41.03,16,23,WSH,38,47,52.94,74.32,55,19,59.38,38,26,60.63,97,63,50.32,157,155,46.80,95,108,39.29,33,51,43.24,16,21,2018,Regular,From
ANA,37,40,48.71,58.33,7,5,50.00,6,6,44.00,11,14,48.21,27,29,57.69,15,11,47.06,8,9,28.57,2,5,ANA,37,40,46.52,57.50,46,34,56.12,55,43,53.07,147,130,44.31,284,357,40.61,134,196,39.46,73,112,45.24,57,69,ANA,37,40,46.06,47.50,19,21,56.60,30,23,54.69,70,58,43.91,119,152,40.78,73,106,40.79,31,45,41.46,17,24,ANA,37,40,48.09,69.23,27,12,58.62,34,24,54.00,81,69,44.31,148,186,41.07,69,99,46.51,40,46,34.69,17,32,2018,Regular,From
ARI,37,21,38.10,58.33,7,5,50.00,11,11,34.88,15,28,33.90,20,39,28.57,6,15,28.57,2,5,66.67,2,1,ARI,37,21,46.35,54.09,86,73,49.57,114,116,48.96,165,172,47.55,339,374,43.36,111,145,37.68,26,43,58.33,7,5,ARI,37,21,44.57,55.22,37,30,46.39,45,52,53.42,78,68,43.50,164,213,40.63,52,76,43.33,13,17,18.18,2,9,ARI,37,21,47.37,59.49,47,32,53.39,63,55,48.99,97,101,49.28,171,176,45.03,68,83,38.89,14,22,37.50,6,10,2018,Regular,From
BOS,37,48,54.82,66.67,4,2,46.67,7,8,41.67,10,14,53.06,26,23,62.07,18,11,75.00,12,4,50.00,7,7,BOS,37,48,52.59,61.29,38,24,56.95,86,65,62.56,132,79,50.31,327,323,47.60,159,175,47.40,73,81,49.32,73,75,BOS,37,48,54.25,52.17,12,11,62.26,33,20,64.08,66,37,49.45,134,137,47.68,72,79,55.56,45,36,51.76,44,41,BOS,37,48,54.10,65.71,23,12,61.97,44,27,58.82,60,42,54.43,172,144,42.71,82,110,51.25,41,39,43.90,36,46,2018,Regular,From
BUF,37,26,40.54,55.56,10,8,30.00,6,14,40.00,12,18,41.07,23,33,47.62,10,11,16.67,1,5,20.00,1,4,BUF,37,26,48.56,56.38,84,65,57.32,90,67,52.72,184,165,48.19,347,373,45.07,128,156,42.00,21,29,23.81,5,16,BUF,37,26,43.33,57.75,41,30,36.67,22,38,47.37,72,80,44.31,113,142,44.23,46,58,26.32,5,14,18.18,2,9,BUF,37,26,45.61,55.42,46,37,50.00,34,34,60.56,109,71,45.25,143,173,33.06,40,81,28.57,10,25,35.71,5,9,2018,Regular,From
CAR,37,43,49.15,46.15,6,7,46.15,6,7,51.72,15,14,51.72,30,28,50.00,17,17,38.46,5,8,50.00,2,2,CAR,37,43,54.63,58.56,65,46,61.49,91,57,65.19,176,94,54.61,391,325,49.71,169,171,44.44,68,85,40.00,36,54,CAR,37,43,52.49,61.22,30,19,46.15,30,35,65.83,79,41,53.87,181,155,46.10,65,76,45.76,27,32,32.50,13,27,CAR,37,43,57.94,77.36,41,12,79.03,49,13,64.03,89,50,56.93,226,171,47.59,79,87,46.48,33,38,40.91,18,26,2018,Regular,From
CBJ,37,46,53.20,45.45,5,6,50.00,7,7,51.85,14,13,56.90,33,25,51.61,16,15,57.14,8,6,50.00,4,4,CBJ,37,46,52.96,51.35,38,36,65.22,120,64,59.12,162,112,52.53,395,357,47.41,183,203,44.76,64,79,47.73,42,46,CBJ,37,46,51.77,55.17,16,13,64.29,36,20,57.14,68,51,49.30,140,144,50.00,66,66,41.18,28,40,51.28,20,19,CBJ,37,46,49.01,50.00,14,14,59.52,50,34,50.00,76,76,53.31,185,162,41.24,73,104,30.88,21,47,39.13,18,28,2018,Regular,From
CGY,37,40,50.11,54.55,6,5,45.45,5,6,46.43,13,15,54.72,29,24,34.48,10,19,83.33,10,2,40.00,2,3,CGY,37,40,51.82,63.22,55,32,48.12,64,69,50.00,135,135,51.68,445,416,55.69,142,113,47.42,46,51,52.46,32,29,CGY,37,40,52.41,64.41,38,21,54.39,31,26,54.39,62,52,52.27,219,200,50.00,58,58,43.75,21,27,51.72,15,14,CGY,37,40,52.66,76.00,38,12,64.21,61,34,57.64,83,61,51.17,218,208,47.41,64,71,45.83,22,26,29.03,9,22,2018,Regular,From
CHI,37,41,51.88,52.94,9,8,27.27,3,8,50.00,12,12,46.00,23,27,61.90,13,8,62.50,10,6,66.67,12,6,CHI,37,41,51.23,60.26,94,62,65.52,95,50,51.89,137,127,49.34,373,383,46.86,97,110,46.71,78,89,47.56,78,86,CHI,37,41,50.91,75.76,50,16,57.38,35,26,57.47,50,37,51.08,142,136,37.84,28,46,35.59,21,38,38.81,26,41,CHI,37,41,58.41,75.56,68,22,63.53,54,31,56.86,87,66,59.04,222,154,56.90,66,50,46.05,35,41,47.37,45,50,2018,Regular,From
COL,37,39,47.77,50.00,9,9,46.67,7,8,42.31,11,15,50.00,28,28,40.00,12,18,70.00,7,3,50.00,7,7,COL,37,39,47.40,58.76,57,40,64.58,62,34,51.63,127,119,46.23,313,364,45.86,133,157,32.99,32,65,32.99,32,65,COL,37,39,47.00,44.90,22,27,52.27,23,21,50.89,57,55,47.04,127,143,48.08,50,54,39.53,17,26,39.22,20,31,COL,37,39,49.93,49.18,30,31,75.56,34,11,53.50,84,73,50.93,192,185,50.34,75,74,19.44,7,29,30.19,16,37,2018,Regular,From
DAL,37,43,52.14,57.14,4,3,28.57,4,10,52.00,13,12,55.56,30,24,54.55,18,15,53.85,7,6,54.55,6,5,DAL,37,43,52.68,67.96,70,33,61.90,78,48,55.50,121,97,52.91,373,332,44.82,134,165,42.00,21,29,47.76,64,70,DAL,37,43,52.53,61.54,16,10,58.82,30,21,51.49,52,49,51.95,133,123,52.07,63,58,56.67,17,13,41.03,32,46,DAL,37,43,53.38,59.52,25,17,68.35,54,25,57.39,66,49,50.76,201,195,51.59,81,76,24.32,9,28,50.00,46,46,2018,Regular,From
DET,37,35,41.68,35.71,5,9,29.41,5,12,46.88,15,17,42.00,21,29,40.00,12,18,55.56,5,4,50.00,2,2,DET,37,35,48.83,53.92,55,47,57.64,83,61,50.68,148,144,48.95,373,389,42.34,105,143,52.07,63,58,40.00,30,45,DET,37,35,52.79,62.22,28,17,50.00,32,32,53.70,58,50,56.20,154,120,49.53,53,54,46.67,21,24,38.89,14,22,DET,37,35,45.89,73.08,38,14,63.08,41,24,50.00,67,67,45.45,145,174,33.88,41,80,36.73,18,31,21.88,7,25,2018,Regular,From
EDM,37,36,51.43,50.00,5,5,46.15,6,7,50.00,18,18,49.06,26,27,57.69,15,11,57.14,8,6,52.94,9,8,EDM,37,36,52.21,56.93,78,59,53.14,110,97,57.59,201,148,50.73,346,336,53.95,116,99,50.00,49,49,49.21,62,64,EDM,37,36,55.54,58.49,31,22,56.41,44,34,58.22,85,61,56.69,161,123,45.26,43,52,60.47,26,17,57.14,36,27,EDM,37,36,51.30,65.67,44,23,64.76,68,37,53.26,98,86,56.80,213,162,41.96,47,65,20.29,14,55,35.21,25,46,2018,Regular,From
FLA,37,37,45.24,37.50,3,5,47.37,9,10,59.46,22,15,43.10,25,33,33.33,9,18,46.15,6,7,36.36,4,7,FLA,37,37,49.72,51.19,43,41,57.39,66,49,59.70,280,189,50.87,382,369,37.76,111,183,40.43,38,56,34.38,22,42,FLA,37,37,49.65,69.57,16,7,57.14,28,21,53.07,95,84,49.29,138,142,45.00,54,66,41.30,19,27,50.00,7,7,FLA,37,37,46.00,63.16,24,14,51.06,24,23,52.40,109,99,45.22,156,189,38.18,42,68,41.67,20,28,34.78,8,15,2018,Regular,From
L.A,37,48,57.41,83.33,5,1,58.33,7,5,58.62,17,12,48.33,29,31,60.71,17,11,69.23,9,4,80.00,4,1,L.A,37,48,48.87,44.00,33,42,51.85,56,52,53.96,184,157,51.20,363,346,45.17,117,142,37.41,52,87,40.30,27,40,L.A,37,48,48.76,62.50,20,12,46.34,19,22,53.09,86,76,51.88,179,166,40.82,40,58,36.67,22,38,35.29,12,22,L.A,37,48,51.43,48.48,16,17,49.06,26,27,63.25,105,61,52.01,194,179,52.63,70,63,25.00,17,51,35.14,13,24,2018,Regular,From
MIN,37,41,49.28,60.00,3,2,60.00,6,4,42.42,14,19,52.73,29,26,50.00,15,15,58.33,7,5,27.27,3,8,MIN,37,41,47.79,39.13,18,28,66.38,77,39,55.71,161,128,44.52,325,405,46.39,148,171,35.71,30,54,45.61,26,31,MIN,37,41,45.75,46.67,7,8,64.44,29,16,59.52,75,51,41.32,119,169,38.40,48,77,42.22,19,26,33.33,10,20,MIN,37,41,43.26,45.45,10,12,58.33,28,20,52.78,76,68,43.11,147,194,36.26,66,116,23.08,12,40,30.00,9,21,2018,Regular,From
MTL,37,36,44.98,31.25,5,11,14.29,2,12,44.00,11,14,45.10,23,28,57.14,16,12,46.15,6,7,80.00,8,2,MTL,37,36,51.16,58.13,93,67,55.21,90,73,49.85,169,170,53.28,365,320,48.98,96,100,45.11,83,101,47.83,33,36,MTL,37,36,48.29,57.58,38,28,62.32,43,26,43.88,43,55,49.24,129,133,47.12,49,55,44.16,34,43,25.71,9,26,MTL,37,36,50.57,54.17,39,33,67.52,79,38,58.43,104,74,51.90,191,177,33.08,44,89,49.47,47,48,25.00,12,36,2018,Regular,From
N.J,37,50,51.09,57.14,4,3,46.67,7,8,48.28,14,15,57.14,36,27,42.42,14,19,53.33,8,7,50.00,3,3,N.J,37,50,48.19,45.71,32,38,54.63,59,49,51.22,147,140,49.11,304,315,45.98,183,215,36.30,53,93,44.64,50,62,N.J,37,50,46.76,62.07,18,11,53.19,25,22,50.48,53,52,44.57,119,148,46.78,80,91,36.07,22,39,36.36,12,21,N.J,37,50,46.19,71.43,30,12,45.16,28,34,56.80,71,54,44.55,143,178,42.31,77,105,31.88,22,47,26.09,12,34,2018,Regular,From
NSH,37,49,52.31,25.00,1,3,62.50,5,3,48.00,12,13,62.50,25,15,55.88,19,15,50.00,10,10,35.29,6,11,NSH,37,49,49.73,49.33,37,38,47.92,23,25,63.51,141,81,50.87,293,283,43.24,179,235,40.44,74,109,39.78,74,112,NSH,37,49,53.17,70.27,26,11,61.29,19,12,55.43,51,41,56.64,145,111,43.68,76,98,45.45,35,42,42.67,32,43,NSH,37,49,51.87,62.96,17,10,61.29,19,12,62.50,80,48,47.49,123,136,44.75,98,121,40.21,39,58,43.62,41,53,2018,Regular,From
NYI,37,44,51.71,54.55,6,5,64.29,9,5,50.00,20,20,47.46,28,31,54.55,18,15,64.71,11,6,41.18,7,10,NYI,37,44,48.60,54.40,68,57,48.25,69,74,55.91,213,168,50.86,266,257,36.84,91,156,45.63,73,87,42.45,59,80,NYI,37,44,47.54,45.45,30,36,58.44,45,32,50.33,76,75,47.26,95,106,45.45,40,48,43.24,32,42,43.33,26,34,NYI,37,44,49.92,56.25,45,35,63.51,47,27,55.28,110,89,50.00,140,140,40.60,54,79,44.71,38,47,37.93,22,36,2018,Regular,From
NYR,37,44,54.53,66.67,4,2,70.00,14,6,54.29,19,16,44.44,28,35,62.07,18,11,57.14,8,6,50.00,2,2,NYR,37,44,46.92,57.50,23,17,55.42,92,74,49.74,192,194,47.67,348,382,36.83,116,199,49.62,66,67,46.00,23,27,NYR,37,44,46.46,56.00,14,11,59.52,50,34,52.76,67,60,42.21,111,152,36.15,47,83,53.03,35,31,47.62,10,11,NYR,37,44,45.62,52.63,10,9,59.09,52,36,56.97,94,71,44.00,154,196,34.97,57,106,42.31,33,45,14.29,4,24,2018,Regular,From
OTT,37,32,43.43,55.56,5,4,31.25,5,11,45.71,16,19,44.64,25,31,45.16,14,17,35.71,5,9,42.86,3,4,OTT,37,32,49.54,55.47,76,61,48.36,59,63,56.99,163,123,49.32,325,334,48.88,131,137,32.99,32,65,46.38,32,37,OTT,37,32,49.12,55.36,31,25,60.94,39,25,48.12,64,69,49.33,148,152,50.43,58,57,51.43,18,17,19.23,5,21,OTT,37,32,46.18,65.22,45,24,62.26,66,40,63.16,96,56,43.63,161,208,32.35,55,115,28.57,14,35,25.58,11,32,2018,Regular,From
PHI,37,38,52.14,85.71,6,1,40.00,6,9,44.00,11,14,54.55,30,25,50.00,13,13,55.56,5,4,55.56,5,4,PHI,37,38,49.15,53.66,44,38,57.42,89,66,58.11,154,111,48.32,359,384,44.16,121,153,41.30,57,81,37.68,26,43,PHI,37,38,47.10,62.50,20,12,52.38,33,30,50.00,48,48,48.26,153,164,41.18,42,60,38.18,21,34,35.14,13,24,PHI,37,38,49.11,68.00,34,16,63.64,49,28,56.59,73,56,50.39,194,191,39.22,60,93,31.37,16,35,18.18,6,27,2018,Regular,From
PIT,37,39,41.80,7.14,1,13,60.00,9,6,48.57,17,18,39.58,19,29,45.83,11,13,27.27,3,8,66.67,4,2,PIT,37,39,53.68,56.95,86,65,60.58,83,54,52.85,195,174,57.46,408,302,48.83,104,109,47.17,50,56,45.37,49,59,PIT,37,39,52.08,60.32,38,25,55.56,35,28,56.67,85,65,53.15,152,134,43.37,36,47,52.08,25,23,40.63,13,19,PIT,37,39,48.02,48.10,38,41,63.08,41,24,54.19,97,82,49.43,173,177,44.44,44,55,26.47,18,50,45.24,19,23,2018,Regular,From
S.J,37,46,47.31,50.00,2,2,47.06,8,9,42.86,12,16,46.15,24,28,43.48,10,13,63.64,7,4,66.67,2,1,S.J,37,46,52.12,55.91,52,41,67.37,64,31,53.00,247,219,54.91,302,248,46.56,122,140,42.40,53,72,48.94,46,48,S.J,37,46,54.94,58.54,24,17,55.93,33,26,56.92,111,84,57.81,148,108,54.84,68,56,53.45,31,27,29.03,9,22,S.J,37,46,52.09,65.38,34,18,65.38,51,27,60.53,161,105,50.00,168,168,46.88,75,85,35.29,30,55,38.89,14,22,2018,Regular,From
STL,37,46,54.54,62.50,5,3,27.27,3,8,55.00,11,9,53.19,25,22,61.29,19,12,68.42,13,6,47.06,8,9,STL,37,46,52.48,52.75,48,43,58.33,56,40,54.58,155,129,53.01,326,289,51.51,171,161,41.98,68,94,48.61,70,74,STL,37,46,55.09,76.00,19,6,54.29,19,16,57.86,81,59,56.52,130,100,48.91,67,70,43.42,33,43,61.76,21,13,STL,37,46,49.55,62.50,20,12,51.11,23,22,54.90,84,69,46.89,166,188,46.95,77,87,40.00,34,51,43.33,26,34,2018,Regular,From
T.B,37,56,59.93,80.00,4,1,62.50,5,3,65.22,15,8,54.76,23,19,62.16,23,14,61.54,16,10,56.25,9,7,T.B,37,56,50.98,50.00,35,35,60.00,36,24,58.46,114,81,54.42,351,294,44.02,162,206,36.67,88,152,45.14,79,96,T.B,37,56,56.64,58.33,14,10,60.53,23,15,64.13,59,33,59.77,156,105,54.38,87,73,38.38,38,61,47.30,35,39,T.B,37,56,56.47,75.86,22,7,61.29,19,12,56.31,58,45,54.43,172,144,53.03,105,93,47.79,54,59,43.21,35,46,2018,Regular,From
TOR,37,45,53.90,87.50,7,1,47.62,10,11,33.33,8,16,60.87,28,18,57.58,19,14,50.00,12,12,55.56,10,8,TOR,37,45,47.46,66.10,39,20,64.32,155,86,51.71,121,113,41.63,261,366,42.86,132,176,42.35,83,113,43.65,55,71,TOR,37,45,51.10,56.00,14,11,60.71,68,44,58.97,69,48,51.51,154,145,39.52,49,75,45.95,34,40,41.07,23,33,TOR,37,45,55.05,50.00,15,15,68.81,75,34,63.20,79,46,55.00,187,153,48.00,72,78,45.00,45,55,37.50,30,50,2018,Regular,From
VAN,37,35,44.99,30.00,3,7,37.50,6,10,54.84,17,14,43.64,24,31,42.86,9,12,60.00,6,4,25.00,1,3,VAN,37,35,47.88,51.38,56,53,54.19,97,82,57.09,149,112,47.15,289,324,39.48,107,164,43.03,71,94,45.95,34,40,VAN,37,35,46.07,48.84,21,22,48.68,37,39,54.46,61,51,48.08,125,135,43.00,43,57,34.92,22,41,30.00,12,28,VAN,37,35,50.67,57.14,28,21,63.22,55,32,64.05,98,55,50.37,137,135,43.59,51,66,33.33,28,56,22.58,7,24,2018,Regular,From
VGK,37,54,55.87,50.00,4,4,30.00,3,7,67.86,19,9,64.29,36,20,57.14,24,18,50.00,12,12,30.77,4,9,VGK,37,54,51.76,51.85,28,26,67.09,53,26,56.18,150,117,51.60,355,333,48.02,158,171,47.71,73,80,39.62,63,96,VGK,37,54,52.62,50.00,9,9,67.44,29,14,60.94,78,50,49.48,142,145,47.06,64,72,50.79,32,31,44.59,33,41,VGK,37,54,50.01,47.83,11,12,71.19,42,17,51.75,74,69,50.15,171,170,39.58,76,116,41.28,45,64,41.24,40,57,2018,Regular,From
WPG,37,46,52.06,33.33,5,10,45.45,5,6,46.15,12,14,54.55,24,20,55.56,15,12,61.90,13,8,64.29,9,5,WPG,37,46,51.38,55.90,90,71,58.41,66,47,53.20,108,95,53.31,290,254,41.70,113,158,46.26,99,115,48.77,79,83,WPG,37,46,51.09,67.16,45,22,53.19,25,22,53.93,48,41,44.74,102,126,50.00,57,57,51.02,50,48,48.00,24,26,WPG,37,46,50.77,66.67,60,30,61.36,27,17,54.90,56,46,48.12,141,152,42.50,51,69,40.27,60,89,42.25,30,41,2018,Regular,From
WSH,37,46,53.87,60.00,6,4,46.67,7,8,53.85,14,12,55.56,30,24,62.96,17,10,47.06,8,9,41.67,5,7,WSH,37,46,46.35,61.65,82,51,58.18,64,46,54.77,155,128,42.38,242,329,45.69,143,170,33.07,42,85,28.57,26,65,WSH,37,46,47.25,52.31,34,31,52.17,24,22,53.39,63,55,47.31,132,147,39.62,63,96,46.91,38,43,41.03,16,23,WSH,37,46,52.69,74.32,55,19,59.38,38,26,60.63,97,63,49.12,140,145,46.80,95,108,39.29,33,51,43.24,16,21,2018,Regular,From
ANA,36,38,47.96,58.33,7,5,50.00,6,6,44.00,11,14,47.27,26,29,56.00,14,11,47.06,8,9,28.57,2,5,ANA,36,38,46.41,57.50,46,34,56.12,55,43,53.07,147,130,44.22,283,357,40.37,132,195,38.82,66,104,47.12,49,55,ANA,36,38,46.07,47.50,19,21,56.60,30,23,54.69,70,58,43.91,119,152,41.24,73,104,41.67,30,42,35.71,10,18,ANA,36,38,47.80,69.23,27,12,58.62,34,24,54.00,81,69,44.31,148,186,39.63,65,99,48.19,40,43,32.35,11,23,2018,Regular,From
ARI,36,19,37.75,58.33,7,5,50.00,11,11,33.33,14,28,33.93,19,37,28.57,6,15,28.57,2,5,66.67,2,1,ARI,36,19,46.09,54.09,86,73,49.57,114,116,48.60,156,165,47.12,327,367,43.36,111,145,37.68,26,43,58.33,7,5,ARI,36,19,44.95,55.22,37,30,46.39,45,52,54.41,74,62,43.82,156,200,40.63,52,76,43.33,13,17,18.18,2,9,ARI,36,19,47.69,59.49,47,32,53.39,63,55,51.37,94,89,48.80,162,170,45.03,68,83,38.89,14,22,37.50,6,10,2018,Regular,From
BOS,36,46,54.15,66.67,4,2,46.67,7,8,41.67,10,14,53.06,26,23,60.71,17,11,73.33,11,4,50.00,7,7,BOS,36,46,52.59,61.29,38,24,56.95,86,65,62.56,132,79,50.55,324,317,47.37,153,170,47.37,72,80,49.23,64,66,BOS,36,46,54.18,52.17,12,11,62.26,33,20,64.08,66,37,49.45,134,137,47.26,69,77,55.56,45,36,51.32,39,37,BOS,36,46,54.39,65.71,23,12,61.97,44,27,58.82,60,42,54.98,171,140,42.93,79,105,52.56,41,37,43.48,30,39,2018,Regular,From
BUF,36,25,40.50,55.56,10,8,30.00,6,14,37.93,11,18,41.51,22,31,50.00,10,10,16.67,1,5,20.00,1,4,BUF,36,25,48.41,56.38,84,65,57.32,90,67,52.62,181,163,48.09,328,354,44.64,125,155,42.00,21,29,23.81,5,16,BUF,36,25,43.40,57.75,41,30,36.67,22,38,48.00,72,78,43.80,106,136,44.55,45,56,26.32,5,14,18.18,2,9,BUF,36,25,45.32,55.42,46,37,50.00,34,34,60.80,107,69,44.70,135,167,32.48,38,79,28.57,10,25,35.71,5,9,2018,Regular,From
CAR,36,41,48.73,46.15,6,7,46.15,6,7,50.00,14,14,51.79,29,27,50.00,17,17,38.46,5,8,50.00,2,2,CAR,36,41,54.67,58.56,65,46,61.49,91,57,64.94,163,88,54.61,385,320,50.47,162,159,44.44,68,85,40.00,36,54,CAR,36,41,52.27,61.22,30,19,46.15,30,35,64.04,73,41,53.94,178,152,45.80,60,71,45.76,27,32,32.50,13,27,CAR,36,41,57.93,77.36,41,12,79.03,49,13,65.60,82,43,56.38,221,171,47.50,76,84,46.48,33,38,40.91,18,26,2018,Regular,From
CBJ,36,44,53.44,45.45,5,6,50.00,7,7,51.85,14,13,56.90,33,25,53.33,16,14,57.14,8,6,50.00,4,4,CBJ,36,44,52.95,51.35,38,36,65.22,120,64,59.12,162,112,52.44,365,331,47.52,182,201,44.76,64,79,47.73,42,46,CBJ,36,44,51.94,55.17,16,13,64.29,36,20,57.14,68,51,49.23,128,132,50.00,65,65,41.18,28,40,51.28,20,19,CBJ,36,44,49.13,50.00,14,14,59.52,50,34,50.00,76,76,53.87,174,149,41.48,73,103,30.88,21,47,39.13,18,28,2018,Regular,From
CGY,36,39,50.04,54.55,6,5,45.45,5,6,46.43,13,15,53.85,28,24,35.71,10,18,83.33,10,2,40.00,2,3,CGY,36,39,51.67,63.22,55,32,48.12,64,69,50.00,135,135,51.48,434,409,56.88,124,94,47.42,46,51,52.46,32,29,CGY,36,39,52.42,64.41,38,21,54.39,31,26,54.39,62,52,52.32,214,195,49.52,52,53,43.75,21,27,51.72,15,14,CGY,36,39,53.09,76.00,38,12,64.21,61,34,57.64,83,61,51.94,214,198,48.25,55,59,45.83,22,26,29.03,9,22,2018,Regular,From
CHI,36,39,51.87,52.94,9,8,27.27,3,8,47.83,11,12,44.90,22,27,65.00,13,7,66.67,10,5,66.67,12,6,CHI,36,39,51.49,60.26,94,62,65.52,95,50,51.72,135,126,49.79,359,362,47.37,90,100,47.13,74,83,47.56,78,86,CHI,36,39,50.92,75.76,50,16,57.38,35,26,56.47,48,37,50.94,136,131,37.50,24,40,34.00,17,33,38.81,26,41,CHI,36,39,58.33,75.56,68,22,63.53,54,31,56.67,85,65,58.50,210,149,59.05,62,43,45.71,32,38,47.37,45,50,2018,Regular,From
COL,36,37,47.63,50.00,9,9,46.67,7,8,42.31,11,15,47.17,25,28,44.44,12,15,70.00,7,3,50.00,7,7,COL,36,37,47.45,58.76,57,40,64.58,62,34,51.63,127,119,46.02,301,353,46.86,127,144,32.99,32,65,32.99,32,65,COL,36,37,46.42,44.90,22,27,52.27,23,21,50.89,57,55,46.15,120,140,46.32,44,51,39.53,17,26,39.22,20,31,COL,36,37,50.10,49.18,30,31,75.56,34,11,53.50,84,73,51.52,187,176,50.72,70,68,19.44,7,29,30.19,16,37,2018,Regular,From
DAL,36,41,51.74,57.14,4,3,28.57,4,10,50.00,12,12,55.77,29,23,54.55,18,15,53.85,7,6,54.55,6,5,DAL,36,41,52.81,67.96,70,33,62.40,78,47,55.50,111,89,53.12,366,323,44.71,131,162,42.00,21,29,47.76,64,70,DAL,36,41,52.33,61.54,16,10,58.00,29,21,49.43,43,44,52.07,126,116,51.28,60,57,56.67,17,13,41.03,32,46,DAL,36,41,53.64,59.52,25,17,67.53,52,25,58.33,63,45,51.17,196,187,51.63,79,74,24.32,9,28,50.00,46,46,2018,Regular,From
DET,36,33,41.37,35.71,5,9,29.41,5,12,43.33,13,17,43.75,21,27,40.00,12,18,55.56,5,4,50.00,2,2,DET,36,33,48.81,53.92,55,47,57.64,83,61,51.96,146,135,48.40,349,372,42.34,105,143,52.07,63,58,40.00,30,45,DET,36,33,53.27,62.22,28,17,50.00,32,32,55.24,58,47,56.60,150,115,49.53,53,54,46.67,21,24,38.89,14,22,DET,36,33,45.89,73.08,38,14,63.08,41,24,51.16,66,63,44.98,139,170,33.88,41,80,36.73,18,31,21.88,7,25,2018,Regular,From
EDM,36,36,51.97,50.00,5,5,41.67,5,7,50.00,17,17,50.98,26,25,60.00,15,10,57.14,8,6,52.94,9,8,EDM,36,36,52.56,56.93,78,59,53.66,110,95,59.68,188,127,50.60,339,331,53.95,116,99,50.00,49,49,49.21,62,64,EDM,36,36,56.17,58.49,31,22,56.41,44,34,59.09,78,54,57.56,156,115,45.26,43,52,60.47,26,17,57.14,36,27,EDM,36,36,51.56,65.67,44,23,64.76,68,37,53.29,89,78,57.30,212,158,41.96,47,65,20.29,14,55,35.21,25,46,2018,Regular,From
FLA,36,35,45.09,37.50,3,5,47.37,9,10,59.46,22,15,42.11,24,33,33.33,9,18,45.45,5,6,40.00,4,6,FLA,36,35,49.72,51.19,43,41,57.39,66,49,59.70,280,189,50.80,380,368,37.37,105,176,40.70,35,51,33.33,16,32,FLA,36,35,49.43,69.57,16,7,57.14,28,21,53.07,95,84,49.10,137,142,43.64,48,62,40.91,18,26,50.00,6,6,FLA,36,35,45.25,63.16,24,14,51.06,24,23,52.40,109,99,44.71,152,188,37.38,40,67,40.00,18,27,23.53,4,13,2018,Regular,From
L.A,36,48,57.70,83.33,5,1,58.33,7,5,58.62,17,12,49.15,29,30,60.71,17,11,69.23,9,4,80.00,4,1,L.A,36,48,48.94,44.00,33,42,50.51,50,49,54.15,176,149,51.52,356,335,45.17,117,142,37.41,52,87,40.30,27,40,L.A,36,48,48.98,62.50,20,12,41.18,14,20,52.63,80,72,52.80,179,160,40.82,40,58,36.67,22,38,35.29,12,22,L.A,36,48,51.35,48.48,16,17,42.22,19,26,63.46,99,57,52.51,188,170,52.63,70,63,25.00,17,51,35.14,13,24,2018,Regular,From
MIN,36,39,48.51,60.00,3,2,60.00,6,4,40.63,13,19,52.83,28,25,48.28,14,15,58.33,7,5,27.27,3,8,MIN,36,39,47.71,39.13,18,28,66.38,77,39,55.16,155,126,44.83,321,395,46.00,138,162,35.71,30,54,45.61,26,31,MIN,36,39,46.48,46.67,7,8,64.44,29,16,59.52,75,51,42.35,119,162,38.98,46,72,42.22,19,26,33.33,10,20,MIN,36,39,43.13,45.45,10,12,58.33,28,20,52.48,74,67,43.28,145,190,35.67,61,110,23.08,12,40,30.00,9,21,2018,Regular,From
MTL,36,36,45.11,31.25,5,11,14.29,2,12,43.48,10,13,46.00,23,27,57.14,16,12,46.15,6,7,80.00,8,2,MTL,36,36,51.48,58.13,93,67,54.94,89,73,50.96,159,153,53.52,357,310,48.98,96,100,45.11,83,101,47.83,33,36,MTL,36,36,48.46,57.58,38,28,62.32,43,26,45.16,42,51,48.80,122,128,47.12,49,55,44.16,34,43,25.71,9,26,MTL,36,36,50.83,54.17,39,33,67.52,79,38,59.88,97,65,52.08,188,173,33.08,44,89,49.47,47,48,25.00,12,36,2018,Regular,From
N.J,36,49,51.38,57.14,4,3,46.67,7,8,48.28,14,15,57.38,35,26,41.94,13,18,57.14,8,6,50.00,3,3,N.J,36,49,47.61,45.71,32,38,54.63,59,49,51.22,147,140,48.74,289,304,44.74,166,205,34.97,50,93,44.64,50,62,N.J,36,49,46.95,62.07,18,11,53.19,25,22,50.48,53,52,45.00,117,143,46.91,76,86,35.00,21,39,36.36,12,21,N.J,36,49,45.93,71.43,30,12,45.16,28,34,56.80,71,54,44.05,137,174,42.37,75,102,30.88,21,47,26.09,12,34,2018,Regular,From
NSH,36,49,52.92,25.00,1,3,62.50,5,3,50.00,11,11,64.10,25,14,55.88,19,15,50.00,10,10,35.29,6,11,NSH,36,49,49.81,49.33,37,38,52.63,20,18,62.64,114,68,51.49,293,276,43.24,179,235,40.44,74,109,39.78,74,112,NSH,36,49,52.70,70.27,26,11,56.00,14,11,51.95,40,37,56.47,144,111,43.68,76,98,45.45,35,42,42.67,32,43,NSH,36,49,51.57,62.96,17,10,65.52,19,10,59.09,65,45,47.66,122,134,44.75,98,121,40.21,39,58,43.62,41,53,2018,Regular,From
NYI,36,42,51.40,54.55,6,5,64.29,9,5,48.72,19,20,46.43,26,30,56.25,18,14,64.71,11,6,41.18,7,10,NYI,36,42,48.62,54.40,68,57,48.25,69,74,56.23,212,165,50.93,247,238,36.78,89,153,45.63,73,87,42.45,59,80,NYI,36,42,47.48,45.45,30,36,58.44,45,32,50.00,74,74,47.34,89,99,44.19,38,48,43.24,32,42,43.33,26,34,NYI,36,42,50.02,56.25,45,35,63.51,47,27,55.38,108,87,50.38,134,132,40.31,52,77,44.71,38,47,37.93,22,36,2018,Regular,From
NYR,36,42,54.45,66.67,4,2,70.00,14,6,54.29,19,16,44.44,28,35,62.07,18,11,57.14,8,6,50.00,2,2,NYR,36,42,46.55,57.50,23,17,55.42,92,74,49.74,192,194,46.87,314,356,36.83,116,199,49.62,66,67,46.00,23,27,NYR,36,42,46.17,56.00,14,11,59.52,50,34,52.76,67,60,40.73,101,147,36.15,47,83,53.03,35,31,47.62,10,11,NYR,36,42,45.87,52.63,10,9,59.09,52,36,56.97,94,71,44.58,144,179,34.97,57,106,42.31,33,45,14.29,4,24,2018,Regular,From
OTT,36,32,43.83,55.56,5,4,33.33,5,10,47.06,16,18,44.64,25,31,45.16,14,17,35.71,5,9,42.86,3,4,OTT,36,32,49.56,56.30,67,52,48.33,58,62,57.45,158,117,49.08,319,331,48.88,131,137,32.99,32,65,46.38,32,37,OTT,36,32,49.49,57.45,27,20,60.94,39,25,48.44,62,66,49.33,148,152,50.43,58,57,51.43,18,17,19.23,5,21,OTT,36,32,45.86,67.86,38,18,61.54,64,40,63.19,91,53,43.13,157,207,32.35,55,115,28.57,14,35,25.58,11,32,2018,Regular,From
PHI,36,38,52.06,83.33,5,1,38.46,5,8,44.00,11,14,55.56,30,24,50.00,13,13,55.56,5,4,55.56,5,4,PHI,36,38,49.06,51.52,34,32,57.14,84,63,58.33,147,105,48.38,358,382,44.16,121,153,41.30,57,81,37.68,26,43,PHI,36,38,47.46,63.33,19,11,52.46,32,29,51.16,44,42,48.42,153,163,41.18,42,60,38.18,21,34,35.14,13,24,PHI,36,38,49.62,72.73,32,12,64.86,48,26,57.14,72,54,50.79,193,187,39.22,60,93,31.37,16,35,18.18,6,27,2018,Regular,From
PIT,36,39,42.28,7.14,1,13,60.00,9,6,50.00,17,17,40.43,19,28,45.83,11,13,27.27,3,8,66.67,4,2,PIT,36,39,53.74,55.81,72,57,61.48,75,47,53.01,194,172,57.55,408,301,48.83,104,109,47.17,50,56,45.37,49,59,PIT,36,39,52.22,64.00,32,18,54.24,32,27,56.08,83,65,53.15,152,134,43.37,36,47,52.08,25,23,40.63,13,19,PIT,36,39,48.11,45.31,29,35,61.29,38,24,55.43,97,78,49.43,173,177,44.44,44,55,26.47,18,50,45.24,19,23,2018,Regular,From
S.J,36,44,46.10,50.00,2,2,47.06,8,9,42.86,12,16,45.10,23,28,40.91,9,13,60.00,6,4,66.67,2,1,S.J,36,44,52.08,55.91,52,41,67.37,64,31,53.00,247,219,55.20,297,241,45.53,112,134,42.28,52,71,51.32,39,37,S.J,36,44,54.84,58.54,24,17,55.93,33,26,56.92,111,84,57.87,147,107,53.91,62,53,53.45,31,27,25.93,7,20,S.J,36,44,52.13,65.38,34,18,65.38,51,27,60.53,161,105,50.15,165,164,46.84,74,84,34.52,29,55,42.31,11,15,2018,Regular,From
STL,36,46,54.94,62.50,5,3,27.27,3,8,55.00,11,9,52.27,23,21,65.52,19,10,68.42,13,6,47.06,8,9,STL,36,46,52.50,52.75,48,43,58.33,56,40,54.58,155,129,53.02,298,264,51.83,170,158,41.98,68,94,48.61,70,74,STL,36,46,55.29,76.00,19,6,54.29,19,16,57.86,81,59,57.35,121,90,48.15,65,70,43.42,33,43,61.76,21,13,STL,36,46,49.75,62.50,20,12,51.11,23,22,54.90,84,69,47.15,157,176,47.24,77,86,40.00,34,51,43.33,26,34,2018,Regular,From
T.B,36,56,60.69,80.00,4,1,62.50,5,3,70.00,14,6,56.10,23,18,62.16,23,14,61.54,16,10,56.25,9,7,T.B,36,56,51.03,50.00,35,35,62.50,35,21,59.09,104,72,54.42,345,289,43.70,156,201,36.67,88,152,45.14,79,96,T.B,36,56,56.68,58.33,14,10,63.89,23,13,63.10,53,31,59.69,154,104,54.14,85,72,38.38,38,61,47.30,35,39,T.B,36,56,56.16,75.86,22,7,62.96,17,10,54.08,53,45,54.05,167,142,52.88,101,90,47.79,54,59,43.21,35,46,2018,Regular,From
TOR,36,43,53.94,87.50,7,1,47.62,10,11,33.33,8,16,60.00,27,18,56.25,18,14,54.55,12,10,55.56,10,8,TOR,36,43,47.17,66.10,39,20,64.32,155,86,51.71,121,113,41.27,253,360,42.21,122,167,41.90,75,104,43.65,55,71,TOR,36,43,51.02,56.00,14,11,60.71,68,44,58.97,69,48,51.19,151,144,36.97,44,75,48.57,34,36,41.07,23,33,TOR,36,43,55.05,50.00,15,15,68.81,75,34,63.20,79,46,54.95,183,150,49.32,72,74,43.18,38,50,37.50,30,50,2018,Regular,From
VAN,36,35,45.47,30.00,3,7,37.50,6,10,55.17,16,13,45.28,24,29,42.86,9,12,60.00,6,4,25.00,1,3,VAN,36,35,47.87,51.38,56,53,54.19,97,82,59.23,138,95,46.52,274,315,39.48,107,164,43.03,71,94,45.95,34,40,VAN,36,35,46.02,48.84,21,22,48.68,37,39,53.06,52,46,48.41,122,130,43.00,43,57,34.92,22,41,30.00,12,28,VAN,36,35,50.37,57.14,28,21,63.22,55,32,63.50,87,50,50.19,130,129,43.59,51,66,33.33,28,56,22.58,7,24,2018,Regular,From
VGK,36,52,55.29,50.00,4,4,30.00,3,7,67.86,19,9,63.64,35,20,55.00,22,18,45.00,9,11,36.36,4,7,VGK,36,52,51.49,51.85,28,26,67.09,53,26,56.18,150,117,51.60,355,333,47.69,155,170,46.67,63,72,38.19,55,89,VGK,36,52,52.70,50.00,9,9,67.44,29,14,60.94,78,50,49.82,142,143,47.01,63,71,51.79,29,27,42.42,28,38,VGK,36,52,49.67,47.83,11,12,71.19,42,17,51.75,74,69,50.15,170,169,39.79,76,115,40.63,39,57,39.08,34,53,2018,Regular,From
WPG,36,46,52.66,30.77,4,9,44.44,4,5,50.00,12,12,54.55,24,20,55.56,15,12,61.90,13,8,64.29,9,5,WPG,36,46,51.21,54.97,83,68,58.33,42,30,52.50,105,95,53.22,289,254,41.70,113,158,46.26,99,115,48.77,79,83,WPG,36,46,50.85,66.15,43,22,46.67,14,16,53.93,48,41,44.74,102,126,50.00,57,57,51.02,50,48,48.00,24,26,WPG,36,46,50.70,66.29,59,30,60.71,17,11,54.08,53,45,48.29,141,151,42.50,51,69,40.27,60,89,42.25,30,41,2018,Regular,From
WSH,36,46,54.77,60.00,6,4,50.00,7,7,56.00,14,11,56.60,30,23,62.96,17,10,47.06,8,9,41.67,5,7,WSH,36,46,46.32,59.81,64,43,60.00,60,40,55.43,153,123,42.61,242,326,45.69,143,170,33.07,42,85,28.57,26,65,WSH,36,46,47.34,52.94,27,24,48.84,21,22,53.39,63,55,47.48,132,146,39.62,63,96,46.91,38,43,41.03,16,23,WSH,36,46,52.50,76.47,39,12,58.33,35,25,60.38,96,63,49.30,140,144,46.80,95,108,39.29,33,51,43.24,16,21,2018,Regular,From
ANA,35,36,46.71,58.33,7,5,50.00,6,6,41.67,10,14,46.15,24,28,54.55,12,10,47.06,8,9,28.57,2,5,ANA,35,36,45.87,57.50,46,34,56.12,55,43,52.08,138,127,44.22,279,352,39.42,123,189,36.54,57,99,47.12,49,55,ANA,35,36,45.60,47.50,19,21,56.60,30,23,54.76,69,57,42.91,112,149,40.94,70,101,40.91,27,39,35.71,10,18,ANA,35,36,47.57,69.23,27,12,58.62,34,24,53.47,77,67,44.79,146,180,37.82,59,97,49.33,37,38,32.35,11,23,2018,Regular,From
ARI,35,19,37.60,58.33,7,5,50.00,11,11,33.33,14,28,33.33,18,36,26.32,5,14,33.33,2,4,66.67,2,1,ARI,35,19,45.81,54.09,86,73,49.57,114,116,47.90,148,161,46.82,317,360,43.15,104,137,38.46,25,40,58.33,7,5,ARI,35,19,44.65,55.22,37,30,46.39,45,52,54.69,70,58,43.84,153,196,38.74,43,68,43.33,13,17,18.18,2,9,ARI,35,19,47.49,59.49,47,32,53.39,63,55,51.11,92,88,48.47,158,168,44.29,62,78,43.75,14,18,37.50,6,10,2018,Regular,From
BOS,35,45,53.94,66.67,4,2,46.67,7,8,41.67,10,14,51.06,24,23,61.54,16,10,78.57,11,3,50.00,7,7,BOS,35,45,52.60,61.29,38,24,56.95,86,65,62.56,132,79,50.48,315,309,47.65,152,167,47.37,63,70,49.23,64,66,BOS,35,45,54.15,52.17,12,11,62.26,33,20,64.08,66,37,50.00,129,129,47.22,68,76,53.42,39,34,51.32,39,37,BOS,35,45,54.13,65.71,23,12,61.97,44,27,58.82,60,42,55.59,169,135,42.62,78,105,50.00,32,32,43.48,30,39,2018,Regular,From
BUF,35,25,40.29,52.94,9,8,27.78,5,13,39.29,11,17,42.31,22,30,50.00,10,10,16.67,1,5,20.00,1,4,BUF,35,25,48.81,57.14,84,63,61.24,79,50,52.71,175,157,48.16,328,353,44.64,125,155,42.00,21,29,23.81,5,16,BUF,35,25,44.20,57.75,41,30,38.46,20,32,50.36,70,69,43.80,106,136,44.55,45,56,26.32,5,14,18.18,2,9,BUF,35,25,45.91,56.10,46,36,55.00,33,27,60.95,103,66,45.00,135,165,32.48,38,79,28.57,10,25,35.71,5,9,2018,Regular,From
CAR,35,39,48.28,46.15,6,7,46.15,6,7,50.00,14,14,50.91,28,27,50.00,16,16,38.46,5,8,50.00,2,2,CAR,35,39,54.47,58.56,65,46,61.49,91,57,64.94,163,88,54.59,375,312,49.32,145,149,44.74,68,84,40.00,36,54,CAR,35,39,52.19,61.22,30,19,46.15,30,35,64.04,73,41,54.40,173,145,44.44,56,70,45.76,27,32,32.50,13,27,CAR,35,39,57.81,77.36,41,12,79.03,49,13,65.60,82,43,56.36,217,168,46.53,67,77,46.48,33,38,40.91,18,26,2018,Regular,From
CBJ,35,43,53.04,45.45,5,6,50.00,7,7,51.85,14,13,56.14,32,25,53.33,16,14,57.14,8,6,50.00,4,4,CBJ,35,43,53.13,51.35,38,36,65.22,120,64,59.12,162,112,52.67,345,310,47.97,177,192,44.76,64,79,47.73,42,46,CBJ,35,43,52.79,55.17,16,13,64.29,36,20,57.14,68,51,51.05,122,117,50.81,63,61,41.18,28,40,51.28,20,19,CBJ,35,43,49.31,50.00,14,14,59.52,50,34,50.00,76,76,54.58,167,139,41.62,72,101,30.88,21,47,39.13,18,28,2018,Regular,From
CGY,35,39,50.60,50.00,5,5,50.00,5,5,48.15,13,14,54.90,28,23,35.71,10,18,83.33,10,2,40.00,2,3,CGY,35,39,52.16,63.86,53,30,51.26,61,58,50.20,126,125,51.62,429,402,56.88,124,94,47.42,46,51,52.46,32,29,CGY,35,39,52.16,58.82,30,21,56.00,28,22,54.37,56,47,52.36,211,192,49.52,52,53,43.75,21,27,51.72,15,14,CGY,35,39,52.84,75.56,34,11,63.22,55,32,56.93,78,59,52.08,213,196,48.25,55,59,45.83,22,26,29.03,9,22,2018,Regular,From
CHI,35,39,53.14,53.33,8,7,30.00,3,7,50.00,11,11,46.81,22,25,65.00,13,7,66.67,10,5,66.67,12,6,CHI,35,39,51.43,60.78,93,60,66.42,89,45,50.79,128,124,49.72,349,353,47.37,90,100,47.13,74,83,47.56,78,86,CHI,35,39,50.61,75.76,50,16,56.90,33,25,55.95,47,37,50.58,131,128,37.50,24,40,34.00,17,33,38.81,26,41,CHI,35,39,58.24,75.56,68,22,63.16,48,28,56.76,84,64,58.19,206,148,59.05,62,43,45.71,32,38,47.37,45,50,2018,Regular,From
COL,35,37,48.04,50.00,9,9,46.67,7,8,41.67,10,14,49.02,25,26,44.44,12,15,70.00,7,3,50.00,7,7,COL,35,37,47.40,58.76,57,40,63.44,59,34,50.67,114,111,46.39,296,342,46.86,127,144,32.99,32,65,32.99,32,65,COL,35,37,45.82,44.90,22,27,50.00,21,21,47.52,48,53,46.46,118,136,46.32,44,51,39.53,17,26,39.22,20,31,COL,35,37,50.18,49.18,30,31,75.00,33,11,52.74,77,69,52.12,184,169,50.72,70,68,19.44,7,29,30.19,16,37,2018,Regular,From
DAL,35,39,50.73,57.14,4,3,28.57,4,10,50.00,12,12,54.90,28,23,53.13,17,15,53.85,7,6,50.00,5,5,DAL,35,39,52.94,67.96,70,33,62.40,78,47,55.50,111,89,53.48,361,314,44.86,131,161,39.58,19,29,48.67,55,58,DAL,35,39,53.09,61.54,16,10,58.00,29,21,49.43,43,44,52.36,122,111,51.75,59,55,59.26,16,11,46.03,29,34,DAL,35,39,54.00,59.52,25,17,67.53,52,25,58.33,63,45,51.63,190,178,52.35,78,71,22.86,8,27,54.17,39,33,2018,Regular,From
DET,35,33,41.64,35.71,5,9,25.00,4,12,46.43,13,15,44.68,21,26,40.00,12,18,55.56,5,4,50.00,2,2,DET,35,33,49.00,53.92,55,47,59.09,78,54,50.95,134,129,48.94,347,362,42.34,105,143,52.07,63,58,40.00,30,45,DET,35,33,52.88,62.22,28,17,50.82,31,30,52.58,51,46,56.42,145,112,49.53,53,54,46.67,21,24,38.89,14,22,DET,35,33,46.23,73.08,38,14,62.71,37,22,51.61,64,60,45.82,137,162,33.88,41,80,36.73,18,31,21.88,7,25,2018,Regular,From
EDM,35,34,51.01,50.00,5,5,41.67,5,7,50.00,17,17,50.00,25,25,58.33,14,10,53.85,7,6,52.94,9,8,EDM,35,34,52.46,56.93,78,59,53.66,110,95,59.68,188,127,50.61,331,323,54.21,116,98,49.28,34,35,49.18,60,62,EDM,35,34,55.71,58.49,31,22,56.41,44,34,59.09,78,54,57.25,150,112,45.26,43,52,56.25,18,14,58.33,35,25,EDM,35,34,51.61,65.67,44,23,64.76,68,37,53.29,89,78,57.18,207,155,42.20,46,63,16.00,8,42,35.29,24,44,2018,Regular,From
FLA,35,33,44.69,37.50,3,5,47.37,9,10,59.46,22,15,41.07,23,33,33.33,9,18,45.45,5,6,40.00,4,6,FLA,35,33,49.84,51.19,43,41,57.39,66,49,59.70,280,189,50.55,368,360,37.66,90,149,40.70,35,51,33.33,16,32,FLA,35,33,48.88,69.57,16,7,57.14,28,21,53.07,95,84,48.13,129,139,42.42,42,57,40.91,18,26,50.00,6,6,FLA,35,33,44.94,63.16,24,14,51.06,24,23,52.40,109,99,43.90,144,184,37.50,36,60,40.00,18,27,23.53,4,13,2018,Regular,From
L.A,35,46,57.44,83.33,5,1,58.33,7,5,57.14,16,12,49.12,28,29,60.71,17,11,69.23,9,4,80.00,4,1,L.A,35,46,49.11,44.00,33,42,50.51,50,49,54.17,169,143,52.05,343,316,45.17,117,142,37.41,52,87,40.30,27,40,L.A,35,46,49.06,62.50,20,12,41.18,14,20,52.45,75,68,53.21,174,153,40.82,40,58,36.67,22,38,35.29,12,22,L.A,35,46,51.14,48.48,16,17,42.22,19,26,62.84,93,55,52.52,177,160,52.63,70,63,25.00,17,51,35.14,13,24,2018,Regular,From
MIN,35,39,49.39,60.00,3,2,66.67,6,3,41.94,13,18,53.85,28,24,48.28,14,15,58.33,7,5,27.27,3,8,MIN,35,39,47.94,39.13,18,28,66.09,76,39,55.16,155,126,45.32,310,374,46.00,138,162,35.71,30,54,45.61,26,31,MIN,35,39,47.40,46.67,7,8,63.64,28,16,59.52,75,51,44.57,119,148,38.98,46,72,42.22,19,26,33.33,10,20,MIN,35,39,43.54,47.62,10,11,58.33,28,20,52.48,74,67,44.16,140,177,35.67,61,110,23.08,12,40,30.00,9,21,2018,Regular,From
MTL,35,36,45.82,31.25,5,11,15.38,2,11,45.45,10,12,46.94,23,26,57.14,16,12,46.15,6,7,80.00,8,2,MTL,35,36,51.68,58.33,91,65,56.39,75,58,50.80,158,153,53.61,349,302,48.98,96,100,45.11,83,101,47.83,33,36,MTL,35,36,49.04,57.14,36,27,68.97,40,18,45.16,42,51,49.38,119,122,47.12,49,55,44.16,34,43,25.71,9,26,MTL,35,36,50.76,53.62,37,32,67.35,66,32,59.75,95,64,52.41,185,168,33.08,44,89,49.47,47,48,25.00,12,36,2018,Regular,From
N.J,35,47,50.74,57.14,4,3,46.67,7,8,48.28,14,15,56.67,34,26,37.93,11,18,61.54,8,5,50.00,3,3,N.J,35,47,47.32,45.71,32,38,54.63,59,49,51.22,147,140,48.02,279,302,45.33,160,193,32.82,43,88,44.64,50,62,N.J,35,47,47.29,62.07,18,11,53.19,25,22,50.48,53,52,45.24,114,138,48.70,75,79,33.33,19,38,36.36,12,21,N.J,35,47,45.36,71.43,30,12,45.16,28,34,56.80,71,54,42.86,129,172,41.86,72,100,30.65,19,43,26.09,12,34,2018,Regular,From
NSH,35,47,52.63,25.00,1,3,62.50,5,3,50.00,11,11,63.16,24,14,54.55,18,15,52.63,10,9,35.29,6,11,NSH,35,47,49.95,49.33,37,38,52.63,20,18,62.64,114,68,52.16,290,266,42.53,168,227,40.94,70,101,39.78,74,112,NSH,35,47,52.23,70.27,26,11,56.00,14,11,51.95,40,37,56.63,141,108,41.82,69,96,44.29,31,39,42.67,32,43,NSH,35,47,51.27,62.96,17,10,65.52,19,10,59.09,65,45,47.81,120,131,43.50,87,113,39.78,37,56,43.62,41,53,2018,Regular,From
NYI,35,40,50.85,54.55,6,5,64.29,9,5,48.72,19,20,46.43,26,30,53.33,16,14,66.67,10,5,40.00,6,9,NYI,35,40,48.80,54.40,68,57,48.25,69,74,56.23,212,165,51.03,247,237,37.24,89,150,47.06,56,63,43.41,56,73,NYI,35,40,47.75,45.45,30,36,58.44,45,32,50.00,74,74,47.34,89,99,44.19,38,48,45.61,26,31,44.83,26,32,NYI,35,40,50.07,56.25,45,35,63.51,47,27,55.38,108,87,50.19,133,132,40.80,51,74,46.38,32,37,38.60,22,35,2018,Regular,From
NYR,35,42,54.42,66.67,4,2,66.67,12,6,55.88,19,15,45.16,28,34,62.07,18,11,57.14,8,6,50.00,2,2,NYR,35,42,46.65,57.50,23,17,55.70,83,66,49.86,183,184,46.95,308,348,36.83,116,199,49.62,66,67,46.00,23,27,NYR,35,42,46.37,56.00,14,11,57.50,46,34,54.92,67,55,40.98,100,144,36.15,47,83,53.03,35,31,47.62,10,11,NYR,35,42,45.88,52.63,10,9,61.84,47,29,55.90,90,71,44.62,141,175,34.97,57,106,42.31,33,45,14.29,4,24,2018,Regular,From
OTT,35,30,42.75,55.56,5,4,28.57,4,10,45.16,14,17,45.28,24,29,43.33,13,17,35.71,5,9,42.86,3,4,OTT,35,30,49.41,56.30,67,52,46.55,54,62,57.72,157,115,49.29,311,320,49.25,131,135,27.91,24,62,46.38,32,37,OTT,35,30,49.46,57.45,27,20,61.29,38,24,49.21,62,64,49.31,143,147,50.43,58,57,48.48,16,17,19.23,5,21,OTT,35,30,45.37,67.86,38,18,60.42,58,38,63.19,91,53,42.41,148,201,32.54,55,114,25.58,11,32,25.58,11,32,2018,Regular,From
PHI,35,37,51.64,83.33,5,1,38.46,5,8,41.67,10,14,55.56,30,24,50.00,13,13,55.56,5,4,55.56,5,4,PHI,35,37,49.11,51.52,34,32,57.14,84,63,58.23,145,104,48.54,332,352,44.16,121,153,41.30,57,81,37.68,26,43,PHI,35,37,47.34,63.33,19,11,52.46,32,29,51.19,43,41,48.29,141,151,41.18,42,60,38.18,21,34,35.14,13,24,PHI,35,37,49.41,72.73,32,12,64.86,48,26,56.80,71,54,50.56,180,176,39.22,60,93,31.37,16,35,18.18,6,27,2018,Regular,From
PIT,35,37,42.43,7.14,1,13,60.00,9,6,50.00,17,17,41.30,19,27,45.83,11,13,27.27,3,8,66.67,4,2,PIT,35,37,53.76,55.81,72,57,61.48,75,47,52.56,185,167,57.93,387,281,48.83,104,109,47.17,50,56,45.37,49,59,PIT,35,37,51.52,64.00,32,18,54.24,32,27,55.63,79,63,51.70,137,128,43.37,36,47,52.08,25,23,40.63,13,19,PIT,35,37,47.83,45.31,29,35,61.29,38,24,55.23,95,77,48.95,163,170,44.44,44,55,26.47,18,50,45.24,19,23,2018,Regular,From
S.J,35,44,47.82,100.00,2,0,50.00,8,8,44.44,12,15,46.00,23,27,40.91,9,13,60.00,6,4,66.67,2,1,S.J,35,44,52.42,56.52,39,30,67.03,61,30,53.73,245,211,55.43,296,238,45.53,112,134,42.28,52,71,51.32,39,37,S.J,35,44,55.34,61.29,19,12,57.14,32,24,57.29,110,82,58.17,146,105,53.91,62,53,53.45,31,27,25.93,7,20,S.J,35,44,52.20,63.89,23,13,64.94,50,27,61.24,158,100,50.15,165,164,46.84,74,84,34.52,29,55,42.31,11,15,2018,Regular,From
STL,35,46,55.61,62.50,5,3,27.27,3,8,55.00,11,9,54.76,23,19,65.52,19,10,68.42,13,6,47.06,8,9,STL,35,46,52.62,52.75,48,43,58.33,56,40,55.06,147,120,53.03,289,256,51.83,170,158,41.98,68,94,48.61,70,74,STL,35,46,55.16,76.00,19,6,54.29,19,16,57.69,75,55,57.00,114,86,48.15,65,70,43.42,33,43,61.76,21,13,STL,35,46,49.89,62.50,20,12,51.11,23,22,54.29,76,64,47.63,151,166,47.24,77,86,40.00,34,51,43.33,26,34,2018,Regular,From
T.B,35,54,60.10,80.00,4,1,62.50,5,3,68.42,13,6,55.00,22,18,62.16,23,14,61.54,16,10,56.25,9,7,T.B,35,54,51.06,50.00,35,35,62.50,35,21,58.58,99,70,54.59,333,277,43.50,154,200,37.12,85,144,45.14,79,96,T.B,35,54,57.06,58.33,14,10,63.89,23,13,63.29,50,29,60.64,151,98,54.84,85,70,37.23,35,59,47.30,35,39,T.B,35,54,56.42,75.86,22,7,62.96,17,10,52.69,49,44,54.85,164,135,52.91,100,89,48.57,51,54,43.21,35,46,2018,Regular,From
TOR,35,43,54.24,85.71,6,1,47.37,9,10,34.78,8,15,61.36,27,17,56.25,18,14,54.55,12,10,55.56,10,8,TOR,35,43,46.94,64.91,37,20,65.33,130,69,51.72,120,112,40.97,245,353,42.21,122,167,41.90,75,104,43.65,55,71,TOR,35,43,50.93,56.52,13,10,61.00,61,39,57.89,66,48,51.55,150,141,36.97,44,75,48.57,34,36,41.07,23,33,TOR,35,43,54.95,48.28,14,15,68.37,67,31,63.71,79,45,54.91,179,147,49.32,72,74,43.18,38,50,37.50,30,50,2018,Regular,From
VAN,35,34,44.37,30.00,3,7,33.33,5,10,51.85,14,13,46.00,23,27,42.86,9,12,60.00,6,4,25.00,1,3,VAN,35,34,47.73,51.38,56,53,54.19,97,82,58.22,131,94,46.47,257,296,39.54,104,159,43.03,71,94,45.95,34,40,VAN,35,34,46.13,48.84,21,22,48.68,37,39,51.61,48,45,49.79,118,119,42.55,40,54,34.92,22,41,30.00,12,28,VAN,35,34,50.78,57.14,28,21,63.22,55,32,63.64,84,48,51.01,126,121,44.64,50,62,33.33,28,56,22.58,7,24,2018,Regular,From
VGK,35,50,55.09,50.00,4,4,30.00,3,7,66.67,18,9,63.46,33,19,56.41,22,17,45.00,9,11,36.36,4,7,VGK,35,50,51.31,51.85,28,26,67.09,53,26,54.39,130,109,51.87,347,322,47.52,153,169,46.67,63,72,38.19,55,89,VGK,35,50,52.65,50.00,9,9,67.44,29,14,59.29,67,46,50.36,139,137,47.37,63,70,51.79,29,27,42.42,28,38,VGK,35,50,50.21,47.83,11,12,71.19,42,17,51.85,70,65,50.91,167,161,40.86,76,110,40.63,39,57,39.08,34,53,2018,Regular,From
WPG,35,45,52.55,30.77,4,9,44.44,4,5,47.83,11,12,55.81,24,19,55.56,15,12,61.90,13,8,64.29,9,5,WPG,35,45,51.01,54.97,83,68,58.33,42,30,52.50,105,95,52.77,257,230,41.70,113,158,46.26,99,115,48.77,79,83,WPG,35,45,51.27,66.15,43,22,46.67,14,16,53.93,48,41,45.45,95,114,50.00,57,57,51.02,50,48,48.00,24,26,WPG,35,45,50.90,66.29,59,30,60.71,17,11,54.08,53,45,48.69,130,137,42.50,51,69,40.27,60,89,42.25,30,41,2018,Regular,From
WSH,35,45,54.79,60.00,6,4,50.00,7,7,56.00,14,11,56.00,28,22,65.38,17,9,47.06,8,9,41.67,5,7,WSH,35,45,46.42,59.81,64,43,60.00,60,40,55.43,153,123,42.81,235,314,45.79,136,161,33.07,42,85,28.57,26,65,WSH,35,45,46.69,52.94,27,24,48.84,21,22,53.39,63,55,46.30,119,138,38.26,57,92,46.91,38,43,41.03,16,23,WSH,35,45,52.11,76.47,39,12,58.33,35,25,60.38,96,63,49.81,134,135,44.15,83,105,39.29,33,51,43.24,16,21,2018,Regular,From
ANA,34,36,47.64,54.55,6,5,60.00,6,4,43.48,10,13,47.06,24,27,54.55,12,10,47.06,8,9,28.57,2,5,ANA,34,36,45.46,60.00,36,24,53.85,42,36,52.08,138,127,43.49,264,343,39.42,123,189,36.54,57,99,47.12,49,55,ANA,34,36,45.84,46.43,13,15,58.82,30,21,54.76,69,57,43.02,111,147,40.94,70,101,40.91,27,39,35.71,10,18,ANA,34,36,47.22,60.71,17,11,55.56,30,24,53.47,77,67,45.48,146,175,37.82,59,97,49.33,37,38,32.35,11,23,2018,Regular,From
ARI,34,19,37.45,58.33,7,5,47.62,10,11,33.33,13,26,33.96,18,35,26.32,5,14,33.33,2,4,66.67,2,1,ARI,34,19,46.01,54.09,86,73,49.57,114,116,47.02,142,160,47.83,308,336,43.15,104,137,38.46,25,40,58.33,7,5,ARI,34,19,45.44,55.22,37,30,46.39,45,52,53.66,66,57,46.15,150,175,38.74,43,68,43.33,13,17,18.18,2,9,ARI,34,19,47.60,59.49,47,32,53.39,63,55,50.29,88,87,49.19,152,157,44.29,62,78,43.75,14,18,37.50,6,10,2018,Regular,From
BOS,34,43,52.73,66.67,4,2,46.67,7,8,41.67,10,14,50.00,23,23,60.00,15,10,75.00,9,3,50.00,6,6,BOS,34,43,52.64,61.29,38,24,56.95,86,65,62.56,132,79,50.48,313,307,47.63,151,166,47.06,56,63,51.35,57,54,BOS,34,43,54.51,52.17,12,11,62.26,33,20,64.08,66,37,49.81,128,129,47.22,68,76,55.88,38,30,55.38,36,29,BOS,34,43,54.19,65.71,23,12,61.97,44,27,58.82,60,42,55.37,165,133,42.31,77,105,51.72,30,28,46.55,27,31,2018,Regular,From
BUF,34,23,38.91,52.94,9,8,27.78,5,13,39.29,11,17,41.18,21,30,41.18,7,10,20.00,1,4,20.00,1,4,BUF,34,23,48.61,57.14,84,63,61.24,79,50,52.71,175,157,47.18,301,337,45.29,125,151,45.45,20,24,23.81,5,16,BUF,34,23,43.87,57.75,41,30,38.46,20,32,50.36,70,69,42.73,97,130,44.55,45,56,27.78,5,13,18.18,2,9,BUF,34,23,45.97,56.10,46,36,55.00,33,27,60.95,103,66,45.07,128,156,32.76,38,78,27.27,9,24,35.71,5,9,2018,Regular,From
CAR,34,37,48.01,46.15,6,7,46.15,6,7,50.00,14,14,50.00,27,27,48.39,15,16,36.36,4,7,66.67,2,1,CAR,34,37,54.12,58.56,65,46,61.49,91,57,64.94,163,88,54.52,374,312,49.29,139,143,41.13,51,73,38.64,34,54,CAR,34,37,51.36,61.22,30,19,46.15,30,35,64.04,73,41,54.40,173,145,40.87,47,68,41.18,21,30,32.50,13,27,CAR,34,37,57.32,77.36,41,12,79.03,49,13,65.60,82,43,56.14,215,168,46.72,64,73,41.27,26,37,39.53,17,26,2018,Regular,From
CBJ,34,41,52.90,45.45,5,6,50.00,7,7,51.85,14,13,55.36,31,25,51.72,15,14,58.33,7,5,57.14,4,3,CBJ,34,41,53.32,51.35,38,36,65.22,120,64,59.12,162,112,52.81,338,302,47.96,176,191,46.53,47,54,48.84,42,44,CBJ,34,41,52.92,55.17,16,13,64.29,36,20,57.14,68,51,50.64,119,116,52.07,63,58,41.07,23,33,51.35,19,18,CBJ,34,41,49.43,50.00,14,14,59.52,50,34,50.00,76,76,54.85,164,135,41.28,71,101,31.58,18,39,40.00,18,27,2018,Regular,From
CGY,34,37,49.95,50.00,5,5,50.00,5,5,48.15,13,14,53.06,26,23,35.71,10,18,83.33,10,2,40.00,2,3,CGY,34,37,52.14,63.86,53,30,51.26,61,58,50.20,126,125,51.72,421,393,57.21,115,86,47.42,46,51,52.46,32,29,CGY,34,37,52.47,58.82,30,21,56.00,28,22,54.37,56,47,52.81,207,185,50.53,48,47,43.75,21,27,51.72,15,14,CGY,34,37,52.78,75.56,34,11,63.22,55,32,56.93,78,59,51.65,203,190,49.50,50,51,45.83,22,26,29.03,9,22,2018,Regular,From
CHI,34,39,53.85,50.00,7,7,37.50,3,5,50.00,11,11,47.83,22,24,65.00,13,7,66.67,10,5,66.67,12,6,CHI,34,39,51.28,60.19,62,41,66.15,86,44,50.81,126,122,49.86,349,351,47.37,90,100,47.13,74,83,47.56,78,86,CHI,34,39,50.67,75.86,44,14,57.41,31,23,57.32,47,35,50.78,131,127,37.50,24,40,34.00,17,33,38.81,26,41,CHI,34,39,57.81,71.43,45,18,63.01,46,27,57.53,84,62,57.95,204,148,59.05,62,43,45.71,32,38,47.37,45,50,2018,Regular,From
COL,34,35,47.01,50.00,9,9,46.67,7,8,41.67,10,14,48.00,24,26,44.44,12,15,70.00,7,3,41.67,5,7,COL,34,35,47.28,58.76,57,40,63.44,59,34,50.67,114,111,45.90,280,330,46.86,127,144,32.99,32,65,32.91,26,53,COL,34,35,44.61,44.90,22,27,50.00,21,21,47.52,48,53,45.42,109,131,46.32,44,51,39.53,17,26,27.78,10,26,COL,34,35,50.42,49.18,30,31,75.00,33,11,52.74,77,69,53.27,179,157,50.72,70,68,19.44,7,29,26.09,12,34,2018,Regular,From
DAL,34,38,51.49,57.14,4,3,28.57,4,10,50.00,12,12,55.32,26,21,56.67,17,13,53.85,7,6,50.00,5,5,DAL,34,38,52.69,67.96,70,33,62.40,78,47,55.28,110,89,53.13,339,299,44.64,129,160,39.58,19,29,48.67,55,58,DAL,34,38,53.44,61.54,16,10,58.00,29,21,48.81,41,43,53.70,116,100,51.33,58,55,59.26,16,11,46.03,29,34,DAL,34,38,53.89,59.52,25,17,67.53,52,25,58.10,61,44,51.31,176,167,52.38,77,70,22.86,8,27,54.17,39,33,2018,Regular,From
DET,34,33,42.23,35.71,5,9,25.00,4,12,48.15,13,14,45.65,21,25,40.00,12,18,55.56,5,4,50.00,2,2,DET,34,33,48.77,53.92,55,47,59.09,78,54,49.80,125,126,48.81,327,343,42.34,105,143,52.07,63,58,40.00,30,45,DET,34,33,52.72,62.22,28,17,50.82,31,30,52.63,50,45,56.25,135,105,49.53,53,54,46.67,21,24,38.89,14,22,DET,34,33,46.58,73.08,38,14,62.71,37,22,51.69,61,57,46.59,130,149,33.88,41,80,36.73,18,31,21.88,7,25,2018,Regular,From
EDM,34,32,50.67,50.00,5,5,41.67,5,7,46.88,15,17,51.06,24,23,58.33,14,10,53.85,7,6,52.94,9,8,EDM,34,32,52.56,56.93,78,59,53.66,110,95,59.49,185,126,50.92,306,295,54.21,116,98,49.28,34,35,49.18,60,62,EDM,34,32,55.93,58.49,31,22,56.41,44,34,60.00,78,52,57.61,140,103,45.26,43,52,56.25,18,14,58.33,35,25,EDM,34,32,51.42,65.67,44,23,64.76,68,37,53.01,88,78,57.18,195,146,42.20,46,63,16.00,8,42,35.29,24,44,2018,Regular,From
FLA,34,31,43.59,37.50,3,5,47.37,9,10,57.14,20,15,40.74,22,32,30.77,8,18,45.45,5,6,40.00,4,6,FLA,34,31,49.78,51.19,43,41,57.39,66,49,60.09,277,184,50.07,351,350,38.10,88,143,40.70,35,51,33.33,16,32,FLA,34,31,49.51,69.57,16,7,57.14,28,21,53.41,94,82,48.84,126,132,44.21,42,53,40.91,18,26,50.00,6,6,FLA,34,31,44.78,63.16,24,14,51.06,24,23,53.17,109,96,43.26,138,181,36.84,35,60,40.00,18,27,23.53,4,13,2018,Regular,From
L.A,34,44,56.34,83.33,5,1,58.33,7,5,57.14,16,12,48.21,27,29,57.69,15,11,66.67,8,4,80.00,4,1,L.A,34,44,49.09,44.00,33,42,50.51,50,49,54.17,169,143,52.06,341,314,45.69,106,126,36.15,47,83,40.91,27,39,L.A,34,44,49.03,62.50,20,12,41.18,14,20,52.45,75,68,53.23,173,152,38.82,33,52,38.18,21,34,35.29,12,22,L.A,34,44,50.56,48.48,16,17,42.22,19,26,62.84,93,55,52.52,177,160,49.18,60,62,25.37,17,50,36.11,13,23,2018,Regular,From
MIN,34,39,50.43,60.00,3,2,66.67,6,3,43.33,13,17,54.00,27,23,51.85,14,13,58.33,7,5,27.27,3,8,MIN,34,39,47.89,39.13,18,28,66.09,76,39,54.58,149,124,45.66,300,357,45.55,133,159,35.71,30,54,45.61,26,31,MIN,34,39,46.59,46.67,7,8,63.64,28,16,58.20,71,51,43.58,112,145,38.26,44,71,42.22,19,26,33.33,10,20,MIN,34,39,43.46,47.62,10,11,58.33,28,20,52.86,74,66,44.48,137,171,34.52,58,110,23.08,12,40,30.00,9,21,2018,Regular,From
MTL,34,34,45.06,31.25,5,11,15.38,2,11,45.45,10,12,45.83,22,26,55.56,15,12,41.67,5,7,88.89,8,1,MTL,34,34,51.24,58.33,91,65,56.39,75,58,50.80,158,153,53.52,342,297,48.59,86,91,42.35,72,98,47.69,31,34,MTL,34,34,49.32,57.14,36,27,68.97,40,18,45.16,42,51,49.36,116,119,47.31,44,49,42.86,30,40,33.33,9,18,MTL,34,34,51.02,53.62,37,32,67.35,66,32,59.75,95,64,52.29,183,167,33.33,42,84,51.72,45,42,25.58,11,32,2018,Regular,From
N.J,34,45,50.20,57.14,4,3,46.67,7,8,48.28,14,15,55.93,33,26,37.93,11,18,54.55,6,5,60.00,3,2,N.J,34,45,47.34,45.71,32,38,54.63,59,49,51.22,147,140,47.84,277,302,45.27,158,191,33.07,42,85,50.00,31,31,N.J,34,45,47.11,62.07,18,11,53.19,25,22,50.48,53,52,45.02,113,138,48.03,73,79,32.08,17,36,40.00,10,15,N.J,34,45,45.87,71.43,30,12,45.16,28,34,56.80,71,54,43.14,129,170,41.18,70,100,30.51,18,41,42.11,8,11,2018,Regular,From
NSH,34,46,53.09,25.00,1,3,62.50,5,3,50.00,11,11,63.89,23,13,56.25,18,14,52.63,10,9,35.29,6,11,NSH,34,46,49.83,49.33,37,38,52.63,20,18,63.07,111,65,52.04,281,259,42.44,160,217,40.59,69,101,39.78,74,112,NSH,34,46,52.76,70.27,26,11,56.00,14,11,53.42,39,34,57.02,134,101,42.38,64,87,44.93,31,38,42.67,32,43,NSH,34,46,51.07,62.96,17,10,65.52,19,10,59.43,63,43,47.06,112,126,43.01,83,110,40.66,37,54,43.62,41,53,2018,Regular,From
NYI,34,39,51.74,54.55,6,5,64.29,9,5,50.00,18,18,47.17,25,28,55.17,16,13,66.67,10,5,40.00,6,9,NYI,34,39,49.19,54.40,68,57,49.61,64,65,56.91,206,156,50.95,242,233,37.89,86,141,47.06,56,63,43.41,56,73,NYI,34,39,48.01,45.45,30,36,59.15,42,29,50.00,71,71,48.31,86,92,44.05,37,47,45.61,26,31,44.83,26,32,NYI,34,39,50.16,56.25,45,35,63.64,42,24,56.68,106,81,49.42,127,130,41.18,49,70,46.38,32,37,38.60,22,35,2018,Regular,From
NYR,34,41,53.95,66.67,4,2,66.67,12,6,54.55,18,15,44.07,26,33,62.07,18,11,57.14,8,6,50.00,2,2,NYR,34,41,46.87,57.50,23,17,55.70,83,66,49.45,179,183,47.08,298,335,37.86,106,174,49.62,66,67,46.00,23,27,NYR,34,41,46.03,56.00,14,11,57.50,46,34,54.92,67,55,39.57,93,142,36.36,44,77,53.03,35,31,47.62,10,11,NYR,34,41,46.02,52.63,10,9,61.84,47,29,55.90,90,71,44.98,139,170,34.67,52,98,42.31,33,45,14.29,4,24,2018,Regular,From
OTT,34,30,43.80,57.14,4,3,33.33,4,8,46.67,14,16,46.15,24,28,43.33,13,17,35.71,5,9,42.86,3,4,OTT,34,30,49.34,55.00,55,45,46.08,47,55,57.78,156,114,49.28,309,318,49.25,131,135,27.91,24,62,46.38,32,37,OTT,34,30,49.09,52.78,19,17,59.65,34,23,49.21,62,64,49.48,143,146,50.43,58,57,48.48,16,17,19.23,5,21,OTT,34,30,45.25,66.67,30,15,60.00,54,36,63.64,91,52,42.57,146,197,32.54,55,114,25.58,11,32,25.58,11,32,2018,Regular,From
PHI,34,37,52.74,83.33,5,1,33.33,4,8,47.62,10,11,56.60,30,23,50.00,13,13,55.56,5,4,55.56,5,4,PHI,34,37,49.20,51.52,34,32,56.03,79,62,57.55,141,104,49.30,316,325,44.16,121,153,41.30,57,81,37.68,26,43,PHI,34,37,47.41,63.33,19,11,51.67,31,29,51.19,43,41,48.74,135,142,41.18,42,60,38.18,21,34,35.14,13,24,PHI,34,37,49.26,72.73,32,12,65.28,47,25,56.45,70,54,50.29,171,169,39.22,60,93,31.37,16,35,18.18,6,27,2018,Regular,From
PIT,34,37,42.47,7.14,1,13,57.14,8,6,51.61,16,15,42.22,19,26,45.83,11,13,27.27,3,8,66.67,4,2,PIT,34,37,53.96,55.81,72,57,60.83,73,47,53.89,173,148,57.83,373,272,48.83,104,109,47.17,50,56,45.37,49,59,PIT,34,37,51.77,64.00,32,18,56.36,31,24,55.97,75,59,51.72,135,126,43.37,36,47,52.08,25,23,40.63,13,19,PIT,34,37,48.08,45.31,29,35,58.93,33,23,58.33,91,65,48.62,158,167,44.44,44,55,26.47,18,50,45.24,19,23,2018,Regular,From
S.J,34,42,47.80,100.00,2,0,50.00,8,8,42.31,11,15,46.94,23,26,40.91,9,13,60.00,6,4,66.67,2,1,S.J,34,42,52.69,56.52,39,30,67.03,61,30,53.94,226,193,56.01,289,227,45.53,112,134,42.28,52,71,51.32,39,37,S.J,34,42,55.61,61.29,19,12,57.14,32,24,58.01,105,76,58.51,141,100,53.91,62,53,53.45,31,27,25.93,7,20,S.J,34,42,51.92,63.89,23,13,64.94,50,27,61.60,146,91,49.21,155,160,46.84,74,84,34.52,29,55,42.31,11,15,2018,Regular,From
STL,34,46,56.78,71.43,5,2,30.00,3,7,55.00,11,9,56.10,23,18,65.52,19,10,68.42,13,6,47.06,8,9,STL,34,46,53.38,53.75,43,37,61.45,51,32,56.81,146,111,53.71,282,243,51.83,170,158,41.98,68,94,48.61,70,74,STL,34,46,55.97,78.26,18,5,58.06,18,13,59.06,75,52,57.98,109,79,48.15,65,70,43.42,33,43,61.76,21,13,STL,34,46,50.43,65.52,19,10,51.28,20,19,56.49,74,57,47.52,144,159,47.24,77,86,40.00,34,51,43.33,26,34,2018,Regular,From
T.B,34,52,59.39,80.00,4,1,62.50,5,3,68.42,13,6,53.85,21,18,61.11,22,14,60.00,15,10,56.25,9,7,T.B,34,52,50.76,50.00,35,35,62.50,35,21,58.58,99,70,53.98,312,266,43.50,154,200,37.28,85,143,45.14,79,96,T.B,34,52,56.25,58.33,14,10,63.89,23,13,63.29,50,29,58.30,137,98,54.84,85,70,37.63,35,58,47.30,35,39,T.B,34,52,55.96,75.86,22,7,62.96,17,10,52.69,49,44,53.74,151,130,52.91,100,89,48.57,51,54,42.50,34,46,2018,Regular,From
TOR,34,41,53.49,85.71,6,1,47.37,9,10,34.78,8,15,61.36,27,17,56.25,18,14,55.00,11,9,46.67,7,8,TOR,34,41,46.78,64.91,37,20,65.33,130,69,51.72,120,112,41.04,245,352,42.21,122,167,41.67,70,98,42.53,37,50,TOR,34,41,50.77,56.52,13,10,61.00,61,39,57.89,66,48,51.74,149,139,36.97,44,75,45.45,30,36,43.24,16,21,TOR,34,41,55.42,48.28,14,15,68.37,67,31,63.71,79,45,54.94,178,146,49.32,72,74,43.53,37,48,43.10,25,33,2018,Regular,From
VAN,34,34,44.73,30.00,3,7,28.57,4,10,54.55,12,10,47.92,23,25,42.86,9,12,60.00,6,4,25.00,1,3,VAN,34,34,47.48,51.38,56,53,52.69,88,79,59.45,129,88,45.73,241,286,39.53,102,156,43.03,71,94,45.95,34,40,VAN,34,34,45.52,48.84,21,22,47.89,34,37,49.43,43,44,49.14,114,118,43.01,40,53,34.92,22,41,30.00,12,28,VAN,34,34,50.32,57.14,28,21,63.10,53,31,64.46,78,43,49.58,117,119,44.55,49,61,33.33,28,56,22.58,7,24,2018,Regular,From
VGK,34,48,54.40,50.00,4,4,30.00,3,7,65.38,17,9,64.00,32,18,55.26,21,17,42.11,8,11,36.36,4,7,VGK,34,48,51.42,51.85,28,26,67.09,53,26,55.61,124,99,51.59,340,319,47.80,152,166,46.83,59,67,38.46,55,88,VGK,34,48,53.28,50.00,9,9,67.44,29,14,60.38,64,42,50.38,134,132,48.46,63,67,56.25,27,21,42.42,28,38,VGK,34,48,50.45,47.83,11,12,71.19,42,17,53.91,69,59,50.94,163,157,40.86,76,110,40.48,34,50,39.08,34,53,2018,Regular,From
WPG,34,43,52.02,30.77,4,9,44.44,4,5,42.86,9,12,55.00,22,18,58.33,14,10,61.90,13,8,64.29,9,5,WPG,34,43,51.05,54.97,83,68,58.33,42,30,51.79,101,94,53.51,244,212,41.25,106,151,46.26,99,115,48.77,79,83,WPG,34,43,51.33,66.15,43,22,46.67,14,16,53.41,47,41,45.18,89,108,50.93,55,53,51.02,50,48,48.00,24,26,WPG,34,43,51.11,66.29,59,30,60.71,17,11,53.19,50,44,49.03,126,131,43.64,48,62,40.27,60,89,42.25,30,41,2018,Regular,From
WSH,34,43,54.31,60.00,6,4,50.00,7,7,52.17,12,11,56.52,26,20,65.38,17,9,47.06,8,9,41.67,5,7,WSH,34,43,46.60,59.81,64,43,60.00,60,40,55.68,152,121,42.97,220,292,45.95,136,160,33.07,42,85,28.57,26,65,WSH,34,43,46.36,52.94,27,24,48.84,21,22,53.85,63,54,45.00,108,132,38.36,56,90,46.91,38,43,41.03,16,23,WSH,34,43,52.42,76.47,39,12,58.33,35,25,60.51,95,62,50.41,123,121,44.32,82,103,39.29,33,51,43.24,16,21,2018,Regular,From
ANA,33,36,47.97,54.55,6,5,60.00,6,4,45.45,10,12,46.94,23,26,52.63,10,9,50.00,8,8,28.57,2,5,ANA,33,36,45.50,60.00,36,24,53.85,42,36,52.09,137,126,43.68,259,334,39.20,118,183,35.51,49,89,47.12,49,55,ANA,33,36,45.67,46.43,13,15,58.82,30,21,55.28,68,55,43.48,110,143,40.24,68,101,38.60,22,35,35.71,10,18,ANA,33,36,46.32,60.71,17,11,55.56,30,24,53.15,76,67,44.59,140,174,37.01,57,97,46.97,31,35,32.35,11,23,2018,Regular,From
ARI,33,19,38.19,58.33,7,5,52.63,10,9,34.21,13,25,33.96,18,35,26.32,5,14,33.33,2,4,66.67,2,1,ARI,33,19,46.37,54.48,73,61,50.74,103,100,47.02,142,160,48.10,304,328,43.15,104,137,38.46,25,40,58.33,7,5,ARI,33,19,45.90,58.93,33,23,45.45,40,48,53.66,66,57,46.86,149,169,38.74,43,68,43.33,13,17,18.18,2,9,ARI,33,19,47.75,57.97,40,29,55.14,59,48,50.29,88,87,49.18,150,155,44.29,62,78,43.75,14,18,37.50,6,10,2018,Regular,From
BOS,33,41,52.09,66.67,4,2,46.67,7,8,41.67,10,14,48.89,22,23,58.33,14,10,75.00,9,3,50.00,6,6,BOS,33,41,52.98,61.29,38,24,56.95,86,65,62.56,132,79,50.60,294,287,48.52,148,157,47.06,56,63,51.35,57,54,BOS,33,41,54.77,52.17,12,11,62.26,33,20,64.08,66,37,50.42,121,119,47.18,67,75,55.88,38,30,55.38,36,29,BOS,33,41,53.90,65.71,23,12,61.97,44,27,58.82,60,42,54.68,152,126,42.05,74,102,51.72,30,28,46.55,27,31,2018,Regular,From
BUF,33,23,39.77,52.94,9,8,29.41,5,12,40.74,11,16,42.00,21,29,41.18,7,10,20.00,1,4,20.00,1,4,BUF,33,23,48.52,57.14,84,63,60.63,77,50,52.88,165,147,46.77,282,321,45.29,125,151,45.45,20,24,23.81,5,16,BUF,33,23,43.82,57.75,41,30,39.22,20,31,49.22,63,65,43.19,92,121,44.55,45,56,27.78,5,13,18.18,2,9,BUF,33,23,46.09,56.10,46,36,56.14,32,25,61.54,96,60,45.19,122,148,32.76,38,78,27.27,9,24,35.71,5,9,2018,Regular,From
CAR,33,35,47.73,46.15,6,7,46.15,6,7,50.00,14,14,50.00,27,27,46.67,14,16,36.36,4,7,100.00,1,0,CAR,33,35,54.27,58.56,65,46,61.49,91,57,64.94,163,88,54.52,374,312,49.29,139,143,41.13,51,73,34.04,16,31,CAR,33,35,51.60,61.22,30,19,46.15,30,35,64.04,73,41,54.40,173,145,40.35,46,68,41.18,21,30,36.84,7,12,CAR,33,35,57.38,77.36,41,12,79.03,49,13,65.60,82,43,56.14,215,168,46.72,64,73,41.27,26,37,39.29,11,17,2018,Regular,From
CBJ,33,41,54.51,57.14,4,3,53.85,7,6,51.85,14,13,56.36,31,24,51.72,15,14,58.33,7,5,57.14,4,3,CBJ,33,41,54.20,58.93,33,23,66.48,119,60,59.93,160,107,53.46,332,289,47.96,176,191,46.53,47,54,48.84,42,44,CBJ,33,41,53.07,63.64,14,8,64.81,35,19,56.90,66,50,50.22,116,115,52.07,63,58,41.07,23,33,51.35,19,18,CBJ,33,41,50.11,64.71,11,6,59.76,49,33,50.68,74,72,55.02,159,130,41.28,71,101,31.58,18,39,40.00,18,27,2018,Regular,From
CGY,33,35,48.23,50.00,5,5,50.00,5,5,48.15,13,14,52.08,25,23,33.33,9,18,81.82,9,2,0.00,0,3,CGY,33,35,51.93,63.86,53,30,51.26,61,58,50.20,126,125,51.61,417,391,58.25,113,81,46.07,41,48,47.06,24,27,CGY,33,35,52.42,58.82,30,21,56.00,28,22,54.37,56,47,52.58,204,184,51.69,46,43,43.18,19,25,54.55,12,10,CGY,33,35,52.72,75.56,34,11,63.22,55,32,56.93,78,59,51.42,199,188,51.61,48,45,43.90,18,23,23.81,5,16,2018,Regular,From
CHI,33,39,55.05,53.85,7,6,37.50,3,5,52.38,11,10,48.89,22,23,65.00,13,7,66.67,10,5,66.67,12,6,CHI,33,39,51.28,60.98,50,32,67.19,86,42,50.61,125,122,49.56,340,346,47.37,90,100,47.13,74,83,47.56,78,86,CHI,33,39,49.93,74.42,32,11,56.86,29,22,56.96,45,34,50.60,126,123,37.50,24,40,34.00,17,33,38.81,26,41,CHI,33,39,57.88,74.42,32,11,63.38,45,26,57.04,81,61,57.86,195,142,59.05,62,43,45.71,32,38,47.37,45,50,2018,Regular,From
COL,33,34,47.34,50.00,9,9,46.67,7,8,41.67,10,14,47.92,23,25,46.15,12,14,70.00,7,3,41.67,5,7,COL,33,34,47.04,58.76,57,40,63.44,59,34,50.67,114,111,45.16,261,317,46.90,121,137,32.99,32,65,32.91,26,53,COL,33,34,44.21,44.90,22,27,50.00,21,21,47.52,48,53,44.74,102,126,46.51,40,46,39.53,17,26,27.78,10,26,COL,33,34,50.68,49.18,30,31,75.00,33,11,52.74,77,69,53.65,169,146,52.31,68,62,19.44,7,29,26.09,12,34,2018,Regular,From
DAL,33,37,51.21,57.14,4,3,28.57,4,10,50.00,12,12,54.35,25,21,56.67,17,13,53.85,7,6,50.00,5,5,DAL,33,37,52.64,67.96,70,33,62.40,78,47,55.28,110,89,52.98,320,284,44.33,125,157,39.58,19,29,48.67,55,58,DAL,33,37,53.30,61.54,16,10,58.00,29,21,48.81,41,43,53.00,106,94,52.29,57,52,59.26,16,11,46.03,29,34,DAL,33,37,54.27,59.52,25,17,67.53,52,25,58.10,61,44,52.47,170,154,51.82,71,66,22.86,8,27,54.17,39,33,2018,Regular,From
DET,33,33,42.81,35.71,5,9,25.00,4,12,48.15,13,14,46.51,20,23,41.38,12,17,55.56,5,4,50.00,2,2,DET,33,33,48.96,53.92,55,47,59.09,78,54,49.59,120,122,49.06,312,324,42.56,103,139,52.07,63,58,40.00,30,45,DET,33,33,52.90,62.22,28,17,50.82,31,30,53.26,49,43,56.71,131,100,49.52,52,53,46.67,21,24,38.89,14,22,DET,33,33,47.40,73.08,38,14,62.71,37,22,53.85,56,48,47.47,122,135,34.45,41,78,36.73,18,31,21.88,7,25,2018,Regular,From
EDM,33,30,49.79,50.00,5,5,41.67,5,7,45.16,14,17,50.00,23,23,52.38,11,10,63.64,7,4,52.94,9,8,EDM,33,30,52.43,56.93,78,59,53.66,110,95,59.15,181,125,51.09,306,293,53.51,99,86,49.28,34,35,49.18,60,62,EDM,33,30,56.53,58.49,31,22,56.41,44,34,60.80,76,49,57.68,139,102,46.91,38,43,60.00,18,12,58.33,35,25,EDM,33,30,51.65,65.67,44,23,64.76,68,37,52.44,86,78,56.85,191,145,44.44,40,50,17.78,8,37,35.29,24,44,2018,Regular,From
FLA,33,29,43.09,37.50,3,5,44.44,8,10,57.58,19,14,40.38,21,31,30.77,8,18,45.45,5,6,40.00,4,6,FLA,33,29,49.99,51.19,43,41,56.76,63,48,60.31,269,177,50.29,344,340,38.36,84,135,40.70,35,51,33.33,16,32,FLA,33,29,49.53,69.57,16,7,57.14,28,21,54.09,86,73,48.61,122,129,43.68,38,49,40.91,18,26,50.00,6,6,FLA,33,29,44.77,63.16,24,14,46.51,20,23,53.61,104,90,43.45,136,177,36.96,34,58,40.00,18,27,23.53,4,13,2018,Regular,From
L.A,33,43,57.02,83.33,5,1,58.33,7,5,55.56,15,12,49.06,26,27,57.69,15,11,72.73,8,3,80.00,4,1,L.A,33,43,49.07,44.00,33,42,50.51,50,49,53.72,166,143,51.79,332,309,46.67,98,112,36.43,47,82,40.91,27,39,L.A,33,43,48.69,62.50,20,12,41.18,14,20,51.77,73,68,52.72,165,148,38.16,29,47,39.62,21,32,35.29,12,22,L.A,33,43,50.78,48.48,16,17,42.22,19,26,62.59,92,55,53.09,172,152,50.00,56,56,25.37,17,50,36.11,13,23,2018,Regular,From
MIN,33,37,49.37,60.00,3,2,62.50,5,3,40.74,11,16,54.17,26,22,50.00,13,13,58.33,7,5,27.27,3,8,MIN,33,37,47.85,39.13,18,28,63.81,67,38,55.04,142,116,45.51,294,352,45.33,131,158,37.66,29,48,46.43,26,30,MIN,33,37,47.21,46.67,7,8,66.67,28,14,59.13,68,47,43.87,111,142,38.94,44,69,43.90,18,23,33.33,10,20,MIN,33,37,43.45,47.62,10,11,57.45,27,20,51.94,67,62,44.63,137,170,34.94,58,108,22.73,10,34,30.00,9,21,2018,Regular,From
MTL,33,32,44.17,31.25,5,11,15.38,2,11,45.45,10,12,43.48,20,26,54.55,12,10,45.45,5,6,88.89,8,1,MTL,33,32,51.48,58.33,91,65,56.39,75,58,50.65,155,151,54.16,332,281,47.34,80,89,43.67,69,89,47.69,31,34,MTL,33,32,49.71,57.14,36,27,68.97,40,18,44.57,41,51,50.00,115,115,49.43,43,44,43.08,28,37,33.33,9,18,MTL,33,32,51.42,53.62,37,32,67.35,66,32,59.87,94,63,53.39,181,158,32.17,37,78,52.38,44,40,25.58,11,32,2018,Regular,From
N.J,33,43,50.95,57.14,4,3,46.67,7,8,48.28,14,15,57.14,32,24,39.29,11,17,54.55,6,5,60.00,3,2,N.J,33,43,46.90,45.71,32,38,54.63,59,49,48.41,122,130,47.48,264,292,45.64,157,187,33.07,42,85,50.00,31,31,N.J,33,43,47.18,62.07,18,11,53.19,25,22,48.96,47,49,45.87,111,131,48.03,73,79,32.08,17,36,40.00,10,15,N.J,33,43,45.49,71.43,30,12,45.16,28,34,56.25,63,49,42.47,124,168,41.18,70,100,30.51,18,41,42.11,8,11,2018,Regular,From
NSH,33,46,53.62,0.00,0,2,62.50,5,3,52.38,11,10,63.89,23,13,56.25,18,14,52.63,10,9,35.29,6,11,NSH,33,46,49.88,41.18,14,20,52.63,20,18,63.07,111,65,52.04,281,259,42.44,160,217,40.59,69,101,39.78,74,112,NSH,33,46,52.44,68.75,11,5,56.00,14,11,54.17,39,33,57.02,134,101,42.38,64,87,44.93,31,38,42.67,32,43,NSH,33,46,51.15,66.67,8,4,65.52,19,10,59.43,63,43,47.06,112,126,43.01,83,110,40.66,37,54,43.62,41,53,2018,Regular,From
NYI,33,39,53.02,54.55,6,5,69.23,9,4,51.43,18,17,47.06,24,27,59.26,16,11,66.67,10,5,40.00,6,9,NYI,33,39,48.74,54.40,68,57,49.21,62,64,57.75,205,150,48.87,217,227,37.50,84,140,47.06,56,63,43.41,56,73,NYI,33,39,49.07,45.45,30,36,60.87,42,27,51.08,71,68,50.30,84,83,45.57,36,43,45.61,26,31,44.83,26,32,NYI,33,39,50.73,56.25,45,35,63.64,42,24,57.38,105,78,50.64,119,116,41.53,49,69,46.38,32,37,38.60,22,35,2018,Regular,From
NYR,33,39,53.25,66.67,4,2,66.67,12,6,54.55,18,15,43.10,25,33,60.71,17,11,50.00,6,6,66.67,2,1,NYR,33,39,47.00,57.50,23,17,55.70,83,66,49.45,179,183,47.45,289,320,37.86,106,174,52.21,59,54,43.33,13,17,NYR,33,39,45.43,56.00,14,11,57.50,46,34,54.92,67,55,39.22,91,141,36.36,44,77,51.56,33,31,44.44,4,5,NYR,33,39,46.19,52.63,10,9,61.84,47,29,55.90,90,71,44.08,134,170,34.67,52,98,44.59,33,41,17.65,3,14,2018,Regular,From
OTT,33,30,44.16,57.14,4,3,33.33,4,8,46.67,14,16,47.06,24,27,43.33,13,17,35.71,5,9,42.86,3,4,OTT,33,30,49.25,55.00,55,45,46.08,47,55,56.58,129,99,49.59,301,306,49.25,131,135,27.91,24,62,46.38,32,37,OTT,33,30,49.56,52.78,19,17,59.65,34,23,49.57,57,58,50.36,140,138,50.43,58,57,48.48,16,17,19.23,5,21,OTT,33,30,45.28,66.67,30,15,60.00,54,36,63.64,84,48,42.90,142,189,32.54,55,114,25.58,11,32,25.58,11,32,2018,Regular,From
PHI,33,35,52.13,83.33,5,1,33.33,4,8,45.00,9,11,56.00,28,22,50.00,13,13,55.56,5,4,55.56,5,4,PHI,33,35,49.06,51.52,34,32,56.03,79,62,57.32,137,102,48.93,297,310,44.15,117,148,41.30,57,81,37.68,26,43,PHI,33,35,47.14,63.33,19,11,51.67,31,29,51.22,42,40,48.51,130,138,40.40,40,59,38.18,21,34,35.14,13,24,PHI,33,35,48.35,72.73,32,12,65.28,47,25,55.74,68,54,49.37,157,161,36.69,51,88,31.37,16,35,18.18,6,27,2018,Regular,From
PIT,33,35,41.94,7.14,1,13,57.14,8,6,51.61,16,15,40.91,18,26,42.86,9,12,30.00,3,7,66.67,4,2,PIT,33,35,53.79,55.81,72,57,60.83,73,47,53.89,173,148,57.03,349,263,50.00,103,103,47.17,50,56,45.37,49,59,PIT,33,35,50.60,64.00,32,18,56.36,31,24,55.97,75,59,48.10,114,123,44.87,35,43,52.08,25,23,40.63,13,19,PIT,33,35,47.84,45.31,29,35,58.93,33,23,58.33,91,65,47.73,147,161,45.74,43,51,26.47,18,50,45.24,19,23,2018,Regular,From
S.J,33,40,47.46,100.00,2,0,50.00,8,8,42.31,11,15,45.83,22,26,40.91,9,13,60.00,6,4,66.67,2,1,S.J,33,40,52.70,56.52,39,30,67.03,61,30,53.94,226,193,55.82,278,220,45.22,104,126,42.98,49,65,51.32,39,37,S.J,33,40,55.57,61.29,19,12,57.14,32,24,58.01,105,76,57.45,135,100,55.24,58,47,56.86,29,22,25.93,7,20,S.J,33,40,52.10,63.89,23,13,64.94,50,27,61.60,146,91,48.67,146,154,47.30,70,78,36.84,28,48,42.31,11,15,2018,Regular,From
STL,33,44,56.81,71.43,5,2,30.00,3,7,55.00,11,9,56.10,23,18,65.52,19,10,68.42,13,6,47.06,8,9,STL,33,44,53.96,53.75,43,37,61.45,51,32,56.81,146,111,54.13,282,239,53.71,152,131,43.04,68,90,48.61,70,74,STL,33,44,56.48,78.26,18,5,58.06,18,13,59.06,75,52,57.84,107,78,50.86,59,57,43.42,33,43,61.76,21,13,STL,33,44,50.08,65.52,19,10,51.28,20,19,56.49,74,57,47.80,141,154,44.97,67,82,40.00,34,51,43.33,26,34,2018,Regular,From
T.B,33,50,59.38,80.00,4,1,62.50,5,3,62.50,10,6,56.76,21,16,61.11,22,14,60.00,15,10,56.25,9,7,T.B,33,50,50.57,50.00,35,35,62.50,35,21,56.76,84,64,53.96,300,256,43.50,154,200,37.28,85,143,45.14,79,96,T.B,33,50,55.46,58.33,14,10,63.89,23,13,60.00,42,28,57.40,128,95,54.84,85,70,37.63,35,58,47.30,35,39,T.B,33,50,55.19,75.86,22,7,62.96,17,10,50.00,42,42,51.87,139,129,52.91,100,89,48.57,51,54,42.50,34,46,2018,Regular,From
TOR,33,41,53.57,85.71,6,1,47.37,9,10,34.78,8,15,60.47,26,17,58.06,18,13,55.00,11,9,46.67,7,8,TOR,33,41,46.71,64.91,37,20,65.26,124,66,53.21,116,102,40.88,242,350,40.96,111,160,41.67,70,98,42.53,37,50,TOR,33,41,50.90,56.52,13,10,60.42,58,38,59.05,62,43,51.92,149,138,36.70,40,69,45.45,30,36,43.24,16,21,TOR,33,41,55.04,48.28,14,15,67.02,63,31,63.87,76,43,54.94,178,146,47.83,66,72,43.53,37,48,43.10,25,33,2018,Regular,From
VAN,33,34,46.62,37.50,3,5,30.77,4,9,57.14,12,9,48.94,23,24,42.86,9,12,60.00,6,4,25.00,1,3,VAN,33,34,47.81,54.55,54,45,53.46,85,74,59.05,124,86,45.87,239,282,39.53,102,156,43.03,71,94,45.95,34,40,VAN,33,34,45.40,47.22,17,19,47.76,32,35,48.15,39,42,49.56,113,115,43.01,40,53,34.92,22,41,30.00,12,28,VAN,33,34,50.48,56.41,22,17,64.94,50,27,63.72,72,41,50.00,115,115,44.55,49,61,33.33,28,56,22.58,7,24,2018,Regular,From
VGK,33,46,53.64,50.00,4,4,30.00,3,7,65.38,17,9,63.27,31,18,54.05,20,17,38.89,7,11,36.36,4,7,VGK,33,46,51.43,51.85,28,26,67.09,53,26,55.61,124,99,51.37,337,319,47.27,147,164,45.69,53,63,40.17,47,70,VGK,33,46,53.24,50.00,9,9,67.44,29,14,60.38,64,42,50.19,133,132,48.46,63,67,60.00,27,18,40.38,21,31,VGK,33,46,50.67,47.83,11,12,71.19,42,17,53.91,69,59,50.78,162,157,41.08,76,109,41.25,33,47,42.19,27,37,2018,Regular,From
WPG,33,41,51.04,30.77,4,9,44.44,4,5,42.86,9,12,53.85,21,18,58.33,14,10,60.00,12,8,61.54,8,5,WPG,33,41,50.37,54.97,83,68,58.33,42,30,51.79,101,94,52.98,231,205,39.27,97,150,45.27,91,110,48.34,73,78,WPG,33,41,50.63,66.15,43,22,46.67,14,16,53.41,47,41,44.32,82,103,49.52,52,53,50.00,47,47,47.92,23,25,WPG,33,41,50.47,66.29,59,30,60.71,17,11,53.19,50,44,48.97,119,124,40.59,41,60,39.86,57,86,41.18,28,40,2018,Regular,From
WSH,33,41,53.74,60.00,6,4,46.15,6,7,50.00,11,11,56.82,25,19,65.38,17,9,47.06,8,9,41.67,5,7,WSH,33,41,46.78,59.81,64,43,61.18,52,33,56.44,149,115,42.77,207,277,45.95,136,160,33.07,42,85,28.57,26,65,WSH,33,41,46.01,52.94,27,24,52.78,19,17,51.40,55,52,44.64,100,124,38.36,56,90,46.91,38,43,41.03,16,23,WSH,33,41,52.32,76.47,39,12,60.78,31,20,58.90,86,60,50.22,113,112,44.32,82,103,39.29,33,51,43.24,16,21,2018,Regular,From
ANA,32,35,48.41,54.55,6,5,60.00,6,4,45.45,10,12,46.81,22,25,55.56,10,8,53.33,8,7,28.57,2,5,ANA,32,35,45.10,60.00,36,24,53.85,42,36,52.09,137,126,43.19,244,321,38.36,112,180,34.15,42,81,47.12,49,55,ANA,32,35,45.54,46.43,13,15,58.82,30,21,55.28,68,55,43.04,102,135,41.51,66,93,34.00,17,33,35.71,10,18,ANA,32,35,46.32,60.71,17,11,55.56,30,24,53.15,76,67,44.41,131,164,38.46,55,88,45.61,26,31,32.35,11,23,2018,Regular,From
ARI,32,19,38.30,58.33,7,5,52.63,10,9,33.33,12,24,35.29,18,33,26.32,5,14,33.33,2,4,66.67,2,1,ARI,32,19,46.38,54.48,73,61,50.50,102,100,47.06,136,153,48.20,281,302,43.15,104,137,38.46,25,40,58.33,7,5,ARI,32,19,46.08,58.93,33,23,45.98,40,47,53.78,64,55,47.18,142,159,38.74,43,68,43.33,13,17,18.18,2,9,ARI,32,19,47.55,57.97,40,29,54.72,58,48,50.00,85,85,48.97,142,148,44.29,62,78,43.75,14,18,37.50,6,10,2018,Regular,From
BOS,32,39,51.82,66.67,4,2,46.67,7,8,41.67,10,14,47.73,21,23,60.87,14,9,75.00,9,3,50.00,6,6,BOS,32,39,53.38,61.29,38,24,56.95,86,65,62.56,132,79,51.43,270,255,48.52,148,157,47.06,56,63,51.35,57,54,BOS,32,39,54.52,52.17,12,11,62.26,33,20,64.08,66,37,49.32,109,112,47.18,67,75,55.88,38,30,55.38,36,29,BOS,32,39,53.83,65.71,23,12,61.97,44,27,58.82,60,42,54.55,138,115,42.05,74,102,51.72,30,28,46.55,27,31,2018,Regular,From
BUF,32,22,39.15,52.94,9,8,25.00,4,12,37.50,9,15,43.48,20,26,43.75,7,9,20.00,1,4,20.00,1,4,BUF,32,22,48.20,57.14,84,63,60.32,76,50,52.43,162,147,45.90,252,297,45.62,125,149,45.45,20,24,23.81,5,16,BUF,32,22,43.94,57.75,41,30,39.22,20,31,48.00,60,65,44.27,85,107,44.55,45,56,27.78,5,13,18.18,2,9,BUF,32,22,45.66,56.10,46,36,55.36,31,25,61.54,96,60,44.19,114,144,32.76,38,78,27.27,9,24,35.71,5,9,2018,Regular,From
CAR,32,35,48.41,60.00,6,4,45.45,5,6,50.00,14,14,50.00,27,27,46.67,14,16,36.36,4,7,100.00,1,0,CAR,32,35,54.45,61.11,44,28,62.04,85,52,64.94,163,88,54.45,373,312,49.29,139,143,41.13,51,73,34.04,16,31,CAR,32,35,51.79,60.00,18,12,49.18,30,31,64.04,73,41,54.29,171,144,40.35,46,68,41.18,21,30,36.84,7,12,CAR,32,35,57.20,77.42,24,7,79.66,47,12,65.60,82,43,56.17,214,167,46.72,64,73,41.27,26,37,39.29,11,17,2018,Regular,From
CBJ,32,41,54.63,57.14,4,3,53.85,7,6,50.00,13,13,58.49,31,22,51.72,15,14,58.33,7,5,57.14,4,3,CBJ,32,41,54.16,58.93,33,23,66.48,119,60,59.75,144,97,53.34,319,279,47.96,176,191,46.53,47,54,48.84,42,44,CBJ,32,41,53.10,63.64,14,8,64.81,35,19,55.24,58,47,50.91,112,108,52.07,63,58,41.07,23,33,51.35,19,18,CBJ,32,41,49.80,64.71,11,6,59.76,49,33,48.91,67,70,55.00,154,126,41.28,71,101,31.58,18,39,40.00,18,27,2018,Regular,From
CGY,32,35,48.65,50.00,5,5,50.00,5,5,50.00,13,13,53.19,25,22,33.33,9,18,81.82,9,2,0.00,0,3,CGY,32,35,52.05,63.86,53,30,49.04,51,53,50.61,125,122,51.79,405,377,58.25,113,81,46.07,41,48,47.06,24,27,CGY,32,35,52.32,58.82,30,21,54.76,23,19,53.47,54,47,52.67,197,177,51.69,46,43,43.18,19,25,54.55,12,10,CGY,32,35,52.74,75.56,34,11,62.16,46,28,57.78,78,57,51.31,196,186,51.61,48,45,43.90,18,23,23.81,5,16,2018,Regular,From
CHI,32,37,54.21,53.85,7,6,37.50,3,5,52.38,11,10,47.73,21,23,63.16,12,7,64.29,9,5,70.59,12,5,CHI,32,37,51.06,60.98,50,32,67.19,86,42,50.61,125,122,49.70,334,338,45.93,79,93,47.18,67,75,46.58,75,86,CHI,32,37,50.02,74.42,32,11,56.86,29,22,56.96,45,34,50.20,124,123,38.18,21,34,33.33,16,32,39.39,26,40,CHI,32,37,57.50,74.42,32,11,63.38,45,26,57.04,81,61,57.66,192,141,60.22,56,37,43.08,28,37,46.67,42,48,2018,Regular,From
COL,32,32,46.68,50.00,9,9,46.67,7,8,41.67,10,14,46.81,22,25,43.48,10,13,77.78,7,2,41.67,5,7,COL,32,32,46.80,58.76,57,40,63.44,59,34,50.67,114,111,45.41,252,303,44.93,102,125,33.68,32,63,32.91,26,53,COL,32,32,43.79,44.90,22,27,50.00,21,21,47.52,48,53,44.64,100,124,46.15,36,42,35.90,14,25,27.78,10,26,COL,32,32,50.31,49.18,30,31,75.00,33,11,52.74,77,69,54.07,166,141,49.12,56,58,20.00,6,24,26.09,12,34,2018,Regular,From
DAL,32,37,51.96,57.14,4,3,30.77,4,9,50.00,11,11,56.82,25,19,56.67,17,13,53.85,7,6,50.00,5,5,DAL,32,37,52.43,67.96,70,33,61.16,74,47,55.68,103,82,52.54,310,280,44.33,125,157,39.58,19,29,48.67,55,58,DAL,32,37,52.79,61.54,16,10,56.25,27,21,48.05,37,40,52.06,101,93,52.29,57,52,59.26,16,11,46.03,29,34,DAL,32,37,54.25,59.52,25,17,65.75,48,25,59.79,58,39,52.19,167,153,51.82,71,66,22.86,8,27,54.17,39,33,2018,Regular,From
DET,32,31,40.76,35.71,5,9,25.00,4,12,44.00,11,14,46.34,19,22,39.29,11,17,50.00,4,4,50.00,2,2,DET,32,31,49.44,53.92,55,47,59.09,78,54,49.79,119,120,50.58,306,299,41.28,97,138,52.54,62,56,40.00,30,45,DET,32,31,51.72,62.22,28,17,50.82,31,30,51.72,45,42,55.45,122,98,48.04,49,53,44.19,19,24,38.89,14,22,DET,32,31,46.55,73.08,38,14,62.71,37,22,53.40,55,48,45.96,108,127,33.04,38,77,36.73,18,31,21.88,7,25,2018,Regular,From
EDM,32,28,49.55,50.00,5,5,41.67,5,7,45.16,14,17,48.89,22,23,52.63,10,9,70.00,7,3,52.94,9,8,EDM,32,28,52.67,56.93,78,59,53.66,110,95,59.15,181,125,51.04,294,282,54.91,95,78,52.31,34,31,49.18,60,62,EDM,32,28,56.57,58.49,31,22,56.41,44,34,60.80,76,49,57.33,133,99,48.05,37,40,61.54,16,10,58.33,35,25,EDM,32,28,51.54,65.67,44,23,64.76,68,37,52.44,86,78,57.06,186,140,41.86,36,50,19.05,8,34,35.29,24,44,2018,Regular,From
FLA,32,29,43.84,37.50,3,5,47.06,8,9,59.38,19,13,41.18,21,30,29.17,7,17,50.00,5,5,40.00,4,6,FLA,32,29,50.39,51.19,43,41,57.27,63,47,60.91,268,172,50.76,334,324,38.28,80,129,40.70,35,51,33.33,16,32,FLA,32,29,50.03,69.57,16,7,56.25,27,21,54.43,86,72,49.14,114,118,45.12,37,45,40.91,18,26,50.00,6,6,FLA,32,29,44.70,62.16,23,14,46.51,20,23,53.16,101,89,43.19,130,171,39.02,32,50,40.00,18,27,23.53,4,13,2018,Regular,From
L.A,32,43,57.32,83.33,5,1,58.33,7,5,54.17,13,11,50.98,26,25,57.69,15,11,72.73,8,3,80.00,4,1,L.A,32,43,48.66,44.00,33,42,51.02,50,48,53.36,151,132,50.96,317,305,46.67,98,112,36.43,47,82,40.91,27,39,L.A,32,43,48.37,62.50,20,12,41.18,14,20,50.37,68,67,52.65,159,143,38.16,29,47,39.62,21,32,35.29,12,22,L.A,32,43,50.11,48.48,16,17,42.22,19,26,62.20,79,48,52.12,160,147,50.00,56,56,25.37,17,50,36.11,13,23,2018,Regular,From
MIN,32,37,49.78,50.00,2,2,71.43,5,2,42.31,11,15,55.32,26,21,50.00,13,13,58.33,7,5,27.27,3,8,MIN,32,37,48.08,41.86,18,25,65.56,59,31,56.25,135,105,45.25,286,346,45.33,131,158,37.66,29,48,46.43,26,30,MIN,32,37,47.07,42.86,6,8,67.50,27,13,58.49,62,44,44.22,111,140,38.94,44,69,43.90,18,23,33.33,10,20,MIN,32,37,43.91,50.00,8,8,61.90,26,16,52.14,61,56,44.88,136,167,34.94,58,108,22.73,10,34,30.00,9,21,2018,Regular,From
MTL,32,32,44.82,31.25,5,11,16.67,2,10,47.62,10,11,44.44,20,25,54.55,12,10,45.45,5,6,88.89,8,1,MTL,32,32,51.61,58.06,90,65,55.04,71,58,51.19,151,144,54.64,318,264,47.34,80,89,43.67,69,89,47.69,31,34,MTL,32,32,50.01,57.14,36,27,68.42,39,18,45.45,40,48,50.45,111,109,49.43,43,44,43.08,28,37,33.33,9,18,MTL,32,32,51.30,53.62,37,32,67.01,65,32,59.03,85,59,53.73,173,149,32.17,37,78,52.38,44,40,25.58,11,32,2018,Regular,From
N.J,32,41,50.29,57.14,4,3,42.86,6,8,50.00,13,13,57.41,31,23,37.04,10,17,54.55,6,5,60.00,3,2,N.J,32,41,46.70,45.71,32,38,54.44,49,41,48.13,116,125,47.05,255,287,45.61,156,186,33.07,42,85,50.00,31,31,N.J,32,41,47.07,62.07,18,11,55.26,21,17,50.00,47,47,45.15,107,130,47.65,71,78,32.08,17,36,40.00,10,15,N.J,32,41,46.27,71.43,30,12,47.17,25,28,57.27,63,47,43.16,123,162,41.42,70,99,30.51,18,41,42.11,8,11,2018,Regular,From
NSH,32,46,54.24,0.00,0,2,62.50,5,3,50.00,9,9,66.67,22,11,60.00,18,12,52.63,10,9,35.29,6,11,NSH,32,46,49.84,41.18,14,20,52.63,20,18,64.20,104,58,51.67,263,246,42.74,159,213,40.59,69,101,39.78,74,112,NSH,32,46,52.45,68.75,11,5,56.00,14,11,53.03,35,31,57.40,128,95,42.67,64,86,44.93,31,38,42.67,32,43,NSH,32,46,50.97,66.67,8,4,65.52,19,10,58.33,56,40,46.49,106,122,43.39,82,107,40.66,37,54,43.62,41,53,2018,Regular,From
NYI,32,37,52.49,54.55,6,5,66.67,8,4,51.43,18,17,45.83,22,26,61.54,16,10,66.67,10,5,40.00,6,9,NYI,32,37,48.78,54.40,68,57,48.80,61,64,57.36,191,142,49.30,212,218,38.01,84,137,47.06,56,63,43.41,56,73,NYI,32,37,49.38,45.45,30,36,59.70,40,27,50.77,66,64,51.61,80,75,46.75,36,41,45.61,26,31,44.83,26,32,NYI,32,37,50.55,56.25,45,35,63.64,42,24,57.23,99,74,50.00,111,111,41.88,49,68,46.38,32,37,38.60,22,35,2018,Regular,From
NYR,32,37,53.02,66.67,4,2,66.67,12,6,54.55,18,15,42.11,24,33,60.71,17,11,54.55,6,5,66.67,2,1,NYR,32,37,47.03,57.50,23,17,55.70,83,66,49.45,179,183,47.68,278,305,38.10,104,169,52.00,52,48,43.33,13,17,NYR,32,37,45.52,56.00,14,11,57.50,46,34,54.92,67,55,39.46,88,135,37.27,41,69,49.15,29,30,44.44,4,5,NYR,32,37,46.43,52.63,10,9,61.84,47,29,55.90,90,71,44.41,131,164,35.62,52,94,44.29,31,39,17.65,3,14,2018,Regular,From
OTT,32,29,44.01,57.14,4,3,33.33,4,8,46.67,14,16,44.90,22,27,48.15,13,14,35.71,5,9,42.86,3,4,OTT,32,29,49.55,55.00,55,45,46.08,47,55,56.58,129,99,49.74,291,294,51.02,125,120,27.91,24,62,46.38,32,37,OTT,32,29,50.49,52.78,19,17,59.65,34,23,49.57,57,58,51.50,137,129,53.77,57,49,48.48,16,17,19.23,5,21,OTT,32,29,46.04,66.67,30,15,60.00,54,36,63.64,84,48,44.34,141,177,33.13,53,107,25.58,11,32,25.58,11,32,2018,Regular,From
PHI,32,35,53.39,83.33,5,1,36.36,4,7,50.00,9,9,57.14,28,21,50.00,13,13,55.56,5,4,55.56,5,4,PHI,32,35,49.02,50.77,33,32,56.82,75,57,57.08,121,91,48.92,295,308,44.15,117,148,41.30,57,81,37.68,26,43,PHI,32,35,47.01,63.33,19,11,49.09,27,28,52.17,36,33,48.50,129,137,40.40,40,59,38.18,21,34,35.14,13,24,PHI,32,35,48.92,72.09,31,12,64.79,46,25,60.36,67,44,49.37,157,161,36.69,51,88,31.37,16,35,18.18,6,27,2018,Regular,From
PIT,32,35,41.86,7.14,1,13,57.14,8,6,50.00,15,15,42.86,18,24,42.86,9,12,30.00,3,7,66.67,4,2,PIT,32,35,53.87,55.81,72,57,60.83,73,47,54.25,166,140,57.05,336,253,50.00,103,103,47.17,50,56,45.37,49,59,PIT,32,35,51.12,64.00,32,18,56.36,31,24,56.69,72,55,48.87,108,113,44.87,35,43,52.08,25,23,40.63,13,19,PIT,32,35,47.60,45.31,29,35,58.93,33,23,58.74,84,59,47.06,136,153,45.74,43,51,26.47,18,50,45.24,19,23,2018,Regular,From
S.J,32,38,47.91,100.00,2,0,50.00,8,8,42.31,11,15,44.44,20,25,45.00,9,11,66.67,6,3,66.67,2,1,S.J,32,38,52.88,56.52,39,30,67.03,61,30,53.77,221,190,56.06,259,203,46.40,103,119,42.98,49,65,51.32,39,37,S.J,32,38,55.53,61.29,19,12,57.14,32,24,58.29,102,73,56.36,124,96,57.00,57,43,56.86,29,22,25.93,7,20,S.J,32,38,51.76,63.89,23,13,64.94,50,27,61.21,142,90,47.92,138,150,47.55,68,75,36.84,28,48,42.31,11,15,2018,Regular,From
STL,32,44,57.36,66.67,4,2,33.33,3,6,57.89,11,8,57.50,23,17,65.52,19,10,68.42,13,6,47.06,8,9,STL,32,44,53.79,53.95,41,35,58.97,46,32,57.03,142,107,53.78,270,232,53.71,152,131,43.04,68,90,48.61,70,74,STL,32,44,56.95,78.26,18,5,66.67,18,9,59.02,72,50,57.87,103,75,50.86,59,57,43.42,33,43,61.76,21,13,STL,32,44,50.25,62.96,17,10,47.06,16,18,56.15,73,57,48.91,134,140,44.97,67,82,40.00,34,51,43.33,26,34,2018,Regular,From
T.B,32,50,58.68,80.00,4,1,62.50,5,3,60.00,9,6,56.76,21,16,61.11,22,14,60.00,15,10,56.25,9,7,T.B,32,50,50.54,50.00,35,35,62.50,35,21,55.15,75,61,54.33,295,248,43.07,143,189,37.61,82,136,45.14,79,96,T.B,32,50,55.90,58.33,14,10,63.89,23,13,60.87,42,27,58.06,126,91,55.78,82,65,37.08,33,56,47.30,35,39,T.B,32,50,55.19,75.86,22,7,62.96,17,10,51.25,41,39,51.55,133,125,51.67,93,87,51.06,48,46,42.50,34,46,2018,Regular,From
TOR,32,41,53.90,85.71,6,1,47.37,9,10,36.36,8,14,61.90,26,16,58.06,18,13,55.00,11,9,46.67,7,8,TOR,32,41,46.71,64.91,37,20,65.00,117,63,53.16,101,89,41.13,241,345,40.96,111,160,41.67,70,98,42.53,37,50,TOR,32,41,50.41,56.52,13,10,61.11,55,35,58.24,53,38,51.06,144,138,36.70,40,69,45.45,30,36,43.24,16,21,TOR,32,41,54.83,48.28,14,15,66.67,60,30,63.81,67,38,54.57,173,144,47.83,66,72,43.53,37,48,43.10,25,33,2018,Regular,From
VAN,32,32,46.25,37.50,3,5,30.77,4,9,57.14,12,9,46.67,21,24,45.00,9,11,66.67,6,3,25.00,1,3,VAN,32,32,47.36,54.55,54,45,53.46,85,74,59.05,124,86,45.69,233,277,35.94,78,139,43.40,69,90,45.95,34,40,VAN,32,32,45.26,47.22,17,19,47.76,32,35,48.15,39,42,49.78,111,112,41.98,34,47,34.92,22,41,30.00,12,28,VAN,32,32,50.87,56.41,22,17,64.94,50,27,63.72,72,41,50.00,114,114,46.46,46,53,34.18,27,52,22.58,7,24,2018,Regular,From
VGK,32,44,53.64,50.00,4,4,30.00,3,7,65.38,17,9,63.27,31,18,55.56,20,16,38.89,7,11,36.36,4,7,VGK,32,44,51.54,51.85,28,26,66.67,46,23,56.22,113,88,51.17,329,314,48.16,144,155,45.69,53,63,40.17,47,70,VGK,32,44,53.01,50.00,9,9,69.23,27,12,60.20,59,39,49.81,129,130,48.06,62,67,60.00,27,18,40.38,21,31,VGK,32,44,50.89,47.83,11,12,70.83,34,14,56.30,67,52,51.13,158,151,40.33,73,108,41.25,33,47,42.19,27,37,2018,Regular,From
WPG,32,41,50.70,30.77,4,9,44.44,4,5,42.86,9,12,53.85,21,18,58.33,14,10,60.00,12,8,61.54,8,5,WPG,32,41,49.95,54.97,83,68,55.88,38,30,49.33,74,76,52.55,227,205,39.27,97,150,45.27,91,110,48.34,73,78,WPG,32,41,50.33,66.15,43,22,46.67,14,16,49.28,34,35,44.51,81,101,49.52,52,53,50.00,47,47,47.92,23,25,WPG,32,41,50.90,66.29,59,30,60.71,17,11,57.50,46,34,48.51,114,121,40.59,41,60,39.86,57,86,41.18,28,40,2018,Regular,From
WSH,32,39,52.84,60.00,6,4,46.15,6,7,50.00,11,11,55.81,24,19,64.00,16,9,43.75,7,9,45.45,5,6,WSH,32,39,47.15,59.81,64,43,61.18,52,33,56.44,149,115,42.76,198,265,47.16,133,149,33.33,41,82,29.21,26,63,WSH,32,39,46.33,52.94,27,24,52.78,19,17,51.40,55,52,44.13,94,119,40.60,54,79,46.84,37,42,40.54,15,22,WSH,32,39,52.30,76.47,39,12,60.78,31,20,58.90,86,60,50.00,109,109,45.45,80,96,38.27,31,50,41.18,14,20,2018,Regular,From
ANA,31,33,47.48,54.55,6,5,60.00,6,4,45.45,10,12,45.65,21,25,52.94,9,8,50.00,7,7,33.33,2,4,ANA,31,33,45.25,60.00,36,24,53.85,42,36,52.09,137,126,43.41,237,309,38.03,108,176,35.59,42,76,47.00,47,53,ANA,31,33,45.23,46.43,13,15,58.82,30,21,55.28,68,55,43.04,99,131,41.56,64,90,28.26,13,33,35.71,10,18,ANA,31,33,45.89,60.71,17,11,55.56,30,24,53.15,76,67,42.70,117,157,38.73,55,87,48.08,25,27,34.38,11,21,2018,Regular,From
ARI,31,19,38.37,58.33,7,5,52.63,10,9,33.33,12,24,36.00,18,32,26.32,5,14,33.33,2,4,66.67,2,1,ARI,31,19,46.44,54.48,73,61,50.50,102,100,46.81,110,125,48.11,280,302,43.15,104,137,38.46,25,40,58.33,7,5,ARI,31,19,45.90,58.93,33,23,45.98,40,47,52.78,57,51,47.18,142,159,38.74,43,68,43.33,13,17,18.18,2,9,ARI,31,19,47.96,57.97,40,29,54.72,58,48,51.72,75,70,48.97,142,148,44.29,62,78,43.75,14,18,37.50,6,10,2018,Regular,From
BOS,31,37,50.67,66.67,4,2,46.67,7,8,41.67,10,14,46.51,20,23,59.09,13,9,72.73,8,3,50.00,6,6,BOS,31,37,53.60,61.29,38,24,56.95,86,65,62.56,132,79,51.84,254,236,48.42,138,147,47.86,56,61,51.35,57,54,BOS,31,37,54.49,52.17,12,11,62.26,33,20,64.08,66,37,48.31,100,107,48.09,63,68,55.22,37,30,55.38,36,29,BOS,31,37,53.60,65.71,23,12,61.97,44,27,58.82,60,42,54.39,130,109,41.72,68,95,50.91,28,27,46.55,27,31,2018,Regular,From
BUF,31,22,39.06,52.94,9,8,25.00,4,12,37.50,9,15,43.18,19,25,46.67,7,8,20.00,1,4,20.00,1,4,BUF,31,22,48.25,57.14,84,63,60.32,76,50,52.72,155,139,45.75,242,287,45.79,125,148,45.45,20,24,23.81,5,16,BUF,31,22,44.39,57.75,41,30,39.22,20,31,47.06,56,63,46.33,82,95,44.44,44,55,27.78,5,13,18.18,2,9,BUF,31,22,44.86,56.10,46,36,55.36,31,25,61.27,87,55,43.50,107,139,30.97,35,78,27.27,9,24,35.71,5,9,2018,Regular,From
CAR,31,33,47.90,60.00,6,4,45.45,5,6,50.00,14,14,48.08,25,27,48.28,14,15,36.36,4,7,100.00,1,0,CAR,31,33,54.80,61.11,44,28,62.04,85,52,64.94,163,88,54.83,363,299,50.39,129,127,41.13,51,73,34.04,16,31,CAR,31,33,51.95,60.00,18,12,49.18,30,31,64.04,73,41,53.95,164,140,41.75,43,60,41.18,21,30,36.84,7,12,CAR,31,33,57.59,77.42,24,7,79.66,47,12,65.60,82,43,56.45,210,162,48.44,62,66,41.27,26,37,39.29,11,17,2018,Regular,From
CBJ,31,39,54.13,57.14,4,3,53.85,7,6,50.00,13,13,56.86,29,22,48.00,12,13,63.64,7,4,66.67,4,2,CBJ,31,39,53.89,58.93,33,23,66.48,119,60,59.75,144,97,53.54,318,276,48.16,170,183,40.24,33,49,47.50,38,42,CBJ,31,39,53.53,63.64,14,8,64.81,35,19,55.24,58,47,51.38,112,106,52.29,57,52,44.44,20,25,50.00,17,17,CBJ,31,39,49.67,64.71,11,6,59.76,49,33,48.91,67,70,55.04,153,125,40.91,63,91,30.43,14,32,39.53,17,26,2018,Regular,From
CGY,31,35,48.46,50.00,5,5,50.00,5,5,48.00,12,13,53.33,24,21,34.62,9,17,81.82,9,2,0.00,0,3,CGY,31,35,51.88,63.86,53,30,49.04,51,53,49.56,113,115,51.77,394,367,58.15,107,77,46.07,41,48,47.06,24,27,CGY,31,35,52.30,58.82,30,21,54.76,23,19,52.13,49,45,52.66,188,169,52.87,46,41,43.18,19,25,54.55,12,10,CGY,31,35,52.75,75.56,34,11,62.16,46,28,57.26,71,53,51.21,191,182,53.49,46,40,43.90,18,23,23.81,5,16,2018,Regular,From
CHI,31,35,52.34,53.85,7,6,37.50,3,5,52.38,11,10,46.51,20,23,61.11,11,7,61.54,8,5,66.67,10,5,CHI,31,35,51.06,60.98,50,32,67.19,86,42,50.61,125,122,49.70,334,338,46.20,79,92,46.43,65,75,47.90,57,62,CHI,31,35,50.41,74.42,32,11,56.86,29,22,56.96,45,34,50.20,124,123,37.04,20,34,34.78,16,30,43.18,19,25,CHI,31,35,57.38,74.42,32,11,63.38,45,26,57.04,81,61,57.66,192,141,57.95,51,37,43.55,27,35,50.75,34,33,2018,Regular,From
COL,31,32,47.40,50.00,7,7,46.15,6,7,45.45,10,12,47.83,22,24,43.48,10,13,77.78,7,2,41.67,5,7,COL,31,32,46.57,57.47,50,37,64.04,57,32,49.07,106,110,45.73,241,286,44.93,102,125,33.68,32,63,32.91,26,53,COL,31,32,44.00,42.55,20,27,51.22,21,20,48.98,48,50,44.70,97,120,46.15,36,42,35.90,14,25,27.78,10,26,COL,31,32,49.99,48.33,29,31,77.50,31,9,53.28,73,64,53.18,159,140,49.12,56,58,20.00,6,24,26.09,12,34,2018,Regular,From
DAL,31,35,50.51,57.14,4,3,30.77,4,9,50.00,11,11,55.81,24,19,55.17,16,13,50.00,6,6,42.86,3,4,DAL,31,35,52.72,67.96,70,33,61.16,74,47,55.68,103,82,52.49,306,277,45.15,121,147,38.64,17,27,51.69,46,43,DAL,31,35,52.85,61.54,16,10,56.25,27,21,48.05,37,40,51.56,99,93,53.33,56,49,60.00,15,10,47.17,25,28,DAL,31,35,53.93,59.52,25,17,65.75,48,25,59.79,58,39,52.20,166,152,51.11,69,66,22.86,8,27,54.84,34,28,2018,Regular,From
DET,31,29,40.43,35.71,5,9,25.00,4,12,41.67,10,14,47.50,19,21,39.29,11,17,50.00,4,4,50.00,2,2,DET,31,29,49.44,53.92,55,47,59.09,78,54,50.68,112,109,50.67,304,296,39.37,87,134,54.13,59,50,40.00,30,45,DET,31,29,51.61,62.22,28,17,50.82,31,30,50.65,39,38,55.25,121,98,47.31,44,49,46.15,18,21,38.89,14,22,DET,31,29,47.05,73.08,38,14,62.71,37,22,55.79,53,42,45.96,108,127,32.73,36,74,40.00,18,27,21.88,7,25,2018,Regular,From
EDM,31,28,50.04,50.00,5,5,45.45,5,6,45.16,14,17,50.00,22,22,52.63,10,9,70.00,7,3,52.94,9,8,EDM,31,28,52.41,57.89,66,48,53.77,107,92,58.80,177,124,50.18,281,279,54.91,95,78,52.31,34,31,49.18,60,62,EDM,31,28,57.05,59.09,26,18,57.53,42,31,60.66,74,48,57.78,130,95,48.05,37,40,61.54,16,10,58.33,35,25,EDM,31,28,51.16,64.81,35,19,65.35,66,35,51.59,81,76,56.96,176,133,41.86,36,50,19.05,8,34,35.29,24,44,2018,Regular,From
FLA,31,29,44.29,37.50,3,5,47.06,8,9,59.38,19,13,42.86,21,28,29.17,7,17,50.00,5,5,40.00,4,6,FLA,31,29,50.07,51.19,43,41,57.27,63,47,60.57,255,166,50.40,315,310,38.28,80,129,40.70,35,51,33.33,16,32,FLA,31,29,50.19,69.57,16,7,56.25,27,21,54.55,84,70,49.33,110,113,45.12,37,45,40.91,18,26,50.00,6,6,FLA,31,29,44.64,62.16,23,14,46.51,20,23,51.96,93,86,43.97,124,158,39.02,32,50,40.00,18,27,23.53,4,13,2018,Regular,From
L.A,31,43,58.26,100.00,4,0,63.64,7,4,54.17,13,11,52.00,26,24,57.69,15,11,72.73,8,3,80.00,4,1,L.A,31,43,48.96,45.90,28,33,52.33,45,41,53.55,151,131,50.89,313,302,46.67,98,112,36.43,47,82,40.91,27,39,L.A,31,43,48.63,62.96,17,10,37.04,10,17,50.37,68,67,53.36,159,139,38.16,29,47,39.62,21,32,35.29,12,22,L.A,31,43,50.44,48.00,12,13,41.46,17,24,62.20,79,48,52.63,160,144,50.00,56,56,25.37,17,50,36.11,13,23,2018,Regular,From
MIN,31,37,49.62,50.00,2,2,66.67,4,2,41.67,10,14,56.52,26,20,50.00,13,13,58.33,7,5,27.27,3,8,MIN,31,37,47.85,41.86,18,25,63.95,55,31,55.70,127,101,45.16,275,334,45.33,131,158,37.66,29,48,46.43,26,30,MIN,31,37,47.17,42.86,6,8,69.44,25,11,57.84,59,43,44.63,108,134,38.94,44,69,43.90,18,23,33.33,10,20,MIN,31,37,43.87,50.00,8,8,58.97,23,16,53.98,61,52,44.71,131,162,34.94,58,108,22.73,10,34,30.00,9,21,2018,Regular,From
MTL,31,30,44.13,31.25,5,11,16.67,2,10,45.00,9,11,44.19,19,24,54.55,12,10,45.45,5,6,88.89,8,1,MTL,31,30,51.33,58.06,90,65,55.04,71,58,51.07,143,137,54.07,292,248,47.34,80,89,43.67,69,89,47.69,31,34,MTL,31,30,50.15,57.14,36,27,68.42,39,18,45.24,38,46,50.74,103,100,49.43,43,44,43.08,28,37,33.33,9,18,MTL,31,30,50.71,53.62,37,32,67.01,65,32,58.70,81,57,52.72,155,139,32.17,37,78,52.38,44,40,25.58,11,32,2018,Regular,From
N.J,31,39,49.16,57.14,4,3,42.86,6,8,50.00,13,13,55.77,29,23,36.00,9,16,50.00,5,5,60.00,3,2,N.J,31,39,46.90,45.71,32,38,54.44,49,41,48.13,116,125,47.54,251,277,45.43,149,179,34.15,42,81,50.00,31,31,N.J,31,39,47.52,62.07,18,11,55.26,21,17,50.00,47,47,45.89,106,125,47.89,68,74,33.33,17,34,40.00,10,15,N.J,31,39,46.25,71.43,30,12,47.17,25,28,57.27,63,47,43.42,122,159,40.37,65,96,32.73,18,37,42.11,8,11,2018,Regular,From
NSH,31,44,53.48,0.00,0,2,62.50,5,3,50.00,9,9,65.63,21,11,58.62,17,12,52.63,10,9,35.29,6,11,NSH,31,44,49.77,41.18,14,20,52.63,20,18,64.20,104,58,51.55,249,234,42.39,156,212,41.29,64,91,39.78,74,112,NSH,31,44,52.78,68.75,11,5,56.00,14,11,53.03,35,31,57.89,121,88,43.24,64,84,45.90,28,33,42.67,32,43,NSH,31,44,50.93,66.67,8,4,65.52,19,10,58.33,56,40,46.64,104,119,42.78,80,107,42.31,33,45,43.62,41,53,2018,Regular,From
NYI,31,37,53.10,50.00,5,5,63.64,7,4,54.84,17,14,47.83,22,24,61.54,16,10,66.67,10,5,40.00,6,9,NYI,31,37,49.14,55.46,66,53,52.83,56,50,57.37,183,136,49.06,209,217,38.01,84,137,47.06,56,63,43.41,56,73,NYI,31,37,49.11,46.03,29,34,57.14,32,24,50.85,60,58,50.98,78,75,46.75,36,41,45.61,26,31,44.83,26,32,NYI,31,37,50.50,56.41,44,34,63.64,35,20,57.42,89,66,50.00,110,110,41.88,49,68,46.38,32,37,38.60,22,35,2018,Regular,From
NYR,31,35,52.70,66.67,4,2,66.67,12,6,54.55,18,15,40.00,22,33,64.00,16,9,54.55,6,5,66.67,2,1,NYR,31,35,47.33,57.50,23,17,55.70,83,66,49.45,179,183,48.58,274,290,37.65,93,154,51.52,51,48,43.33,13,17,NYR,31,35,45.81,56.00,14,11,57.50,46,34,54.92,67,55,39.15,83,129,38.46,40,64,49.15,29,30,44.44,4,5,NYR,31,35,46.86,52.63,10,9,61.84,47,29,55.90,90,71,45.32,126,152,35.71,45,81,44.29,31,39,17.65,3,14,2018,Regular,From
OTT,31,29,44.72,57.14,4,3,33.33,4,8,48.28,14,15,44.68,21,26,50.00,12,12,38.46,5,8,42.86,3,4,OTT,31,29,49.58,54.55,54,45,43.16,41,54,56.89,128,97,49.83,286,288,50.87,117,113,30.26,23,53,46.38,32,37,OTT,31,29,49.79,52.78,19,17,58.49,31,22,48.67,55,58,51.15,134,128,53.54,53,46,45.16,14,17,19.23,5,21,OTT,31,29,45.70,66.67,30,15,58.54,48,34,63.08,82,48,44.16,140,177,32.89,49,100,26.19,11,31,25.58,11,32,2018,Regular,From
PHI,31,33,53.71,83.33,5,1,36.36,4,7,50.00,9,9,58.33,28,20,50.00,13,13,55.56,5,4,55.56,5,4,PHI,31,33,49.19,50.77,33,32,56.82,75,57,57.56,118,87,49.21,280,289,44.15,117,148,41.30,57,81,37.68,26,43,PHI,31,33,47.13,63.33,19,11,49.09,27,28,50.77,33,32,49.20,123,127,40.40,40,59,38.18,21,34,35.14,13,24,PHI,31,33,48.57,72.09,31,12,64.79,46,25,62.38,63,38,48.16,144,155,36.69,51,88,31.37,16,35,18.18,6,27,2018,Regular,From
PIT,31,35,41.81,7.14,1,13,53.85,7,6,51.72,15,14,43.90,18,23,42.86,9,12,30.00,3,7,66.67,4,2,PIT,31,35,53.42,55.81,72,57,61.34,73,46,53.87,160,137,56.15,306,239,50.00,103,103,47.17,50,56,45.37,49,59,PIT,31,35,51.00,64.00,32,18,56.60,30,23,57.02,69,52,48.04,98,106,44.87,35,43,52.08,25,23,40.63,13,19,PIT,31,35,47.26,45.31,29,35,58.93,33,23,57.55,80,59,47.08,129,145,45.74,43,51,26.47,18,50,45.24,19,23,2018,Regular,From
S.J,31,38,48.92,100.00,2,0,42.86,6,8,47.83,11,12,45.45,20,24,47.37,9,10,66.67,6,3,66.67,2,1,S.J,31,38,53.24,56.52,39,30,67.03,61,30,54.71,209,173,55.87,257,203,47.00,102,115,42.98,49,65,51.32,39,37,S.J,31,38,55.30,61.29,19,12,55.56,30,24,57.76,93,68,56.42,123,95,56.84,54,41,56.86,29,22,25.93,7,20,S.J,31,38,51.54,63.89,23,13,62.50,45,27,60.56,129,84,48.41,137,146,48.23,68,73,36.84,28,48,42.31,11,15,2018,Regular,From
STL,31,44,58.51,66.67,4,2,37.50,3,5,61.11,11,7,58.97,23,16,65.52,19,10,68.42,13,6,47.06,8,9,STL,31,44,53.58,53.95,41,35,54.41,37,31,57.08,125,94,53.66,264,228,53.71,152,131,43.04,68,90,48.61,70,74,STL,31,44,57.23,78.26,18,5,64.00,16,9,60.95,64,41,57.80,100,73,50.86,59,57,43.42,33,43,61.76,21,13,STL,31,44,50.76,62.96,17,10,45.16,14,17,58.62,68,48,49.44,132,135,44.97,67,82,40.00,34,51,43.33,26,34,2018,Regular,From
T.B,31,48,58.24,80.00,4,1,62.50,5,3,60.00,9,6,55.56,20,16,58.82,20,14,60.87,14,9,58.33,7,5,T.B,31,48,50.62,50.00,35,35,62.50,35,21,55.15,75,61,53.98,278,237,43.96,142,181,37.38,80,134,46.06,76,89,T.B,31,48,55.73,58.33,14,10,63.89,23,13,60.87,42,27,58.10,122,88,54.86,79,65,36.36,32,56,48.61,35,37,T.B,31,48,55.50,75.86,22,7,62.96,17,10,51.25,41,39,52.80,132,118,51.46,88,83,51.11,46,44,43.04,34,45,2018,Regular,From
TOR,31,41,54.96,85.71,6,1,47.37,9,10,35.00,7,13,65.00,26,14,60.00,18,12,55.00,11,9,46.67,7,8,TOR,31,41,47.03,64.91,37,20,65.36,117,62,53.44,101,88,41.21,225,321,41.31,107,152,41.67,70,98,42.53,37,50,TOR,31,41,50.16,56.52,13,10,61.11,55,35,57.78,52,38,50.57,134,131,36.45,39,68,45.45,30,36,43.24,16,21,TOR,31,41,54.90,48.28,14,15,66.67,60,30,63.81,67,38,54.67,164,136,48.48,64,68,43.53,37,48,43.10,25,33,2018,Regular,From
VAN,31,32,48.24,60.00,3,2,33.33,4,8,57.14,12,9,47.73,21,23,45.00,9,11,66.67,6,3,25.00,1,3,VAN,31,32,48.10,65.45,36,19,54.55,84,70,60.80,121,78,45.78,233,276,35.94,78,139,43.40,69,90,45.95,34,40,VAN,31,32,45.80,53.85,14,12,48.44,31,33,48.10,38,41,49.78,111,112,41.98,34,47,34.92,22,41,30.00,12,28,VAN,31,32,51.66,68.00,17,8,68.49,50,23,63.30,69,40,50.00,114,114,46.46,46,53,34.18,27,52,22.58,7,24,2018,Regular,From
VGK,31,42,52.37,50.00,4,4,22.22,2,7,66.67,16,8,62.50,30,18,54.29,19,16,35.29,6,11,36.36,4,7,VGK,31,42,51.15,51.85,28,26,66.67,46,23,56.02,107,84,50.73,313,304,47.44,139,154,45.22,52,63,40.17,47,70,VGK,31,42,52.68,50.00,9,9,69.23,27,12,59.14,55,38,49.17,118,122,47.66,61,67,61.36,27,17,40.38,21,31,VGK,31,42,50.70,47.83,11,12,70.83,34,14,54.13,59,50,51.18,152,145,40.68,72,105,41.25,33,47,42.86,27,36,2018,Regular,From
WPG,31,41,52.51,36.36,4,7,50.00,4,4,45.00,9,11,55.26,21,17,58.33,14,10,60.00,12,8,61.54,8,5,WPG,31,41,49.92,54.13,59,50,57.58,38,28,48.99,73,76,52.55,227,205,39.27,97,150,45.27,91,110,48.34,73,78,WPG,31,41,49.91,65.12,28,15,42.86,12,16,50.00,34,34,44.51,81,101,49.52,52,53,50.00,47,47,47.92,23,25,WPG,31,41,51.08,66.67,44,22,60.00,15,10,61.33,46,29,48.51,114,121,40.59,41,60,39.86,57,86,41.18,28,40,2018,Regular,From
WSH,31,37,51.84,60.00,6,4,46.15,6,7,50.00,11,11,53.66,22,19,65.22,15,8,35.71,5,9,50.00,5,5,WSH,31,37,46.95,59.81,64,43,61.18,52,33,56.44,149,115,42.57,192,259,46.62,124,142,33.04,37,75,28.74,25,62,WSH,31,37,45.76,52.94,27,24,52.78,19,17,51.40,55,52,43.48,90,117,40.48,51,75,45.07,32,39,38.89,14,22,WSH,31,37,52.56,76.47,39,12,60.78,31,20,58.90,86,60,51.46,106,100,43.64,72,93,40.85,29,42,42.42,14,19,2018,Regular,From
ANA,30,31,47.02,54.55,6,5,60.00,6,4,42.86,9,12,45.45,20,24,50.00,8,8,53.85,7,6,33.33,2,4,ANA,30,31,45.11,60.00,36,24,53.85,42,36,51.94,134,124,43.45,232,302,37.81,107,176,33.67,33,65,47.00,47,53,ANA,30,31,45.02,46.43,13,15,58.82,30,21,55.37,67,54,41.86,90,125,42.38,64,87,26.32,10,28,35.71,10,18,ANA,30,31,45.98,60.71,17,11,55.56,30,24,53.15,76,67,43.36,111,145,37.96,52,85,48.89,22,23,34.38,11,21,2018,Regular,From
ARI,30,19,39.38,70.00,7,3,52.63,10,9,32.35,11,23,37.50,18,30,26.32,5,14,33.33,2,4,66.67,2,1,ARI,30,19,46.62,56.41,66,51,50.25,100,99,46.43,104,120,48.42,276,294,43.15,104,137,38.46,25,40,58.33,7,5,ARI,30,19,45.99,61.22,30,19,46.51,40,46,53.61,52,45,46.92,137,155,38.74,43,68,43.33,13,17,18.18,2,9,ARI,30,19,47.92,57.81,37,27,54.72,58,48,51.82,71,66,48.43,139,148,44.29,62,78,43.75,14,18,37.50,6,10,2018,Regular,From
BOS,30,35,49.23,66.67,4,2,46.67,7,8,41.67,10,14,45.24,19,23,59.09,13,9,70.00,7,3,37.50,3,5,BOS,30,35,52.85,61.29,38,24,56.95,86,65,62.56,132,79,51.17,241,230,47.84,133,145,46.43,52,60,47.31,44,49,BOS,30,35,54.39,52.17,12,11,62.26,33,20,64.08,66,37,48.77,99,104,48.44,62,66,55.38,36,29,53.45,31,27,BOS,30,35,52.97,65.71,23,12,61.97,44,27,58.82,60,42,54.59,125,104,40.76,64,93,50.94,27,26,40.43,19,28,2018,Regular,From
BUF,30,20,38.69,52.94,9,8,25.00,4,12,37.50,9,15,41.86,18,25,42.86,6,8,25.00,1,3,25.00,1,3,BUF,30,20,48.07,57.14,84,63,60.32,76,50,52.72,155,139,45.81,235,278,45.79,125,148,29.03,9,22,33.33,3,6,BUF,30,20,44.20,57.75,41,30,39.22,20,31,47.06,56,63,45.24,76,92,44.44,44,55,29.41,5,12,25.00,1,3,BUF,30,20,45.13,56.10,46,36,55.36,31,25,61.27,87,55,43.91,101,129,30.97,35,78,25.00,6,18,50.00,2,2,2018,Regular,From
CAR,30,31,47.45,60.00,6,4,45.45,5,6,48.15,13,14,45.83,22,26,50.00,13,13,40.00,4,6,100.00,1,0,CAR,30,31,55.27,61.11,44,28,62.04,85,52,64.66,161,88,55.76,339,269,50.99,129,124,41.46,51,72,34.04,16,31,CAR,30,31,51.68,60.00,18,12,49.18,30,31,64.04,73,41,53.00,150,133,43.00,43,57,41.18,21,30,36.84,7,12,CAR,30,31,58.04,77.42,24,7,79.66,47,12,65.60,82,43,57.22,206,154,48.44,62,66,41.94,26,36,39.29,11,17,2018,Regular,From
CBJ,30,39,55.28,66.67,2,1,58.33,7,5,50.00,13,13,58.00,29,21,48.00,12,13,63.64,7,4,66.67,4,2,CBJ,30,39,54.17,61.11,22,14,68.02,117,55,60.62,137,89,53.40,314,274,48.16,170,183,40.24,33,49,47.50,38,42,CBJ,30,39,53.67,76.92,10,3,64.15,34,19,55.21,53,43,51.15,111,106,52.29,57,52,44.44,20,25,50.00,17,17,CBJ,30,39,49.56,50.00,6,6,58.44,45,32,49.60,62,63,55.04,153,125,40.91,63,91,30.43,14,32,39.53,17,26,2018,Regular,From
CGY,30,34,48.44,50.00,5,5,50.00,5,5,45.83,11,13,54.55,24,20,34.62,9,17,81.82,9,2,0.00,0,3,CGY,30,34,51.81,63.86,53,30,49.04,51,53,49.53,105,107,51.49,379,357,58.15,107,77,46.07,41,48,47.06,24,27,CGY,30,34,52.12,58.82,30,21,54.76,23,19,53.41,47,41,51.92,176,163,52.87,46,41,43.18,19,25,54.55,12,10,CGY,30,34,52.46,75.56,34,11,62.16,46,28,56.64,64,49,50.56,182,178,53.49,46,40,43.90,18,23,23.81,5,16,2018,Regular,From
CHI,30,33,52.07,53.85,7,6,37.50,3,5,50.00,10,10,45.00,18,22,64.71,11,6,61.54,8,5,66.67,10,5,CHI,30,33,51.36,60.98,50,32,67.19,86,42,50.42,121,119,49.61,319,324,49.04,77,80,46.43,65,75,47.90,57,62,CHI,30,33,50.38,74.42,32,11,56.86,29,22,56.58,43,33,49.79,119,120,38.78,19,30,34.78,16,30,43.18,19,25,CHI,30,33,57.27,74.42,32,11,63.38,45,26,57.35,78,58,57.23,178,133,58.02,47,34,43.55,27,35,50.75,34,33,2018,Regular,From
COL,30,30,46.62,50.00,7,7,46.15,6,7,45.45,10,12,45.45,20,24,43.48,10,13,77.78,7,2,41.67,5,7,COL,30,30,46.84,57.47,50,37,64.04,57,32,49.07,106,110,45.95,227,267,46.15,96,112,33.68,32,63,32.91,26,53,COL,30,30,43.67,42.55,20,27,51.22,21,20,48.98,48,50,44.23,92,116,45.95,34,40,35.90,14,25,27.78,10,26,COL,30,30,49.76,48.33,29,31,77.50,31,9,53.28,73,64,52.14,146,134,51.46,53,50,20.00,6,24,26.09,12,34,2018,Regular,From
DAL,30,33,50.54,57.14,4,3,30.77,4,9,50.00,11,11,54.76,23,19,57.14,16,12,50.00,6,6,42.86,3,4,DAL,30,33,52.04,67.96,70,33,61.16,74,47,55.68,103,82,51.73,284,265,42.92,103,137,38.64,17,27,51.69,46,43,DAL,30,33,52.22,61.54,16,10,56.25,27,21,48.05,37,40,50.56,91,89,52.69,49,44,60.00,15,10,47.17,25,28,DAL,30,33,52.99,59.52,25,17,65.75,48,25,59.79,58,39,51.01,151,145,48.36,59,63,22.86,8,27,54.84,34,28,2018,Regular,From
DET,30,28,41.31,35.71,5,9,25.00,4,12,41.67,10,14,48.72,19,20,42.31,11,15,50.00,4,4,50.00,2,2,DET,30,28,49.33,53.92,55,47,59.09,78,54,50.68,112,109,49.83,288,290,40.41,78,115,54.13,59,50,40.00,30,45,DET,30,28,51.70,62.22,28,17,50.82,31,30,50.65,39,38,54.93,117,96,49.43,43,44,46.15,18,21,38.89,14,22,DET,30,28,47.83,73.08,38,14,62.71,37,22,55.79,53,42,46.40,103,119,35.29,36,66,40.00,18,27,21.88,7,25,2018,Regular,From
EDM,30,26,49.41,50.00,5,5,45.45,5,6,45.16,14,17,48.84,21,22,52.63,10,9,66.67,6,3,53.85,7,6,EDM,30,26,52.29,57.89,66,48,53.77,107,92,58.80,177,124,50.36,279,275,55.06,87,71,50.00,29,29,50.00,51,51,EDM,30,26,57.16,59.09,26,18,57.53,42,31,60.66,74,48,58.04,130,94,48.53,33,35,64.00,16,9,58.82,30,21,EDM,30,26,51.34,64.81,35,19,65.35,66,35,51.59,81,76,56.96,176,133,39.19,29,45,18.92,7,30,38.10,24,39,2018,Regular,From
FLA,30,28,44.48,37.50,3,5,47.06,8,9,58.06,18,13,43.48,20,26,30.43,7,16,50.00,5,5,40.00,4,6,FLA,30,28,49.84,51.19,43,41,57.27,63,47,59.71,243,164,50.50,301,295,38.12,77,125,40.70,35,51,33.33,16,32,FLA,30,28,50.18,69.57,16,7,56.25,27,21,53.69,80,69,49.77,107,108,45.57,36,43,40.91,18,26,50.00,6,6,FLA,30,28,44.91,62.16,23,14,46.51,20,23,52.33,90,82,44.62,116,144,38.16,29,47,40.00,18,27,23.53,4,13,2018,Regular,From
L.A,30,41,57.81,100.00,4,0,63.64,7,4,54.17,13,11,50.00,24,24,58.33,14,10,72.73,8,3,80.00,4,1,L.A,30,41,49.32,45.90,28,33,52.33,45,41,53.55,151,131,51.61,305,286,48.02,97,105,34.51,39,74,40.91,27,39,L.A,30,41,48.74,62.96,17,10,37.04,10,17,50.37,68,67,53.85,154,132,39.73,29,44,35.56,16,29,35.29,12,22,L.A,30,41,50.87,48.00,12,13,41.46,17,24,62.20,79,48,53.47,154,134,50.00,55,55,25.42,15,44,36.11,13,23,2018,Regular,From
MIN,30,35,48.92,50.00,2,2,66.67,4,2,41.67,10,14,55.56,25,20,48.00,12,13,58.33,7,5,27.27,3,8,MIN,30,35,47.69,41.86,18,25,63.95,55,31,55.70,127,101,44.78,270,333,45.21,118,143,38.81,26,41,46.43,26,30,MIN,30,35,47.67,42.86,6,8,69.44,25,11,57.84,59,43,45.57,108,129,39.39,39,60,42.86,15,20,33.33,10,20,MIN,30,35,44.09,50.00,8,8,58.97,23,16,53.98,61,52,45.10,129,157,34.87,53,99,22.50,9,31,30.00,9,21,2018,Regular,From
MTL,30,30,45.10,28.57,4,10,18.18,2,9,47.37,9,10,45.24,19,23,54.55,12,10,45.45,5,6,88.89,8,1,MTL,30,30,51.87,63.41,78,45,55.00,66,54,51.27,141,134,54.09,291,247,47.34,80,89,43.67,69,89,47.69,31,34,MTL,30,30,50.82,66.67,32,16,70.59,36,15,45.24,38,46,50.25,101,100,49.43,43,44,43.08,28,37,33.33,9,18,MTL,30,30,50.40,50.98,26,25,64.77,57,31,59.12,81,56,52.25,151,138,32.17,37,78,52.38,44,40,25.58,11,32,2018,Regular,From
N.J,30,38,49.55,57.14,4,3,42.86,6,8,50.00,13,13,56.00,28,22,37.50,9,15,50.00,5,5,60.00,3,2,N.J,30,38,47.14,45.71,32,38,54.44,49,41,48.13,116,125,48.35,235,251,45.37,142,171,34.15,42,81,50.00,31,31,N.J,30,38,47.25,62.07,18,11,55.26,21,17,50.00,47,47,45.33,97,117,47.83,66,72,33.33,17,34,40.00,10,15,N.J,30,38,46.79,71.43,30,12,47.17,25,28,57.27,63,47,44.27,112,141,40.65,63,92,32.73,18,37,42.11,8,11,2018,Regular,From
NSH,30,42,52.84,0.00,0,2,62.50,5,3,50.00,9,9,64.52,20,11,58.62,17,12,50.00,9,9,35.29,6,11,NSH,30,42,50.15,41.18,14,20,52.63,20,18,64.20,104,58,52.68,246,221,42.70,155,208,40.94,61,88,38.65,63,100,NSH,30,42,52.61,68.75,11,5,56.00,14,11,53.03,35,31,57.92,117,85,43.45,63,82,44.64,25,31,42.42,28,38,NSH,30,42,51.35,66.67,8,4,65.52,19,10,58.33,56,40,47.09,97,109,43.33,78,102,41.89,31,43,45.68,37,44,2018,Regular,From
NYI,30,37,54.72,57.14,4,3,70.00,7,3,56.67,17,13,48.89,22,23,61.54,16,10,66.67,10,5,40.00,6,9,NYI,30,37,48.89,53.68,51,44,52.94,54,48,56.72,173,132,49.16,206,213,38.01,84,137,47.06,56,63,43.41,56,73,NYI,30,37,49.00,43.40,23,30,57.41,31,23,50.00,57,57,51.66,78,73,46.75,36,41,45.61,26,31,44.83,26,32,NYI,30,37,50.89,57.35,39,29,63.64,35,20,58.17,89,64,50.00,109,109,41.88,49,68,46.38,32,37,38.60,22,35,2018,Regular,From
NYR,30,35,53.14,66.67,4,2,64.71,11,6,54.84,17,14,41.51,22,31,64.00,16,9,54.55,6,5,66.67,2,1,NYR,30,35,47.35,57.50,23,17,55.32,78,63,49.40,166,170,48.63,266,281,37.65,93,154,51.52,51,48,43.33,13,17,NYR,30,35,45.72,56.00,14,11,56.41,44,34,54.46,61,51,39.81,82,124,38.46,40,64,49.15,29,30,44.44,4,5,NYR,30,35,46.73,52.63,10,9,60.27,44,29,56.16,82,64,45.26,124,150,35.71,45,81,44.29,31,39,17.65,3,14,2018,Regular,From
OTT,30,27,43.59,57.14,4,3,33.33,4,8,48.28,14,15,43.48,20,26,47.83,11,12,33.33,4,8,42.86,3,4,OTT,30,27,49.44,54.55,54,45,43.16,41,54,56.89,128,97,49.54,269,274,50.23,110,109,31.94,23,49,47.06,32,36,OTT,30,27,49.46,52.78,19,17,58.49,31,22,48.67,55,58,50.79,128,124,52.63,50,45,46.67,14,16,19.23,5,21,OTT,30,27,45.76,66.67,30,15,58.54,48,34,63.08,82,48,43.67,131,169,33.09,45,91,26.83,11,30,25.58,11,32,2018,Regular,From
PHI,30,31,53.43,83.33,5,1,36.36,4,7,47.06,8,9,58.70,27,19,50.00,13,13,55.56,5,4,55.56,5,4,PHI,30,31,49.08,50.77,33,32,56.82,75,57,57.35,117,87,49.18,270,279,43.60,109,141,41.30,57,81,37.68,26,43,PHI,30,31,46.33,63.33,19,11,49.09,27,28,50.79,32,31,47.23,111,124,40.86,38,55,38.18,21,34,35.14,13,24,PHI,30,31,49.09,72.09,31,12,64.79,46,25,64.29,63,35,48.43,139,148,36.80,46,79,31.37,16,35,18.18,6,27,2018,Regular,From
PIT,30,35,42.16,0.00,0,13,54.55,6,5,55.56,15,12,45.00,18,22,42.86,9,12,30.00,3,7,66.67,4,2,PIT,30,35,53.51,56.03,65,51,61.36,54,34,54.05,160,136,56.15,306,239,50.00,103,103,47.17,50,56,45.37,49,59,PIT,30,35,51.17,65.22,30,16,60.98,25,16,56.30,67,52,48.04,98,106,44.87,35,43,52.08,25,23,40.63,13,19,PIT,30,35,46.76,40.00,22,33,52.38,22,20,58.52,79,56,46.89,128,145,45.74,43,51,26.47,18,50,45.24,19,23,2018,Regular,From
S.J,30,37,48.90,100.00,2,0,38.46,5,8,45.45,10,12,47.62,20,22,47.37,9,10,66.67,6,3,66.67,2,1,S.J,30,37,53.81,56.52,39,30,67.06,57,28,56.30,192,149,56.12,252,197,47.00,102,115,42.98,49,65,51.32,39,37,S.J,30,37,55.39,61.29,19,12,55.56,30,24,58.39,87,62,56.34,120,93,56.84,54,41,56.86,29,22,25.93,7,20,S.J,30,37,51.29,63.89,23,13,61.19,41,26,59.90,121,81,48.40,136,145,48.23,68,73,36.84,28,48,42.31,11,15,2018,Regular,From
STL,30,42,58.09,66.67,4,2,37.50,3,5,61.11,11,7,56.76,21,16,66.67,18,9,68.42,13,6,47.06,8,9,STL,30,42,52.92,53.95,41,35,54.41,37,31,57.08,125,94,53.21,257,226,51.23,125,119,43.23,67,88,48.61,70,74,STL,30,42,57.64,78.26,18,5,64.00,16,9,60.95,64,41,57.80,100,73,52.94,54,48,43.24,32,42,61.76,21,13,STL,30,42,50.25,62.96,17,10,45.16,14,17,58.62,68,48,49.03,127,132,43.61,58,75,39.29,33,51,43.33,26,34,2018,Regular,From
T.B,30,46,57.39,80.00,4,1,62.50,5,3,60.00,9,6,55.56,20,16,57.58,19,14,57.14,12,9,58.33,7,5,T.B,30,46,50.16,50.00,35,35,62.50,35,21,55.15,75,61,53.68,270,233,43.96,142,181,34.22,64,123,45.71,64,76,T.B,30,46,55.09,58.33,14,10,63.89,23,13,60.87,42,27,57.14,116,87,54.86,79,65,35.44,28,51,45.90,28,33,T.B,30,46,55.36,75.86,22,7,62.96,17,10,51.25,41,39,52.85,130,116,51.46,88,83,49.37,39,40,44.93,31,38,2018,Regular,From
TOR,30,39,54.67,85.71,6,1,47.37,9,10,35.00,7,13,64.10,25,14,60.00,18,12,55.00,11,9,46.67,7,8,TOR,30,39,47.14,64.91,37,20,65.36,117,62,53.44,101,88,41.10,224,321,41.71,88,123,41.67,70,98,42.53,37,50,TOR,30,39,51.13,56.52,13,10,61.11,55,35,57.78,52,38,50.57,134,131,41.25,33,47,45.45,30,36,43.24,16,21,TOR,30,39,55.06,48.28,14,15,66.67,60,30,63.81,67,38,54.67,164,136,49.52,52,53,43.53,37,48,43.10,25,33,2018,Regular,From
VAN,30,32,49.13,75.00,3,1,36.36,4,7,55.00,11,9,48.84,21,22,45.00,9,11,66.67,6,3,25.00,1,3,VAN,30,32,47.97,67.35,33,16,54.61,77,64,60.42,116,76,45.38,226,272,35.94,78,139,43.40,69,90,45.95,34,40,VAN,30,32,45.86,52.17,12,11,47.62,30,33,50.00,38,38,49.77,109,110,41.98,34,47,34.92,22,41,30.00,12,28,VAN,30,32,51.91,68.18,15,7,67.69,44,21,64.15,68,38,50.67,113,110,46.46,46,53,34.18,27,52,22.58,7,24,2018,Regular,From
VGK,30,40,52.13,50.00,4,4,22.22,2,7,66.67,16,8,60.87,28,18,55.88,19,15,35.29,6,11,36.36,4,7,VGK,30,40,51.21,51.85,28,26,66.67,46,23,56.02,107,84,51.01,303,291,47.12,131,147,45.22,52,63,40.17,47,70,VGK,30,40,52.28,50.00,9,9,69.23,27,12,59.14,55,38,48.21,108,116,47.11,57,64,61.36,27,17,40.38,21,31,VGK,30,40,50.87,47.83,11,12,70.83,34,14,54.13,59,50,51.80,144,134,40.24,66,98,41.25,33,47,42.86,27,36,2018,Regular,From
WPG,30,39,51.89,36.36,4,7,50.00,4,4,45.00,9,11,54.05,20,17,60.87,14,9,57.89,11,8,58.33,7,5,WPG,30,39,50.10,54.13,59,50,57.58,38,28,48.99,73,76,52.97,223,198,39.58,95,145,45.21,85,103,48.28,70,75,WPG,30,39,49.65,65.12,28,15,42.86,12,16,50.00,34,34,44.38,79,99,48.04,49,53,50.54,47,46,48.89,22,23,WPG,30,39,50.98,66.67,44,22,60.00,15,10,61.33,46,29,47.83,110,120,39.80,39,59,40.74,55,80,41.54,27,38,2018,Regular,From
WSH,30,37,52.70,55.56,5,4,50.00,6,6,52.38,11,10,55.00,22,18,65.22,15,8,35.71,5,9,50.00,5,5,WSH,30,37,46.88,59.30,51,35,61.33,46,29,57.03,142,107,42.67,192,258,46.62,124,142,33.04,37,75,28.74,25,62,WSH,30,37,46.33,59.52,25,17,54.84,17,14,51.96,53,49,43.48,90,117,40.48,51,75,45.07,32,39,38.89,14,22,WSH,30,37,52.27,74.42,32,11,57.45,27,20,58.70,81,57,51.96,106,98,43.64,72,93,40.85,29,42,42.42,14,19,2018,Regular,From
ANA,29,30,47.54,54.55,6,5,60.00,6,4,40.00,8,12,46.34,19,22,53.33,8,7,53.85,7,6,33.33,2,4,ANA,29,30,45.05,60.00,36,24,53.85,42,36,52.23,129,118,43.71,226,291,36.47,97,169,33.67,33,65,47.00,47,53,ANA,29,30,44.89,46.43,13,15,58.82,30,21,56.25,63,49,42.31,88,120,40.58,56,82,26.32,10,28,35.71,10,18,ANA,29,30,45.76,60.71,17,11,55.56,30,24,52.63,70,63,43.60,109,141,36.72,47,81,48.89,22,23,34.38,11,21,2018,Regular,From
ARI,29,18,40.04,70.00,7,3,52.63,10,9,30.30,10,23,40.00,18,27,26.32,5,14,33.33,2,4,66.67,2,1,ARI,29,18,47.05,56.41,66,51,50.25,100,99,46.12,95,111,49.71,258,261,43.15,104,137,38.46,25,40,58.33,7,5,ARI,29,18,46.21,61.22,30,19,46.51,40,46,55.06,49,40,47.15,124,139,38.74,43,68,43.33,13,17,18.18,2,9,ARI,29,18,48.63,57.81,37,27,54.72,58,48,54.03,67,57,49.25,131,135,44.29,62,78,43.75,14,18,37.50,6,10,2018,Regular,From
BOS,29,34,49.36,66.67,4,2,42.86,6,8,41.67,10,14,46.34,19,22,59.09,13,9,70.00,7,3,37.50,3,5,BOS,29,34,52.85,61.29,38,24,57.97,80,58,62.25,127,77,50.79,226,219,47.84,133,145,46.43,52,60,47.31,44,49,BOS,29,34,54.35,52.17,12,11,66.67,32,16,63.04,58,34,47.94,93,101,48.44,62,66,55.38,36,29,53.45,31,27,BOS,29,34,52.63,65.71,23,12,62.69,42,25,57.14,56,42,54.09,119,101,40.76,64,93,50.94,27,26,40.43,19,28,2018,Regular,From
BUF,29,19,39.36,52.94,9,8,25.00,4,12,36.36,8,14,43.90,18,23,42.86,6,8,25.00,1,3,25.00,1,3,BUF,29,19,48.85,57.14,84,63,60.16,74,49,56.08,143,112,46.23,233,271,45.79,125,148,29.03,9,22,33.33,3,6,BUF,29,19,43.80,57.75,41,30,38.78,19,30,44.76,47,58,45.24,76,92,44.44,44,55,29.41,5,12,25.00,1,3,BUF,29,19,45.55,56.10,46,36,56.36,31,24,63.49,80,46,44.14,98,124,30.97,35,78,25.00,6,18,50.00,2,2,2018,Regular,From
CAR,29,29,47.57,60.00,6,4,45.45,5,6,48.15,13,14,43.48,20,26,54.17,13,11,40.00,4,6,100.00,1,0,CAR,29,29,55.04,61.11,44,28,62.04,85,52,64.66,161,88,55.46,315,253,50.41,124,122,41.46,51,72,34.04,16,31,CAR,29,29,51.60,60.00,18,12,49.18,30,31,64.04,73,41,53.11,145,128,41.84,41,57,41.18,21,30,36.84,7,12,CAR,29,29,58.10,77.42,24,7,79.66,47,12,65.60,82,43,57.77,197,144,47.15,58,65,41.94,26,36,39.29,11,17,2018,Regular,From
CBJ,29,37,55.11,66.67,2,1,58.33,7,5,50.00,13,13,57.14,28,21,48.00,12,13,63.64,7,4,66.67,4,2,CBJ,29,37,54.13,61.11,22,14,68.02,117,55,60.62,137,89,53.49,314,273,47.49,142,157,40.24,33,49,47.50,38,42,CBJ,29,37,53.99,76.92,10,3,64.15,34,19,55.21,53,43,51.15,111,106,54.08,53,45,44.44,20,25,50.00,17,17,CBJ,29,37,48.93,50.00,6,6,58.44,45,32,49.60,62,63,55.04,153,125,37.21,48,81,30.43,14,32,39.53,17,26,2018,Regular,From
CGY,29,32,47.29,50.00,5,5,50.00,5,5,40.91,9,13,54.76,23,19,32.00,8,17,81.82,9,2,0.00,0,3,CGY,29,32,51.52,63.86,53,30,49.04,51,53,47.62,90,99,51.19,365,348,58.15,107,77,46.07,41,48,47.06,24,27,CGY,29,32,51.90,58.82,30,21,54.76,23,19,49.37,39,40,52.29,171,156,52.87,46,41,43.18,19,25,54.55,12,10,CGY,29,32,52.31,75.56,34,11,62.16,46,28,57.94,62,45,49.71,174,176,53.49,46,40,43.90,18,23,23.81,5,16,2018,Regular,From
CHI,29,31,51.56,53.85,7,6,37.50,3,5,50.00,10,10,42.11,16,22,66.67,10,5,61.54,8,5,66.67,10,5,CHI,29,31,51.27,60.98,50,32,67.19,86,42,50.42,121,119,49.33,293,301,48.61,70,74,46.76,65,74,47.90,57,62,CHI,29,31,50.05,74.42,32,11,56.86,29,22,56.58,43,33,49.10,109,113,37.78,17,28,33.33,15,30,43.18,19,25,CHI,29,31,57.58,74.42,32,11,63.38,45,26,57.35,78,58,57.77,171,125,59.21,45,31,44.26,27,34,50.75,34,33,2018,Regular,From
COL,29,30,47.73,46.15,6,7,54.55,6,5,45.00,9,11,47.62,20,22,43.48,10,13,77.78,7,2,41.67,5,7,COL,29,30,46.85,57.65,49,36,64.10,50,28,49.50,99,101,45.85,221,261,46.15,96,112,33.68,32,63,32.91,26,53,COL,29,30,44.02,43.48,20,26,54.55,18,15,48.35,44,47,44.55,90,112,45.95,34,40,35.90,14,25,27.78,10,26,COL,29,30,49.43,47.46,28,31,76.67,23,7,55.56,70,56,51.12,137,131,51.46,53,50,20.00,6,24,26.09,12,34,2018,Regular,From
DAL,29,33,51.01,57.14,4,3,25.00,3,9,50.00,9,9,57.50,23,17,57.14,16,12,50.00,6,6,42.86,3,4,DAL,29,33,52.29,67.96,70,33,63.89,69,39,55.09,92,75,51.91,272,252,42.92,103,137,38.64,17,27,51.69,46,43,DAL,29,33,52.08,61.54,16,10,55.56,25,20,46.58,34,39,50.56,90,88,52.69,49,44,60.00,15,10,47.17,25,28,DAL,29,33,52.84,59.52,25,17,64.06,41,23,58.82,50,35,51.24,145,138,48.36,59,63,22.86,8,27,54.84,34,28,2018,Regular,From
DET,29,27,41.32,35.71,5,9,25.00,4,12,41.67,10,14,48.65,18,19,42.31,11,15,50.00,4,4,50.00,2,2,DET,29,27,49.13,53.92,55,47,59.09,78,54,50.68,112,109,49.73,275,278,38.73,67,106,54.13,59,50,40.00,30,45,DET,29,27,51.94,62.22,28,17,50.82,31,30,50.65,39,38,54.95,111,91,51.25,41,39,46.15,18,21,38.89,14,22,DET,29,27,47.26,73.08,38,14,62.71,37,22,55.79,53,42,45.19,94,114,33.33,29,58,40.00,18,27,21.88,7,25,2018,Regular,From
EDM,29,26,50.02,50.00,5,5,45.45,5,6,45.16,14,17,50.00,21,21,52.63,10,9,66.67,6,3,53.85,7,6,EDM,29,26,52.21,57.89,66,48,53.77,107,92,58.50,148,105,50.45,279,274,55.06,87,71,50.00,29,29,50.00,51,51,EDM,29,26,56.46,59.09,26,18,57.53,42,31,55.79,53,42,58.04,130,94,48.53,33,35,64.00,16,9,58.82,30,21,EDM,29,26,51.45,64.81,35,19,65.35,66,35,50.77,66,64,56.96,176,133,39.19,29,45,18.92,7,30,38.10,24,39,2018,Regular,From
FLA,29,26,44.61,37.50,3,5,47.06,8,9,58.06,18,13,43.18,19,25,30.43,7,16,50.00,5,5,40.00,4,6,FLA,29,26,49.98,51.19,43,41,57.27,63,47,60.47,234,153,50.61,289,282,38.12,77,125,40.70,35,51,33.33,16,32,FLA,29,26,50.14,69.57,16,7,56.25,27,21,52.82,75,67,50.00,102,102,45.57,36,43,40.91,18,26,50.00,6,6,FLA,29,26,45.07,62.16,23,14,46.51,20,23,52.23,82,75,45.12,111,135,38.16,29,47,40.00,18,27,23.53,4,13,2018,Regular,From
L.A,29,39,57.58,100.00,4,0,63.64,7,4,54.17,13,11,45.45,20,24,63.64,14,8,72.73,8,3,80.00,4,1,L.A,29,39,49.12,45.90,28,33,52.33,45,41,53.55,151,131,50.84,272,263,49.49,97,99,34.51,39,74,40.91,27,39,L.A,29,39,49.00,62.96,17,10,37.04,10,17,50.37,68,67,54.51,139,116,40.85,29,42,35.56,16,29,35.29,12,22,L.A,29,39,51.18,48.00,12,13,41.46,17,24,62.20,79,48,54.14,144,122,51.46,53,50,25.42,15,44,36.11,13,23,2018,Regular,From
MIN,29,33,49.09,50.00,2,2,66.67,4,2,41.67,10,14,54.55,24,20,50.00,12,12,58.33,7,5,27.27,3,8,MIN,29,33,47.75,41.86,18,25,63.95,55,31,55.70,127,101,44.98,260,318,44.90,110,135,38.81,26,41,46.43,26,30,MIN,29,33,47.96,42.86,6,8,69.44,25,11,57.84,59,43,46.58,102,117,37.63,35,58,42.86,15,20,33.33,10,20,MIN,29,33,44.36,50.00,8,8,58.97,23,16,53.98,61,52,45.79,125,148,34.75,49,92,22.50,9,31,30.00,9,21,2018,Regular,From
MTL,29,29,45.46,28.57,4,10,18.18,2,9,44.44,8,10,46.15,18,21,57.14,12,9,45.45,5,6,88.89,8,1,MTL,29,29,51.87,63.41,78,45,55.00,66,54,51.11,138,132,53.89,270,231,48.67,73,77,43.67,69,89,47.69,31,34,MTL,29,29,50.61,66.67,32,16,70.59,36,15,44.44,36,45,50.00,92,92,48.75,39,41,43.08,28,37,33.33,9,18,MTL,29,29,50.16,50.98,26,25,64.77,57,31,59.12,81,56,51.52,136,128,31.73,33,71,52.38,44,40,25.58,11,32,2018,Regular,From
N.J,29,36,49.01,57.14,4,3,42.86,6,8,50.00,13,13,55.10,27,22,37.50,9,15,44.44,4,5,66.67,2,1,N.J,29,36,46.72,45.71,32,38,54.44,49,41,48.13,116,125,48.43,232,247,45.19,141,171,31.53,35,76,45.83,22,26,N.J,29,36,46.88,62.07,18,11,55.26,21,17,50.00,47,47,44.29,93,117,47.83,66,72,31.82,14,30,40.00,8,12,N.J,29,36,46.25,71.43,30,12,47.17,25,28,57.27,63,47,43.60,109,141,40.65,63,92,31.37,16,35,36.36,4,7,2018,Regular,From
NSH,29,40,51.00,0.00,0,2,62.50,5,3,50.00,9,9,63.33,19,11,58.62,17,12,47.06,8,9,21.43,3,11,NSH,29,40,49.28,41.18,14,20,52.63,20,18,64.20,104,58,52.58,245,221,41.76,147,205,39.58,57,87,31.09,37,82,NSH,29,40,52.08,68.75,11,5,56.00,14,11,53.03,35,31,57.92,117,85,43.36,62,81,43.40,23,30,37.50,21,35,NSH,29,40,50.52,66.67,8,4,65.52,19,10,58.33,56,40,47.09,97,109,43.75,77,99,38.57,27,43,41.79,28,39,2018,Regular,From
NYI,29,35,54.40,57.14,4,3,70.00,7,3,56.67,17,13,47.73,21,23,60.00,15,10,64.29,9,5,42.86,6,8,NYI,29,35,48.84,53.68,51,44,52.94,54,48,56.72,173,132,49.04,205,213,36.89,76,130,47.71,52,57,44.44,48,60,NYI,29,35,48.16,43.40,23,30,57.41,31,23,50.00,57,57,51.66,78,73,45.83,33,39,44.23,23,29,38.78,19,30,NYI,29,35,51.27,57.35,39,29,63.64,35,20,58.17,89,64,49.54,107,109,42.20,46,63,49.23,32,33,42.86,21,28,2018,Regular,From
NYR,29,34,53.36,66.67,4,2,64.71,11,6,53.33,16,14,42.31,22,30,64.00,16,9,54.55,6,5,66.67,2,1,NYR,29,34,47.97,57.50,23,17,55.32,78,63,50.65,156,152,49.51,254,259,37.65,93,154,51.52,51,48,43.33,13,17,NYR,29,34,46.19,56.00,14,11,56.41,44,34,56.00,56,44,40.21,78,116,38.46,40,64,49.15,29,30,44.44,4,5,NYR,29,34,47.77,52.63,10,9,60.27,44,29,59.40,79,54,46.43,117,135,35.71,45,81,44.29,31,39,17.65,3,14,2018,Regular,From
OTT,29,25,43.23,57.14,4,3,33.33,4,8,48.28,14,15,40.91,18,26,47.62,10,11,36.36,4,7,42.86,3,4,OTT,29,25,49.31,54.55,54,45,43.16,41,54,56.89,128,97,49.43,260,266,50.26,97,96,31.25,20,44,47.06,32,36,OTT,29,25,49.42,52.78,19,17,58.49,31,22,48.67,55,58,50.00,123,123,54.12,46,39,50.00,14,14,19.23,5,21,OTT,29,25,45.70,66.67,30,15,58.54,48,34,63.08,82,48,43.58,129,167,31.40,38,83,28.95,11,27,25.58,11,32,2018,Regular,From
PHI,29,29,52.45,83.33,5,1,36.36,4,7,43.75,7,9,56.82,25,19,50.00,12,12,55.56,5,4,55.56,5,4,PHI,29,29,48.57,50.77,33,32,56.82,75,57,56.77,109,83,48.33,246,263,43.37,108,141,40.88,56,81,37.68,26,43,PHI,29,29,46.62,63.33,19,11,49.09,27,28,50.82,31,30,47.71,104,114,41.30,38,54,38.18,21,34,35.14,13,24,PHI,29,29,49.06,72.09,31,12,64.79,46,25,64.13,59,33,48.52,131,139,36.80,46,79,31.37,16,35,18.18,6,27,2018,Regular,From
PIT,29,33,42.53,0.00,0,13,54.55,6,5,55.56,15,12,43.59,17,22,44.44,8,10,33.33,3,6,66.67,4,2,PIT,29,33,53.15,56.03,65,51,61.36,54,34,54.05,160,136,55.73,292,232,49.73,93,94,45.63,47,56,45.37,49,59,PIT,29,33,50.66,65.22,30,16,60.98,25,16,56.30,67,52,46.39,90,104,45.83,33,39,50.00,22,22,40.63,13,19,PIT,29,33,46.85,40.00,22,33,52.38,22,20,58.52,79,56,45.77,119,141,50.00,41,41,27.69,18,47,45.24,19,23,2018,Regular,From
S.J,29,35,49.06,100.00,2,0,38.46,5,8,42.86,9,12,47.50,19,21,50.00,9,9,66.67,6,3,66.67,2,1,S.J,29,35,54.24,56.52,39,30,67.06,57,28,56.80,188,143,56.54,242,186,47.98,95,103,42.98,49,65,51.32,39,37,S.J,29,35,55.85,61.29,19,12,55.56,30,24,57.82,85,62,57.14,112,84,59.09,52,36,56.86,29,22,25.93,7,20,S.J,29,35,51.33,63.89,23,13,61.19,41,26,59.49,116,79,48.53,132,140,49.23,64,66,36.84,28,48,42.31,11,15,2018,Regular,From
STL,29,40,56.74,66.67,4,2,37.50,3,5,61.11,11,7,55.56,20,16,65.38,17,9,66.67,12,6,38.46,5,8,STL,29,40,53.19,53.95,41,35,54.41,37,31,57.08,125,94,53.36,254,222,52.08,125,115,43.23,67,88,49.58,59,60,STL,29,40,57.52,78.26,18,5,64.00,16,9,60.95,64,41,57.56,99,73,52.94,54,48,43.84,32,41,61.54,16,10,STL,29,40,50.23,62.96,17,10,45.16,14,17,58.62,68,48,48.43,123,131,44.27,58,73,39.29,33,51,46.00,23,27,2018,Regular,From
T.B,29,44,56.50,80.00,4,1,62.50,5,3,60.00,9,6,54.29,19,16,56.25,18,14,55.00,11,9,58.33,7,5,T.B,29,44,50.56,50.00,35,35,62.50,35,21,55.15,75,61,53.96,266,227,44.03,129,164,35.59,63,114,45.71,64,76,T.B,29,44,55.40,58.33,14,10,63.89,23,13,60.87,42,27,57.58,114,84,55.12,70,57,36.36,28,49,45.90,28,33,T.B,29,44,54.89,75.86,22,7,62.96,17,10,51.25,41,39,52.30,125,114,50.32,79,78,50.00,38,38,44.93,31,38,2018,Regular,From
TOR,29,37,54.37,85.71,6,1,47.37,9,10,35.00,7,13,63.16,24,14,57.14,16,12,55.56,10,8,50.00,7,7,TOR,29,37,47.05,64.91,37,20,65.36,117,62,53.44,101,88,41.10,224,321,41.43,87,123,42.34,58,79,41.89,31,43,TOR,29,37,51.03,56.52,13,10,61.11,55,35,57.78,52,38,50.57,134,131,42.31,33,45,42.59,23,31,42.42,14,19,TOR,29,37,55.59,48.28,14,15,66.67,60,30,63.81,67,38,54.85,164,135,48.51,49,52,47.89,34,37,46.94,23,26,2018,Regular,From
VAN,29,32,50.70,75.00,3,1,36.36,4,7,57.89,11,8,48.78,20,21,50.00,9,9,66.67,6,3,25.00,1,3,VAN,29,32,48.29,67.35,33,16,54.61,77,64,60.42,116,76,45.68,217,258,36.08,70,124,43.40,69,90,45.95,34,40,VAN,29,32,46.16,52.17,12,11,47.62,30,33,50.00,38,38,49.28,102,105,45.83,33,39,34.92,22,41,30.00,12,28,VAN,29,32,52.18,68.18,15,7,67.69,44,21,64.15,68,38,52.11,111,102,45.16,42,51,34.18,27,52,22.58,7,24,2018,Regular,From
VGK,29,39,52.28,50.00,4,4,22.22,2,7,63.64,14,8,63.64,28,16,55.88,19,15,35.29,6,11,36.36,4,7,VGK,29,39,51.71,51.85,28,26,66.67,46,23,57.07,105,79,51.81,287,267,47.12,131,147,45.22,52,63,40.17,47,70,VGK,29,39,52.57,50.00,9,9,69.23,27,12,60.44,55,36,48.13,103,111,47.11,57,64,61.36,27,17,40.38,21,31,VGK,29,39,51.07,47.83,11,12,70.83,34,14,55.77,58,46,51.74,134,125,40.24,66,98,41.25,33,47,42.86,27,36,2018,Regular,From
WPG,29,38,52.15,36.36,4,7,50.00,4,4,42.11,8,11,54.55,18,15,63.64,14,8,57.89,11,8,58.33,7,5,WPG,29,38,50.26,54.13,59,50,57.58,38,28,48.98,72,75,53.23,214,188,39.56,89,136,45.21,85,103,48.28,70,75,WPG,29,38,49.59,65.12,28,15,42.86,12,16,50.00,34,34,44.24,73,92,46.88,45,51,50.54,47,46,48.89,22,23,WPG,29,38,50.63,66.67,44,22,60.00,15,10,60.81,45,29,46.73,100,114,39.78,37,56,40.74,55,80,41.54,27,38,2018,Regular,From
WSH,29,35,52.26,55.56,5,4,50.00,6,6,52.38,11,10,52.63,20,18,65.00,13,7,38.46,5,8,50.00,5,5,WSH,29,35,46.36,59.30,51,35,61.33,46,29,57.03,142,107,42.21,187,256,45.74,102,121,31.82,35,75,28.74,25,62,WSH,29,35,46.01,59.52,25,17,54.84,17,14,51.96,53,49,43.78,88,113,39.13,45,70,42.65,29,39,38.89,14,22,WSH,29,35,52.26,74.42,32,11,57.45,27,20,58.70,81,57,51.01,101,97,44.30,66,83,42.03,29,40,42.42,14,19,2018,Regular,From
ANA,28,28,46.50,54.55,6,5,60.00,6,4,40.00,8,12,45.00,18,22,50.00,7,7,50.00,6,6,33.33,2,4,ANA,28,28,45.34,60.00,36,24,53.85,42,36,52.23,129,118,43.65,220,284,36.50,96,167,34.62,27,51,47.96,47,51,ANA,28,28,45.36,46.43,13,15,58.82,30,21,56.25,63,49,42.50,85,115,41.18,56,80,25.81,8,23,35.71,10,18,ANA,28,28,45.41,60.71,17,11,55.56,30,24,52.63,70,63,42.68,102,137,37.01,47,80,50.00,18,18,34.38,11,21,2018,Regular,From
ARI,28,16,38.01,70.00,7,3,52.63,10,9,30.30,10,23,38.64,17,27,22.22,4,14,20.00,1,4,0.00,0,1,ARI,28,16,46.88,56.41,66,51,50.25,100,99,46.12,95,111,49.71,258,261,42.67,96,129,43.40,23,30,0.00,0,1,ARI,28,16,46.36,61.22,30,19,46.51,40,46,55.06,49,40,47.15,124,139,38.68,41,65,38.10,8,13,0.00,0,1,ARI,28,16,48.54,57.81,37,27,54.72,58,48,54.03,67,57,49.25,131,135,44.88,57,70,43.48,10,13,0.00,0,0,2018,Regular,From
BOS,28,34,50.42,60.00,3,2,46.15,6,7,43.48,10,13,47.50,19,21,59.09,13,9,70.00,7,3,37.50,3,5,BOS,28,34,52.53,60.00,36,24,57.46,77,57,61.05,116,74,50.47,214,210,47.84,133,145,46.43,52,60,47.31,44,49,BOS,28,34,54.13,52.38,11,10,67.39,31,15,59.49,47,32,48.09,88,95,48.44,62,66,55.38,36,29,53.45,31,27,BOS,28,34,52.83,68.75,22,10,64.06,41,23,55.06,49,40,54.46,116,97,40.76,64,93,50.94,27,26,40.43,19,28,2018,Regular,From
BUF,28,18,39.46,52.94,9,8,25.00,4,12,36.36,8,14,43.59,17,22,42.86,6,8,25.00,1,3,25.00,1,3,BUF,28,18,49.47,57.14,84,63,60.16,74,49,56.08,143,112,47.22,221,247,46.94,115,130,29.03,9,22,33.33,3,6,BUF,28,18,43.81,57.75,41,30,38.78,19,30,44.76,47,58,44.79,73,90,45.45,40,48,29.41,5,12,25.00,1,3,BUF,28,18,46.95,56.10,46,36,56.36,31,24,63.49,80,46,45.79,98,116,34.41,32,61,25.00,6,18,50.00,2,2,2018,Regular,From
CAR,28,29,48.08,60.00,6,4,40.00,4,6,50.00,13,13,43.18,19,25,56.52,13,10,40.00,4,6,100.00,1,0,CAR,28,29,55.23,61.11,44,28,63.25,74,43,64.92,161,87,55.40,308,248,50.62,122,119,41.46,51,72,34.04,16,31,CAR,28,29,51.66,60.00,18,12,47.17,25,28,63.06,70,41,53.88,139,119,41.67,40,56,41.18,21,30,36.84,7,12,CAR,28,29,58.19,77.42,24,7,82.69,43,9,66.67,80,40,57.28,185,138,47.15,58,65,41.94,26,36,39.29,11,17,2018,Regular,From
CBJ,28,35,55.18,66.67,2,1,54.55,6,5,50.00,12,12,57.45,27,20,47.83,11,12,63.64,7,4,66.67,4,2,CBJ,28,35,54.36,61.11,22,14,68.67,114,52,60.54,135,88,53.74,309,266,47.55,136,150,40.74,33,48,47.50,38,42,CBJ,28,35,54.21,76.92,10,3,63.46,33,19,55.32,52,42,51.92,108,100,53.19,50,44,44.19,19,24,50.00,17,17,CBJ,28,35,48.97,50.00,6,6,56.76,42,32,50.00,60,60,54.91,151,124,37.60,47,78,30.43,14,32,39.53,17,26,2018,Regular,From
CGY,28,30,47.02,50.00,5,5,50.00,5,5,38.10,8,13,53.85,21,18,33.33,8,16,81.82,9,2,0.00,0,3,CGY,28,30,51.70,63.86,53,30,49.04,51,53,45.88,78,92,51.63,349,327,58.66,105,74,46.07,41,48,47.06,24,27,CGY,28,30,52.31,58.82,30,21,54.76,23,19,50.00,36,36,52.58,163,147,53.57,45,39,43.18,19,25,54.55,12,10,CGY,28,30,52.72,75.56,34,11,62.16,46,28,57.29,55,41,50.46,164,161,53.49,46,40,43.90,18,23,23.81,5,16,2018,Regular,From
CHI,28,29,51.93,53.85,7,6,37.50,3,5,50.00,10,10,41.67,15,21,66.67,10,5,61.54,8,5,66.67,10,5,CHI,28,29,50.84,60.98,50,32,67.19,86,42,48.58,103,109,48.21,269,289,48.61,70,74,46.76,65,74,47.90,57,62,CHI,28,29,50.06,74.42,32,11,56.86,29,22,55.38,36,29,49.31,107,110,37.78,17,28,33.33,15,30,43.18,19,25,CHI,28,29,56.68,74.42,32,11,63.38,45,26,52.59,61,55,56.60,163,125,59.21,45,31,44.26,27,34,50.75,34,33,2018,Regular,From
COL,28,28,47.62,46.15,6,7,54.55,6,5,45.00,9,11,46.34,19,22,40.91,9,13,87.50,7,1,41.67,5,7,COL,28,28,47.55,57.65,49,36,64.10,50,28,49.50,99,101,47.26,207,231,46.73,93,106,32.98,31,63,32.91,26,53,COL,28,28,44.06,43.48,20,26,54.55,18,15,48.35,44,47,44.86,83,102,45.59,31,37,35.14,13,24,27.78,10,26,COL,28,28,49.68,47.46,28,31,76.67,23,7,55.56,70,56,50.99,129,124,53.54,53,46,20.00,6,24,26.09,12,34,2018,Regular,From
DAL,28,33,51.66,57.14,4,3,27.27,3,8,50.00,9,9,57.50,23,17,57.14,16,12,50.00,6,6,42.86,3,4,DAL,28,33,52.23,67.96,70,33,65.22,60,32,52.70,78,70,52.01,272,251,42.92,103,137,38.64,17,27,51.69,46,43,DAL,28,33,52.51,61.54,16,10,52.38,22,20,48.48,32,34,50.87,88,85,52.69,49,44,60.00,15,10,47.17,25,28,DAL,28,33,52.23,59.52,25,17,61.40,35,22,55.41,41,33,50.90,141,136,48.36,59,63,22.86,8,27,54.84,34,28,2018,Regular,From
DET,28,27,43.30,40.00,4,6,26.67,4,11,43.48,10,13,50.00,18,18,42.31,11,15,50.00,4,4,50.00,2,2,DET,28,27,49.01,53.25,41,36,59.09,78,54,49.77,108,109,49.63,271,275,38.73,67,106,54.13,59,50,40.00,30,45,DET,28,27,52.45,67.57,25,12,50.00,30,30,50.65,39,38,55.22,111,90,51.25,41,39,46.15,18,21,38.89,14,22,DET,28,27,47.20,73.81,31,11,62.71,37,22,54.84,51,42,45.81,93,110,33.33,29,58,40.00,18,27,21.88,7,25,2018,Regular,From
EDM,28,24,49.18,50.00,5,5,45.45,5,6,45.16,14,17,48.78,20,21,50.00,9,9,62.50,5,3,54.55,6,5,EDM,28,24,51.83,57.89,66,48,53.77,107,92,58.50,148,105,50.45,278,273,54.90,84,69,51.02,25,24,44.29,31,39,EDM,28,24,56.08,59.09,26,18,57.53,42,31,55.79,53,42,58.56,130,92,48.53,33,35,68.42,13,6,52.78,19,17,EDM,28,24,52.01,64.81,35,19,65.35,66,35,50.77,66,64,57.57,175,129,38.36,28,45,21.43,6,22,37.78,17,28,2018,Regular,From
FLA,28,26,45.99,33.33,2,4,53.33,8,7,58.62,17,12,43.90,18,23,31.82,7,15,50.00,5,5,40.00,4,6,FLA,28,26,49.63,48.75,39,41,55.24,58,47,60.38,221,145,50.53,284,278,37.63,73,121,40.70,35,51,33.33,16,32,FLA,28,26,50.01,66.67,14,7,54.35,25,21,53.62,74,64,50.00,100,100,44.87,35,43,40.91,18,26,50.00,6,6,FLA,28,26,45.03,60.61,20,13,43.90,18,23,54.36,81,68,44.77,107,132,36.49,27,47,40.00,18,27,23.53,4,13,2018,Regular,From
L.A,28,37,57.33,100.00,4,0,63.64,7,4,50.00,11,11,46.34,19,22,61.90,13,8,72.73,8,3,80.00,4,1,L.A,28,37,49.19,45.90,28,33,52.33,45,41,53.60,149,129,50.69,257,250,49.49,97,99,34.82,39,73,41.54,27,38,L.A,28,37,48.97,62.96,17,10,37.04,10,17,49.62,65,66,54.81,131,108,40.85,29,42,36.36,16,28,35.29,12,22,L.A,28,37,51.05,48.00,12,13,41.46,17,24,61.16,74,47,54.55,138,115,50.50,51,50,26.32,15,42,36.11,13,23,2018,Regular,From
MIN,28,31,48.53,50.00,2,2,66.67,4,2,41.67,10,14,53.49,23,20,50.00,11,11,54.55,6,5,27.27,3,8,MIN,28,31,47.71,41.86,18,25,63.95,55,31,55.70,127,101,45.10,258,314,44.93,102,125,39.66,23,35,42.86,21,28,MIN,28,31,48.35,42.86,6,8,69.44,25,11,57.84,59,43,47.42,101,112,35.63,31,56,48.15,13,14,30.43,7,16,MIN,28,31,44.50,50.00,8,8,58.97,23,16,53.98,61,52,45.52,122,146,35.61,47,85,25.81,8,23,23.08,6,20,2018,Regular,From
MTL,28,29,45.86,28.57,4,10,10.00,1,9,40.00,6,9,50.00,18,18,57.14,12,9,45.45,5,6,88.89,8,1,MTL,28,29,52.28,63.41,78,45,57.14,64,48,51.00,128,123,54.10,264,224,48.67,73,77,43.67,69,89,47.69,31,34,MTL,28,29,50.61,66.67,32,16,71.74,33,13,44.16,34,43,49.72,88,89,48.75,39,41,43.08,28,37,33.33,9,18,MTL,28,29,50.77,50.98,26,25,67.09,53,26,58.20,71,51,53.13,136,120,31.73,33,71,52.38,44,40,25.58,11,32,2018,Regular,From
N.J,28,36,50.28,50.00,3,3,45.45,5,6,54.17,13,11,56.25,27,21,37.50,9,15,44.44,4,5,66.67,2,1,N.J,28,36,47.09,44.26,27,34,60.53,46,30,47.81,109,119,48.50,227,241,45.19,141,171,31.53,35,76,45.83,22,26,N.J,28,36,46.29,64.29,18,10,46.67,14,16,48.89,44,46,44.02,92,117,47.83,66,72,31.82,14,30,40.00,8,12,N.J,28,36,46.20,68.42,26,12,46.34,19,22,59.80,61,41,42.91,106,141,40.65,63,92,31.37,16,35,36.36,4,7,2018,Regular,From
NSH,28,39,50.86,0.00,0,2,57.14,4,3,50.00,8,8,62.07,18,11,60.71,17,11,47.06,8,9,21.43,3,11,NSH,28,39,49.40,41.18,14,20,51.35,19,18,63.93,78,44,52.89,238,212,42.73,147,197,39.58,57,87,31.09,37,82,NSH,28,39,52.49,68.75,11,5,56.00,14,11,51.72,30,28,59.07,114,79,43.66,62,80,43.40,23,30,37.50,21,35,NSH,28,39,51.01,66.67,8,4,64.29,18,10,58.54,48,34,48.24,96,103,44.00,77,98,38.57,27,43,41.79,28,39,2018,Regular,From
NYI,28,35,55.06,57.14,4,3,66.67,6,3,60.71,17,11,47.73,21,23,60.00,15,10,64.29,9,5,42.86,6,8,NYI,28,35,49.06,53.68,51,44,53.19,50,44,56.49,161,124,49.36,194,199,36.89,76,130,47.71,52,57,44.44,48,60,NYI,28,35,48.61,43.40,23,30,58.00,29,21,51.38,56,53,51.75,74,69,45.83,33,39,44.23,23,29,38.78,19,30,NYI,28,35,51.33,57.35,39,29,62.75,32,19,58.33,84,60,49.51,102,104,42.20,46,63,49.23,32,33,42.86,21,28,2018,Regular,From
NYR,28,32,52.76,66.67,4,2,64.71,11,6,53.33,16,14,41.18,21,30,60.87,14,9,50.00,4,4,100.00,2,0,NYR,28,32,47.45,57.50,23,17,55.32,78,63,50.65,156,152,49.40,248,254,37.18,87,147,47.06,40,45,42.86,9,12,NYR,28,32,46.77,56.00,14,11,56.41,44,34,56.00,56,44,40.41,78,115,39.00,39,61,54.90,28,23,37.50,3,5,NYR,28,32,47.52,52.63,10,9,60.27,44,29,59.40,79,54,46.99,117,132,33.05,39,79,43.10,25,33,23.08,3,10,2018,Regular,From
OTT,28,25,43.26,50.00,3,3,27.27,3,8,50.00,14,14,41.86,18,25,47.62,10,11,36.36,4,7,42.86,3,4,OTT,28,25,49.48,50.57,44,43,47.56,39,43,56.89,128,97,49.22,251,259,50.26,97,96,31.25,20,44,47.06,32,36,OTT,28,25,49.36,44.83,13,16,57.69,30,22,48.67,55,58,50.63,120,117,54.12,46,39,50.00,14,14,19.23,5,21,OTT,28,25,45.10,65.71,23,12,57.53,42,31,63.08,82,48,42.50,119,161,31.40,38,83,28.95,11,27,25.58,11,32,2018,Regular,From
PHI,28,27,52.37,83.33,5,1,36.36,4,7,43.75,7,9,56.82,25,19,47.83,11,12,50.00,4,4,62.50,5,3,PHI,28,27,48.68,50.77,33,32,56.82,75,57,56.77,109,83,48.40,242,258,43.62,106,137,39.66,46,70,40.00,26,39,PHI,28,27,46.71,63.33,19,11,49.09,27,28,50.82,31,30,47.91,103,112,41.30,38,54,36.73,18,31,35.29,12,22,PHI,28,27,49.82,72.09,31,12,64.79,46,25,64.13,59,33,48.88,131,137,37.40,46,77,36.59,15,26,17.24,5,24,2018,Regular,From
PIT,28,33,43.33,0.00,0,13,54.55,6,5,55.56,15,12,42.86,15,20,50.00,8,8,33.33,3,6,66.67,4,2,PIT,28,33,53.02,56.03,65,51,61.36,54,34,53.02,149,132,55.88,271,214,48.90,89,93,45.63,47,56,45.37,49,59,PIT,28,33,49.96,65.22,30,16,60.98,25,16,54.39,62,52,45.45,85,102,45.07,32,39,50.00,22,22,40.63,13,19,PIT,28,33,46.62,40.00,22,33,52.38,22,20,58.65,78,55,44.92,106,130,50.00,40,40,27.69,18,47,45.24,19,23,2018,Regular,From
S.J,28,34,50.14,100.00,2,0,41.67,5,7,42.11,8,11,48.72,19,20,50.00,9,9,66.67,6,3,66.67,2,1,S.J,28,34,54.51,59.68,37,25,67.11,51,25,56.87,178,135,56.40,238,184,47.98,95,103,42.98,49,65,51.32,39,37,S.J,28,34,55.84,62.50,15,9,52.17,24,22,58.87,83,58,56.32,107,83,59.09,52,36,56.86,29,22,25.93,7,20,S.J,28,34,51.10,68.75,22,10,56.90,33,25,58.60,109,77,48.69,130,137,49.23,64,66,36.84,28,48,42.31,11,15,2018,Regular,From
STL,28,38,56.73,66.67,4,2,37.50,3,5,61.11,11,7,55.56,20,16,65.38,17,9,64.71,11,6,38.46,5,8,STL,28,38,53.65,53.95,41,35,54.41,37,31,57.08,125,94,53.26,253,222,54.30,120,101,43.17,60,79,49.58,59,60,STL,28,38,57.61,78.26,18,5,64.00,16,9,60.95,64,41,57.49,96,71,51.58,49,46,45.71,32,38,61.54,16,10,STL,28,38,51.08,62.96,17,10,45.16,14,17,58.62,68,48,48.79,121,127,46.67,56,64,41.56,32,45,46.00,23,27,2018,Regular,From
T.B,28,42,57.15,80.00,4,1,62.50,5,3,57.14,8,6,54.84,17,14,58.06,18,13,55.00,11,9,58.33,7,5,T.B,28,42,50.64,50.00,35,35,62.50,35,21,54.55,66,55,54.01,256,218,43.99,128,163,35.59,63,114,45.71,64,76,T.B,28,42,55.82,58.33,14,10,63.89,23,13,63.49,40,23,57.84,107,78,55.12,70,57,36.36,28,49,45.90,28,33,T.B,28,42,55.47,75.86,22,7,62.96,17,10,50.67,38,37,53.36,119,104,50.64,79,77,50.00,38,38,44.93,31,38,2018,Regular,From
TOR,28,35,54.36,85.71,6,1,47.37,9,10,31.58,6,13,63.16,24,14,57.14,16,12,55.56,10,8,50.00,7,7,TOR,28,35,47.76,64.91,37,20,65.36,117,62,54.49,91,76,42.15,212,291,41.43,87,123,42.34,58,79,41.89,31,43,TOR,28,35,51.01,56.52,13,10,61.11,55,35,59.49,47,32,49.80,122,123,42.31,33,45,42.59,23,31,42.42,14,19,TOR,28,35,55.36,48.28,14,15,66.67,60,30,65.93,60,31,53.38,150,131,48.51,49,52,47.89,34,37,46.94,23,26,2018,Regular,From
VAN,28,32,51.43,66.67,2,1,40.00,4,6,61.11,11,7,48.78,20,21,50.00,9,9,66.67,6,3,25.00,1,3,VAN,28,32,48.15,64.44,29,16,55.00,66,54,60.22,112,74,45.49,212,254,36.08,70,124,43.40,69,90,45.95,34,40,VAN,28,32,46.11,50.00,10,10,47.37,27,30,50.00,38,38,49.02,100,104,45.83,33,39,34.92,22,41,30.00,12,28,VAN,28,32,51.37,66.67,12,6,63.64,35,20,63.46,66,38,51.66,109,102,45.16,42,51,34.18,27,52,22.58,7,24,2018,Regular,From
VGK,28,37,52.40,50.00,4,4,22.22,2,7,63.64,14,8,61.90,26,16,56.67,17,13,37.50,6,10,36.36,4,7,VGK,28,37,51.77,51.85,28,26,66.67,46,23,57.07,105,79,51.80,274,255,47.69,124,136,43.14,44,58,40.17,47,70,VGK,28,37,52.95,50.00,9,9,69.23,27,12,60.44,55,36,48.11,102,110,47.86,56,61,63.41,26,15,40.38,21,31,VGK,28,37,51.46,47.83,11,12,70.83,34,14,55.77,58,46,51.63,127,119,40.79,62,90,43.66,31,40,42.86,27,36,2018,Regular,From
WPG,28,38,53.01,36.36,4,7,42.86,3,4,37.50,6,10,58.06,18,13,66.67,14,7,57.89,11,8,58.33,7,5,WPG,28,38,50.71,54.13,59,50,65.38,34,18,45.99,63,74,53.59,209,181,39.72,85,129,45.21,85,103,48.28,70,75,WPG,28,38,49.23,65.12,28,15,45.45,10,12,49.23,32,33,42.31,66,90,46.24,43,50,50.54,47,46,48.89,22,23,WPG,28,38,50.45,66.67,44,22,62.50,15,9,60.27,44,29,45.85,94,111,39.78,37,56,40.74,55,80,41.54,27,38,2018,Regular,From
WSH,28,33,51.87,55.56,5,4,50.00,6,6,52.38,11,10,51.35,19,18,63.16,12,7,33.33,4,8,57.14,4,3,WSH,28,33,46.89,59.30,51,35,61.33,46,29,57.03,142,107,42.42,182,247,45.70,101,120,34.74,33,62,27.03,20,54,WSH,28,33,45.75,59.52,25,17,54.84,17,14,51.96,53,49,42.56,83,112,38.60,44,70,42.42,28,38,43.33,13,17,WSH,28,33,52.56,74.42,32,11,57.45,27,20,58.70,81,57,51.81,100,93,44.52,65,81,42.62,26,35,42.31,11,15,2018,Regular,From
ANA,27,27,46.94,54.55,6,5,55.56,5,4,42.11,8,11,44.74,17,21,53.85,7,6,50.00,6,6,33.33,2,4,ANA,27,27,45.52,60.00,36,24,53.25,41,36,52.44,129,117,44.33,207,260,35.86,90,161,34.62,27,51,47.96,47,51,ANA,27,27,45.66,46.43,13,15,58.82,30,21,56.25,63,49,42.55,80,108,42.11,56,77,25.81,8,23,35.71,10,18,ANA,27,27,45.46,60.71,17,11,53.85,28,24,52.63,70,63,42.47,93,126,37.50,45,75,50.00,18,18,34.38,11,21,2018,Regular,From
ARI,27,16,39.01,70.00,7,3,55.56,10,8,31.25,10,22,39.53,17,26,22.22,4,14,20.00,1,4,0.00,0,1,ARI,27,16,47.34,57.14,64,48,50.77,99,96,48.88,87,91,49.49,245,250,42.67,96,129,43.40,23,30,0.00,0,1,ARI,27,16,46.18,61.70,29,18,46.51,40,46,53.09,43,38,47.58,118,130,38.68,41,65,38.10,8,13,0.00,0,1,ARI,27,16,48.96,55.74,34,27,55.24,58,47,55.96,61,48,49.42,128,131,44.88,57,70,43.48,10,13,0.00,0,0,2018,Regular,From
BOS,27,32,49.29,60.00,3,2,46.15,6,7,38.10,8,13,46.15,18,21,59.09,13,9,70.00,7,3,37.50,3,5,BOS,27,32,52.70,60.00,36,24,57.46,77,57,59.88,97,65,51.74,208,194,47.84,133,145,46.43,52,60,47.31,44,49,BOS,27,32,54.09,52.38,11,10,67.39,31,15,57.53,42,31,48.59,86,91,48.44,62,66,55.38,36,29,53.45,31,27,BOS,27,32,52.23,68.75,22,10,64.06,41,23,50.62,41,40,54.00,108,92,40.76,64,93,50.94,27,26,40.43,19,28,2018,Regular,From
BUF,27,16,38.05,52.94,9,8,25.00,4,12,36.36,8,14,40.54,15,22,38.46,5,8,25.00,1,3,25.00,1,3,BUF,27,16,49.37,57.14,84,63,60.16,74,49,56.08,143,112,47.17,208,233,46.70,106,121,29.03,9,22,33.33,3,6,BUF,27,16,43.09,57.75,41,30,38.78,19,30,44.76,47,58,43.71,66,85,43.75,35,45,29.41,5,12,25.00,1,3,BUF,27,16,47.23,56.10,46,36,56.36,31,24,63.49,80,46,45.77,92,109,35.44,28,51,21.74,5,18,50.00,2,2,2018,Regular,From
CAR,27,28,49.03,60.00,6,4,40.00,4,6,50.00,12,12,45.24,19,23,56.52,13,10,40.00,4,6,100.00,1,0,CAR,27,28,55.00,61.11,44,28,65.35,66,35,64.17,154,86,54.89,292,240,50.62,122,119,41.46,51,72,34.04,16,31,CAR,27,28,51.55,60.00,18,12,48.89,22,23,62.04,67,41,53.66,132,114,41.67,40,56,41.18,21,30,36.84,7,12,CAR,27,28,58.13,77.42,24,7,84.09,37,7,66.95,79,39,57.00,175,132,47.15,58,65,41.94,26,36,39.29,11,17,2018,Regular,From
CBJ,27,35,56.76,66.67,2,1,60.00,6,4,50.00,11,11,60.00,27,18,47.83,11,12,63.64,7,4,66.67,4,2,CBJ,27,35,54.52,62.50,20,12,69.86,102,44,59.50,119,81,54.46,305,255,47.55,136,150,40.74,33,48,47.50,38,42,CBJ,27,35,54.31,77.78,7,2,60.87,28,18,56.04,51,40,52.74,106,95,53.19,50,44,44.19,19,24,50.00,17,17,CBJ,27,35,49.11,40.00,4,6,56.72,38,29,50.46,55,54,55.02,148,121,37.60,47,78,30.43,14,32,39.53,17,26,2018,Regular,From
CGY,27,29,47.65,50.00,5,5,50.00,5,5,38.10,8,13,53.85,21,18,34.78,8,15,81.82,9,2,0.00,0,3,CGY,27,29,50.89,63.86,53,30,49.04,51,53,45.88,78,92,50.32,319,315,59.24,93,64,46.07,41,48,47.06,24,27,CGY,27,29,52.58,58.82,30,21,54.76,23,19,50.00,36,36,53.45,155,135,53.42,39,34,43.18,19,25,54.55,12,10,CGY,27,29,53.53,75.56,34,11,62.16,46,28,57.29,55,41,52.12,160,147,54.17,39,33,43.90,18,23,23.81,5,16,2018,Regular,From
CHI,27,29,53.16,50.00,5,5,42.86,3,4,52.63,10,9,42.86,15,20,66.67,10,5,61.54,8,5,66.67,10,5,CHI,27,29,50.33,60.87,42,27,64.60,73,40,48.57,102,108,47.79,260,284,48.61,70,74,46.76,65,74,47.90,57,62,CHI,27,29,50.27,72.97,27,10,57.14,28,21,56.25,36,28,50.24,106,105,37.78,17,28,33.33,15,30,43.18,19,25,CHI,27,29,56.72,77.78,28,8,63.49,40,23,52.21,59,54,56.18,159,124,59.21,45,31,44.26,27,34,50.75,34,33,2018,Regular,From
COL,27,26,45.97,46.15,6,7,54.55,6,5,42.11,8,11,44.74,17,21,40.00,8,12,83.33,5,1,40.00,4,6,COL,27,26,47.95,57.65,49,36,64.10,50,28,49.48,95,97,47.32,203,226,47.75,85,93,34.83,31,58,34.67,26,49,COL,27,26,44.11,43.48,20,26,54.55,18,15,48.89,44,46,44.75,81,100,43.75,28,36,37.14,13,22,29.41,10,24,COL,27,26,49.62,47.46,28,31,76.67,23,7,56.45,70,54,51.22,126,120,50.55,46,45,21.43,6,22,26.19,11,31,2018,Regular,From
DAL,27,33,51.96,40.00,2,3,30.00,3,7,52.94,9,8,57.50,23,17,57.14,16,12,50.00,6,6,42.86,3,4,DAL,27,33,51.72,65.15,43,23,65.17,58,31,52.11,74,68,52.16,266,244,42.92,103,137,38.64,17,27,51.69,46,43,DAL,27,33,52.08,50.00,7,7,52.38,22,20,46.03,29,34,51.46,88,83,52.69,49,44,60.00,15,10,47.17,25,28,DAL,27,33,51.72,60.00,18,12,60.00,33,22,53.52,38,33,50.00,136,136,48.36,59,63,22.86,8,27,54.84,34,28,2018,Regular,From
DET,27,25,41.12,40.00,4,6,26.67,4,11,43.48,10,13,48.57,17,18,37.50,9,15,42.86,3,4,33.33,1,2,DET,27,25,48.71,53.25,41,36,59.09,78,54,49.77,108,109,49.35,265,272,38.89,63,99,53.47,54,47,38.81,26,41,DET,27,25,52.83,67.57,25,12,50.00,30,30,50.65,39,38,55.84,110,87,52.70,39,35,45.45,15,18,39.39,13,20,DET,27,25,47.35,73.81,31,11,62.71,37,22,54.84,51,42,45.27,91,110,33.33,27,54,40.00,16,24,25.00,7,21,2018,Regular,From
EDM,27,24,50.03,50.00,5,5,40.00,4,6,48.28,14,15,50.00,20,20,50.00,9,9,62.50,5,3,54.55,6,5,EDM,27,24,51.90,57.89,66,48,53.13,102,90,59.09,143,99,50.47,268,263,55.70,83,66,51.02,25,24,44.29,31,39,EDM,27,24,55.90,59.09,26,18,55.88,38,30,55.17,48,39,58.80,127,89,48.53,33,35,68.42,13,6,52.78,19,17,EDM,27,24,52.26,64.81,35,19,65.31,64,34,50.41,62,61,58.02,170,123,38.89,28,44,21.43,6,22,37.78,17,28,2018,Regular,From
FLA,27,24,45.55,33.33,2,4,53.33,8,7,57.14,16,12,41.03,16,23,31.58,6,13,55.56,5,4,40.00,4,6,FLA,27,24,49.39,48.75,39,41,55.24,58,47,60.28,214,141,50.36,277,273,39.13,72,112,34.72,25,47,33.33,16,32,FLA,27,24,50.41,66.67,14,7,54.35,25,21,54.07,73,62,51.31,98,93,45.33,34,41,36.84,14,24,50.00,6,6,FLA,27,24,45.23,60.61,20,13,43.90,18,23,54.36,81,68,45.22,104,126,36.99,27,46,38.64,17,27,23.53,4,13,2018,Regular,From
L.A,27,35,56.92,100.00,4,0,63.64,7,4,50.00,11,11,45.00,18,22,57.89,11,8,80.00,8,2,80.00,4,1,L.A,27,35,49.27,45.90,28,33,52.33,45,41,53.60,149,129,51.26,244,232,48.95,93,97,35.14,39,72,41.54,27,38,L.A,27,35,48.99,62.96,17,10,37.04,10,17,49.62,65,66,55.66,123,98,40.00,28,42,36.36,16,28,35.29,12,22,L.A,27,35,51.30,48.00,12,13,41.46,17,24,61.16,74,47,56.03,130,102,48.94,46,48,26.79,15,41,36.11,13,23,2018,Regular,From
MIN,27,29,48.22,50.00,2,2,66.67,4,2,39.13,9,14,52.50,21,19,52.38,11,10,54.55,6,5,27.27,3,8,MIN,27,29,47.49,41.86,18,25,63.95,55,31,56.87,120,91,44.50,247,308,44.44,96,120,39.66,23,35,42.86,21,28,MIN,27,29,48.14,42.86,6,8,69.44,25,11,60.67,54,35,46.60,96,110,33.33,26,52,48.15,13,14,30.43,7,16,MIN,27,29,44.41,50.00,8,8,58.97,23,16,54.81,57,47,45.04,118,144,35.25,43,79,25.81,8,23,23.08,6,20,2018,Regular,From
MTL,27,27,42.52,28.57,4,10,10.00,1,9,40.00,6,9,48.57,17,18,55.00,11,9,40.00,4,6,100.00,3,0,MTL,27,27,52.05,63.41,78,45,57.14,64,48,51.00,128,123,54.02,262,223,48.67,73,77,42.96,61,81,47.50,19,21,MTL,27,27,50.89,66.67,32,16,71.74,33,13,44.16,34,43,49.72,88,89,48.75,39,41,40.98,25,36,44.44,8,10,MTL,27,27,50.45,50.98,26,25,67.09,53,26,58.20,71,51,52.38,132,120,31.73,33,71,49.35,38,39,28.57,8,20,2018,Regular,From
N.J,27,36,50.95,50.00,3,3,45.45,5,6,54.55,12,10,56.52,26,20,36.36,8,14,50.00,4,4,66.67,2,1,N.J,27,36,46.86,44.26,27,34,60.00,45,30,47.44,102,113,48.25,220,236,45.31,140,169,30.48,32,73,45.83,22,26,N.J,27,36,46.19,64.29,18,10,46.43,13,15,50.00,43,43,43.00,86,114,47.79,65,71,32.56,14,29,40.00,8,12,N.J,27,36,46.21,68.42,26,12,46.34,19,22,59.18,58,40,43.03,105,139,40.00,60,90,33.33,16,32,36.36,4,7,2018,Regular,From
NSH,27,37,51.12,0.00,0,2,57.14,4,3,50.00,8,8,62.07,18,11,59.26,16,11,43.75,7,9,25.00,3,9,NSH,27,37,49.84,41.18,14,20,51.35,19,18,63.93,78,44,52.86,231,206,42.90,145,193,39.72,56,85,32.93,27,55,NSH,27,37,52.96,68.75,11,5,56.00,14,11,51.72,30,28,58.64,112,79,44.60,62,77,43.40,23,30,40.91,18,26,NSH,27,37,51.73,66.67,8,4,64.29,18,10,58.54,48,34,49.48,96,98,44.77,77,95,39.71,27,41,41.82,23,32,2018,Regular,From
NYI,27,34,54.98,57.14,4,3,62.50,5,3,60.00,15,10,48.84,21,22,60.00,15,10,64.29,9,5,42.86,6,8,NYI,27,34,49.53,53.68,51,44,54.95,50,41,57.14,152,114,50.27,187,185,36.89,76,130,47.71,52,57,44.44,48,60,NYI,27,34,49.25,43.40,23,30,60.87,28,18,50.49,52,51,54.14,72,61,45.83,33,39,44.23,23,29,38.78,19,30,NYI,27,34,51.21,57.35,39,29,60.42,29,19,56.06,74,58,50.78,98,95,42.20,46,63,49.23,32,33,42.86,21,28,2018,Regular,From
NYR,27,32,53.75,66.67,4,2,62.50,10,6,55.56,15,12,42.86,21,28,60.87,14,9,50.00,4,4,100.00,2,0,NYR,27,32,47.71,57.50,23,17,56.12,78,61,50.94,135,130,49.70,246,249,37.18,87,147,47.06,40,45,42.86,9,12,NYR,27,32,46.94,56.00,14,11,58.67,44,31,57.30,51,38,39.57,74,113,39.00,39,61,54.90,28,23,37.50,3,5,NYR,27,32,47.57,52.63,10,9,59.15,42,29,58.97,69,48,47.74,116,127,33.05,39,79,43.10,25,33,23.08,3,10,2018,Regular,From
OTT,27,25,44.42,50.00,3,3,30.00,3,7,51.85,14,13,42.86,18,24,47.62,10,11,36.36,4,7,42.86,3,4,OTT,27,25,50.08,53.52,38,33,49.35,38,39,57.60,125,92,49.50,249,254,50.26,97,96,31.25,20,44,47.06,32,36,OTT,27,25,49.82,45.83,11,13,58.82,30,21,49.06,52,54,50.86,118,114,54.12,46,39,50.00,14,14,19.23,5,21,OTT,27,25,45.54,67.65,23,11,56.94,41,31,65.32,81,43,42.48,113,153,31.40,38,83,28.95,11,27,25.58,11,32,2018,Regular,From
PHI,27,25,51.82,83.33,5,1,36.36,4,7,43.75,7,9,55.81,24,19,42.86,9,12,57.14,4,3,62.50,5,3,PHI,27,25,48.53,50.77,33,32,56.82,75,57,56.38,106,82,48.33,232,248,43.10,100,132,40.37,44,65,40.00,26,39,PHI,27,25,46.93,63.33,19,11,49.09,27,28,50.82,31,30,47.85,100,109,41.67,35,49,38.64,17,27,35.29,12,22,PHI,27,25,49.77,72.09,31,12,64.79,46,25,63.74,58,33,48.64,125,132,37.07,43,73,36.84,14,24,17.24,5,24,2018,Regular,From
PIT,27,31,41.91,0.00,0,13,54.55,6,5,55.56,15,12,41.18,14,20,46.67,7,8,25.00,2,6,75.00,3,1,PIT,27,31,53.16,56.03,65,51,61.36,54,34,53.02,149,132,55.70,264,210,49.16,88,91,46.15,42,49,48.39,45,48,PIT,27,31,49.77,65.22,30,16,60.98,25,16,54.39,62,52,45.90,84,99,44.12,30,38,48.84,21,22,37.93,11,18,PIT,27,31,46.28,40.00,22,33,52.38,22,20,58.65,78,55,44.78,103,127,48.00,36,39,27.87,17,44,45.71,16,19,2018,Regular,From
S.J,27,32,48.84,100.00,2,0,41.67,5,7,42.11,8,11,47.37,18,20,47.06,8,9,62.50,5,3,66.67,2,1,S.J,27,32,53.95,59.68,37,25,67.11,51,25,56.87,178,135,56.14,233,182,47.37,90,100,41.28,45,64,48.33,29,31,S.J,27,32,55.50,62.50,15,9,52.17,24,22,58.87,83,58,56.22,104,81,59.26,48,33,56.00,28,22,18.18,4,18,S.J,27,32,50.71,68.75,22,10,56.90,33,25,58.60,109,77,48.22,122,131,47.58,59,65,37.33,28,47,40.00,10,15,2018,Regular,From
STL,27,36,56.96,66.67,4,2,37.50,3,5,61.11,11,7,51.52,17,16,69.57,16,7,68.75,11,5,38.46,5,8,STL,27,36,53.46,53.95,41,35,54.41,37,31,57.08,125,94,53.25,246,216,54.95,111,91,41.22,54,77,49.58,59,60,STL,27,36,57.99,78.26,18,5,64.00,16,9,60.95,64,41,58.13,93,67,51.65,47,44,46.15,30,35,61.54,16,10,STL,27,36,50.53,62.96,17,10,45.16,14,17,58.62,68,48,47.08,113,127,48.57,51,54,39.71,27,41,46.00,23,27,2018,Regular,From
T.B,27,40,57.24,80.00,4,1,62.50,5,3,53.85,7,6,53.57,15,13,60.00,18,12,55.00,11,9,58.33,7,5,T.B,27,40,50.42,50.00,35,35,62.50,35,21,54.55,66,55,53.48,246,214,43.01,117,155,36.53,61,106,46.04,64,75,T.B,27,40,55.74,58.33,14,10,63.89,23,13,63.49,40,23,57.63,102,75,55.20,69,56,35.62,26,47,45.90,28,33,T.B,27,40,54.91,75.86,22,7,62.96,17,10,50.67,38,37,52.07,113,104,49.66,74,75,52.11,37,34,43.94,29,37,2018,Regular,From
TOR,27,35,54.93,85.71,6,1,44.44,8,10,33.33,6,12,64.86,24,13,57.14,16,12,55.56,10,8,50.00,7,7,TOR,27,35,47.58,64.91,37,20,64.54,91,50,56.69,89,68,41.97,209,289,41.43,87,123,42.34,58,79,41.89,31,43,TOR,27,35,51.26,56.52,13,10,61.84,47,29,61.33,46,29,50.00,121,121,42.31,33,45,42.59,23,31,42.42,14,19,TOR,27,35,55.28,48.28,14,15,64.86,48,26,67.06,57,28,53.26,147,129,48.51,49,52,47.89,34,37,46.94,23,26,2018,Regular,From
VAN,27,30,50.68,66.67,2,1,40.00,4,6,61.11,11,7,47.50,19,21,50.00,9,9,62.50,5,3,25.00,1,3,VAN,27,30,48.21,64.44,29,16,55.00,66,54,60.22,112,74,46.12,208,243,35.11,66,122,44.52,65,81,44.26,27,34,VAN,27,30,46.23,50.00,10,10,47.37,27,30,50.00,38,38,50.00,99,99,43.28,29,38,35.09,20,37,30.56,11,25,VAN,27,30,51.84,66.67,12,6,63.64,35,20,63.46,66,38,52.45,107,97,43.96,40,51,35.14,26,48,23.08,6,20,2018,Regular,From
VGK,27,35,53.10,50.00,4,4,22.22,2,7,61.90,13,8,63.41,26,15,57.14,16,12,40.00,6,9,36.36,4,7,VGK,27,35,51.83,51.85,28,26,66.67,46,23,55.11,97,79,51.66,265,248,50.00,110,110,43.56,44,57,40.17,47,70,VGK,27,35,52.79,50.00,9,9,69.23,27,12,60.00,54,36,47.29,96,107,48.62,53,56,63.41,26,15,40.38,21,31,VGK,27,35,51.20,47.83,11,12,70.83,34,14,55.34,57,46,50.63,121,118,40.58,56,82,44.29,31,39,42.86,27,36,2018,Regular,From
WPG,27,38,55.55,40.00,4,6,50.00,3,3,42.86,6,8,60.00,18,12,66.67,14,7,57.89,11,8,58.33,7,5,WPG,27,38,50.94,54.46,55,46,70.45,31,13,44.44,56,70,54.07,206,175,39.72,85,129,45.21,85,103,48.28,70,75,WPG,27,38,48.90,65.00,26,14,43.75,7,9,47.46,28,31,41.45,63,89,46.24,43,50,50.54,47,46,48.89,22,23,WPG,27,38,50.36,64.52,40,22,63.16,12,7,59.70,40,27,46.31,94,109,39.78,37,56,40.74,55,80,41.54,27,38,2018,Regular,From
WSH,27,31,51.70,55.56,5,4,50.00,6,6,52.38,11,10,50.00,18,18,61.11,11,7,36.36,4,7,57.14,4,3,WSH,27,31,46.91,59.30,51,35,61.33,46,29,57.03,142,107,42.41,176,239,44.86,96,118,36.14,30,53,27.14,19,51,WSH,27,31,45.36,59.52,25,17,54.84,17,14,51.96,53,49,42.55,80,108,38.83,40,63,38.60,22,35,41.38,12,17,WSH,27,31,52.76,74.42,32,11,57.45,27,20,58.70,81,57,52.17,96,88,45.00,63,77,41.51,22,31,42.31,11,15,2018,Regular,From
ANA,26,26,46.51,54.55,6,5,55.56,5,4,42.11,8,11,43.24,16,21,53.85,7,6,50.00,6,6,33.33,2,4,ANA,26,26,45.15,60.00,36,24,53.25,41,36,52.24,128,117,42.96,177,235,36.18,89,157,34.62,27,51,47.96,47,51,ANA,26,26,45.62,46.43,13,15,58.82,30,21,56.76,63,48,41.71,73,102,42.11,56,77,25.81,8,23,35.71,10,18,ANA,26,26,45.69,60.71,17,11,53.85,28,24,53.03,70,62,42.51,88,119,38.14,45,73,50.00,18,18,34.38,11,21,2018,Regular,From
ARI,26,15,39.54,70.00,7,3,55.56,10,8,31.25,10,22,39.02,16,25,25.00,4,12,20.00,1,4,0.00,0,1,ARI,26,15,46.87,57.14,64,48,50.77,99,96,48.88,87,91,48.70,225,237,41.63,87,122,43.40,23,30,0.00,0,1,ARI,26,15,45.93,61.70,29,18,46.51,40,46,53.09,43,38,46.88,105,119,38.54,37,59,38.10,8,13,0.00,0,1,ARI,26,15,48.95,55.74,34,27,55.24,58,47,55.96,61,48,50.21,117,116,43.86,50,64,43.48,10,13,0.00,0,0,2018,Regular,From
BOS,26,30,49.07,60.00,3,2,46.15,6,7,38.10,8,13,46.15,18,21,55.00,11,9,77.78,7,2,37.50,3,5,BOS,26,30,52.72,60.00,36,24,57.46,77,57,59.88,97,65,51.46,194,183,48.45,125,133,46.15,48,56,47.31,44,49,BOS,26,30,53.98,52.38,11,10,67.39,31,15,57.53,42,31,48.52,82,87,47.15,58,65,55.74,34,27,53.45,31,27,BOS,26,30,52.35,68.75,22,10,64.06,41,23,50.62,41,40,54.21,103,87,40.54,60,88,53.06,26,23,40.43,19,28,2018,Regular,From
BUF,26,16,38.91,53.33,8,7,26.67,4,11,38.10,8,13,41.67,15,21,38.46,5,8,25.00,1,3,25.00,1,3,BUF,26,16,49.30,55.30,73,59,60.36,67,44,55.95,141,111,47.44,204,226,46.70,106,121,29.03,9,22,33.33,3,6,BUF,26,16,43.17,58.82,40,28,39.58,19,29,45.10,46,56,42.86,63,84,43.75,35,45,29.41,5,12,25.00,1,3,BUF,26,16,47.35,56.00,42,33,54.90,28,23,65.29,79,42,45.64,89,106,35.44,28,51,21.74,5,18,50.00,2,2,2018,Regular,From
CAR,26,27,47.87,60.00,6,4,40.00,4,6,50.00,12,12,45.00,18,22,54.55,12,10,25.00,2,6,100.00,1,0,CAR,26,27,55.22,61.11,44,28,65.35,66,35,64.17,154,86,55.36,289,233,50.63,120,117,40.00,42,63,32.43,12,25,CAR,26,27,51.88,60.00,18,12,48.89,22,23,62.04,67,41,54.62,130,108,41.94,39,54,38.10,16,26,35.29,6,11,CAR,26,27,58.47,77.42,24,7,84.09,37,7,66.95,79,39,57.67,173,127,47.15,58,65,41.51,22,31,40.00,8,12,2018,Regular,From
CBJ,26,35,57.62,66.67,2,1,50.00,4,4,55.00,11,9,61.36,27,17,47.83,11,12,63.64,7,4,66.67,4,2,CBJ,26,35,54.48,62.50,20,12,66.96,77,38,61.41,113,71,54.66,305,253,47.55,136,150,40.74,33,48,47.50,38,42,CBJ,26,35,54.28,77.78,7,2,53.85,14,12,57.50,46,34,52.74,106,95,53.19,50,44,44.19,19,24,50.00,17,17,CBJ,26,35,49.79,40.00,4,6,56.25,27,21,54.17,52,44,55.02,148,121,37.60,47,78,30.43,14,32,39.53,17,26,2018,Regular,From
CGY,26,29,48.58,44.44,4,5,55.56,5,4,40.00,8,12,54.05,20,17,36.36,8,14,81.82,9,2,0.00,0,3,CGY,26,29,50.25,57.81,37,27,48.51,49,52,45.88,78,92,49.84,304,306,59.35,92,63,46.07,41,48,47.06,24,27,CGY,26,29,52.38,57.14,24,18,54.76,23,19,50.00,36,36,52.86,148,132,54.17,39,33,43.18,19,25,54.55,12,10,CGY,26,29,52.86,71.05,27,11,62.50,45,27,57.29,55,41,51.69,153,143,53.52,38,33,43.90,18,23,23.81,5,16,2018,Regular,From
CHI,26,29,54.23,50.00,5,5,33.33,2,4,58.82,10,7,44.12,15,19,66.67,10,5,61.54,8,5,66.67,10,5,CHI,26,29,50.18,60.87,42,27,64.29,72,40,49.02,100,104,47.17,242,271,48.61,70,74,46.76,65,74,47.90,57,62,CHI,26,29,50.31,72.97,27,10,57.14,28,21,57.14,36,27,49.74,96,97,37.78,17,28,33.33,15,30,43.18,19,25,CHI,26,29,56.79,77.78,28,8,62.90,39,23,53.77,57,49,55.73,146,116,59.21,45,31,44.26,27,34,50.75,34,33,2018,Regular,From
COL,26,26,46.31,46.15,6,7,54.55,6,5,38.89,7,11,45.71,16,19,42.11,8,11,83.33,5,1,40.00,4,6,COL,26,26,48.14,57.14,48,36,61.76,42,26,50.29,87,86,47.95,199,216,47.75,85,93,34.83,31,58,34.67,26,49,COL,26,26,44.30,43.48,20,26,55.17,16,13,48.86,43,45,45.09,78,95,43.75,28,36,37.14,13,22,29.41,10,24,COL,26,26,50.36,48.21,27,29,76.00,19,6,58.12,68,49,52.50,126,114,50.55,46,45,21.43,6,22,26.19,11,31,2018,Regular,From
DAL,26,31,50.65,40.00,2,3,30.00,3,7,52.94,9,8,56.41,22,17,53.85,14,12,44.44,4,5,40.00,2,3,DAL,26,31,51.86,65.15,43,23,65.17,58,31,52.11,74,68,52.50,263,238,43.16,101,133,39.47,15,23,50.65,39,38,DAL,26,31,52.73,50.00,7,7,52.38,22,20,46.03,29,34,52.10,87,80,53.26,49,43,60.00,15,10,50.00,23,23,DAL,26,31,52.19,60.00,18,12,60.00,33,22,53.52,38,33,50.00,131,131,49.12,56,58,25.81,8,23,57.89,33,24,2018,Regular,From
DET,26,25,44.07,75.00,3,1,28.57,4,10,45.45,10,12,50.00,17,17,37.50,9,15,42.86,3,4,33.33,1,2,DET,26,25,48.90,53.85,28,24,60.34,70,46,49.77,108,109,49.44,264,270,38.89,63,99,53.47,54,47,38.81,26,41,DET,26,25,52.71,60.71,17,11,51.79,29,27,50.65,39,38,55.84,110,87,52.70,39,35,45.45,15,18,39.39,13,20,DET,26,25,47.62,70.37,19,8,69.23,36,16,54.84,51,42,46.19,91,106,33.33,27,54,40.00,16,24,25.00,7,21,2018,Regular,From
EDM,26,22,48.88,50.00,5,5,40.00,4,6,48.28,14,15,48.72,19,20,40.00,6,9,71.43,5,2,57.14,4,3,EDM,26,22,51.82,57.89,66,48,53.13,102,90,59.09,143,99,50.48,264,259,55.78,82,65,47.62,20,22,45.65,21,25,EDM,26,22,55.09,59.09,26,18,55.88,38,30,55.17,48,39,58.29,123,88,48.53,33,35,62.50,10,6,50.00,10,10,EDM,26,22,52.43,64.81,35,19,65.31,64,34,50.41,62,61,57.88,169,123,39.13,27,42,23.08,6,20,41.38,12,17,2018,Regular,From
FLA,26,23,46.31,33.33,2,4,53.33,8,7,55.56,15,12,41.67,15,21,35.29,6,11,55.56,5,4,40.00,4,6,FLA,26,23,49.19,48.75,39,41,55.24,58,47,59.88,203,136,50.48,261,256,38.55,69,110,34.72,25,47,33.33,16,32,FLA,26,23,50.90,66.67,14,7,54.35,25,21,55.30,73,59,51.96,93,86,44.59,33,41,36.84,14,24,50.00,6,6,FLA,26,23,45.09,60.61,20,13,43.90,18,23,54.05,80,68,45.00,99,121,38.03,27,44,38.64,17,27,23.53,4,13,2018,Regular,From
L.A,26,33,55.53,100.00,4,0,63.64,7,4,50.00,11,11,43.59,17,22,52.94,9,8,77.78,7,2,80.00,4,1,L.A,26,33,49.41,45.90,28,33,52.33,45,41,53.60,149,129,51.27,243,231,49.18,90,93,35.44,28,51,41.07,23,33,L.A,26,33,49.67,62.96,17,10,37.04,10,17,49.62,65,66,55.66,123,98,40.58,28,41,41.18,14,20,36.67,11,19,L.A,26,33,51.09,48.00,12,13,41.46,17,24,61.16,74,47,56.03,130,102,49.44,44,45,22.22,10,35,35.29,12,22,2018,Regular,From
MIN,26,29,49.23,50.00,2,2,66.67,4,2,40.91,9,13,51.35,19,18,57.89,11,8,54.55,6,5,27.27,3,8,MIN,26,29,47.44,40.48,17,25,63.53,54,31,56.87,120,91,44.40,234,293,44.34,94,118,39.66,23,35,42.86,21,28,MIN,26,29,48.22,42.86,6,8,68.57,24,11,60.67,54,35,46.32,88,102,33.78,25,49,48.15,13,14,30.43,7,16,MIN,26,29,44.39,50.00,8,8,56.76,21,16,55.88,57,45,44.58,111,138,36.21,42,74,25.81,8,23,23.08,6,20,2018,Regular,From
MTL,26,25,40.78,28.57,4,10,10.00,1,9,35.71,5,9,47.06,16,18,55.56,10,8,33.33,3,6,100.00,3,0,MTL,26,25,52.33,63.41,78,45,57.14,64,48,50.83,123,119,54.32,258,217,48.61,70,74,43.70,59,76,51.52,17,16,MTL,26,25,51.40,66.67,32,16,71.74,33,13,44.74,34,42,49.71,87,88,49.35,38,39,42.37,25,34,46.67,7,8,MTL,26,25,50.11,50.98,26,25,67.09,53,26,57.14,68,51,52.19,131,120,30.61,30,68,50.68,37,36,26.09,6,17,2018,Regular,From
N.J,26,34,49.86,50.00,3,3,45.45,5,6,54.55,12,10,54.55,24,20,35.00,7,13,42.86,3,4,66.67,2,1,N.J,26,34,46.72,44.26,27,34,60.00,45,30,47.44,102,113,47.39,209,232,46.50,133,153,28.24,24,61,45.45,20,24,N.J,26,34,46.14,64.29,18,10,46.43,13,15,50.00,43,43,41.97,81,112,47.37,63,70,35.14,13,24,43.75,7,9,N.J,26,34,45.87,68.42,26,12,46.34,19,22,59.18,58,40,42.86,102,136,38.85,54,85,31.71,13,28,44.44,4,5,2018,Regular,From
NSH,26,35,50.13,0.00,0,2,57.14,4,3,50.00,8,8,60.71,17,11,56.00,14,11,42.86,6,8,20.00,2,8,NSH,26,35,50.23,41.18,14,20,51.35,19,18,63.93,78,44,52.87,230,205,43.08,137,181,40.80,51,74,34.25,25,48,NSH,26,35,52.91,68.75,11,5,56.00,14,11,51.72,30,28,58.64,112,79,45.04,59,72,45.10,23,28,33.33,12,24,NSH,26,35,52.09,66.67,8,4,64.29,18,10,58.54,48,34,49.74,96,97,44.17,72,91,42.86,24,32,44.68,21,26,2018,Regular,From
NYI,26,34,56.53,66.67,4,2,62.50,5,3,63.64,14,8,50.00,21,21,60.00,15,10,64.29,9,5,42.86,6,8,NYI,26,34,49.64,51.95,40,37,53.57,45,39,58.96,148,103,50.14,183,182,36.89,76,130,47.71,52,57,44.44,48,60,NYI,26,34,50.36,48.89,22,23,60.47,26,17,51.52,51,48,54.55,72,60,45.83,33,39,44.23,23,29,38.78,19,30,NYI,26,34,52.42,58.33,35,25,60.87,28,18,62.07,72,44,50.52,97,95,42.20,46,63,49.23,32,33,42.86,21,28,2018,Regular,From
NYR,26,30,53.27,66.67,4,2,62.50,10,6,52.00,13,12,42.22,19,26,60.87,14,9,50.00,4,4,100.00,2,0,NYR,26,30,48.12,57.50,23,17,56.12,78,61,51.54,134,126,50.00,228,228,37.90,83,136,47.06,40,45,42.86,9,12,NYR,26,30,47.77,56.00,14,11,58.67,44,31,57.95,51,37,40.00,72,108,41.05,39,56,54.90,28,23,37.50,3,5,NYR,26,30,47.56,52.63,10,9,59.15,42,29,59.13,68,47,47.95,105,114,32.76,38,78,43.10,25,33,23.08,3,10,2018,Regular,From
OTT,26,24,45.13,50.00,3,3,30.00,3,7,48.00,12,13,47.37,18,20,47.62,10,11,36.36,4,7,42.86,3,4,OTT,26,24,50.31,53.52,38,33,49.35,38,39,56.40,119,92,50.56,226,221,50.26,97,96,31.25,20,44,47.06,32,36,OTT,26,24,49.60,45.83,11,13,58.82,30,21,48.08,50,54,50.75,102,99,54.12,46,39,50.00,14,14,19.23,5,21,OTT,26,24,45.00,67.65,23,11,56.94,41,31,64.96,76,41,41.39,101,143,31.40,38,83,28.95,11,27,25.58,11,32,2018,Regular,From
PHI,26,23,51.18,83.33,5,1,36.36,4,7,40.00,6,9,56.10,23,18,40.00,8,12,50.00,3,3,71.43,5,2,PHI,26,23,49.16,50.77,33,32,56.82,75,57,56.45,105,81,48.90,223,233,43.10,100,132,40.57,43,63,50.00,23,23,PHI,26,23,47.32,63.33,19,11,49.09,27,28,50.00,30,30,48.74,97,102,41.67,35,49,38.64,17,27,36.00,9,16,PHI,26,23,50.42,72.09,31,12,64.79,46,25,64.44,58,32,49.19,121,125,37.07,43,73,36.11,13,23,22.73,5,17,2018,Regular,From
PIT,26,29,40.36,0.00,0,13,54.55,6,5,55.56,15,12,41.18,14,20,42.86,6,8,14.29,1,6,66.67,2,1,PIT,26,29,53.54,56.03,65,51,61.36,54,34,53.02,149,132,55.51,262,210,48.30,85,91,48.75,39,41,59.02,36,25,PIT,26,29,49.21,65.22,30,16,60.98,25,16,54.39,62,52,46.15,84,98,44.12,30,38,41.67,15,21,33.33,6,12,PIT,26,29,45.81,40.00,22,33,52.38,22,20,58.65,78,55,44.74,102,126,48.00,36,39,29.82,17,40,38.10,8,13,2018,Regular,From
S.J,26,30,50.48,100.00,2,0,50.00,5,5,44.44,8,10,47.22,17,19,47.06,8,9,62.50,5,3,66.67,2,1,S.J,26,30,54.03,59.62,31,21,72.41,42,16,56.96,176,133,55.80,226,179,47.37,90,100,41.28,45,64,48.33,29,31,S.J,26,30,55.58,63.64,14,8,54.05,20,17,58.70,81,57,55.37,98,79,59.26,48,33,56.00,28,22,18.18,4,18,S.J,26,30,50.48,70.83,17,7,57.14,28,21,58.60,109,77,47.56,117,129,47.58,59,65,37.33,28,47,40.00,10,15,2018,Regular,From
STL,26,35,58.19,66.67,4,2,37.50,3,5,61.11,11,7,54.84,17,14,69.57,16,7,68.75,11,5,38.46,5,8,STL,26,35,53.05,53.95,41,35,54.41,37,31,56.41,110,85,52.40,229,208,54.95,111,91,41.22,54,77,49.58,59,60,STL,26,35,57.97,78.26,18,5,64.00,16,9,61.29,57,36,57.52,88,65,51.65,47,44,46.15,30,35,61.54,16,10,STL,26,35,49.86,62.96,17,10,45.16,14,17,57.00,57,43,46.19,109,127,48.57,51,54,39.71,27,41,46.00,23,27,2018,Regular,From
T.B,26,38,56.55,80.00,4,1,62.50,5,3,53.85,7,6,51.85,14,13,59.26,16,11,55.00,11,9,54.55,6,5,T.B,26,38,50.22,50.00,35,35,62.50,35,21,54.55,66,55,53.64,243,210,41.25,106,151,36.88,59,101,47.11,57,64,T.B,26,38,55.07,58.33,14,10,63.89,23,13,63.49,40,23,57.39,101,75,54.55,66,55,35.71,25,45,39.62,21,32,T.B,26,38,53.75,75.86,22,7,62.96,17,10,50.67,38,37,52.31,113,103,45.11,60,73,52.17,36,33,43.10,25,33,2018,Regular,From
TOR,26,33,55.53,85.71,6,1,44.44,8,10,33.33,6,12,63.89,23,13,56.52,13,10,62.50,10,6,50.00,7,7,TOR,26,33,47.38,64.91,37,20,64.54,91,50,56.69,89,68,42.06,204,281,41.30,76,108,39.81,43,65,41.89,31,43,TOR,26,33,51.08,56.52,13,10,61.84,47,29,61.33,46,29,50.21,118,117,43.06,31,41,34.88,15,28,42.42,14,19,TOR,26,33,55.25,48.28,14,15,64.86,48,26,67.06,57,28,53.93,144,123,47.25,43,48,48.21,27,29,46.94,23,26,2018,Regular,From
VAN,26,28,50.43,66.67,2,1,40.00,4,6,61.11,11,7,46.15,18,21,47.06,8,9,71.43,5,2,25.00,1,3,VAN,26,28,48.18,64.44,29,16,55.00,66,54,60.22,112,74,46.19,206,240,32.58,58,120,49.07,53,55,44.26,27,34,VAN,26,28,45.87,50.00,10,10,47.37,27,30,50.00,38,38,49.74,97,98,41.27,26,37,32.56,14,29,30.56,11,25,VAN,26,28,52.23,66.67,12,6,63.64,35,20,63.46,66,38,52.76,105,94,43.53,37,48,37.93,22,36,23.08,6,20,2018,Regular,From
VGK,26,33,53.06,50.00,4,4,22.22,2,7,60.00,12,8,64.10,25,14,55.56,15,12,42.86,6,8,36.36,4,7,VGK,26,33,51.47,51.85,28,26,66.67,46,23,55.49,91,73,50.63,241,235,49.77,109,110,44.00,44,56,40.17,47,70,VGK,26,33,52.53,50.00,9,9,69.23,27,12,58.62,51,36,46.60,89,102,48.62,53,56,63.41,26,15,40.38,21,31,VGK,26,33,51.01,47.83,11,12,70.83,34,14,54.17,52,44,50.23,110,109,40.58,56,82,45.59,31,37,42.86,27,36,2018,Regular,From
WPG,26,36,54.96,40.00,4,6,50.00,3,3,42.86,6,8,60.00,18,12,65.00,13,7,55.56,10,8,58.33,7,5,WPG,26,36,49.86,54.46,55,46,70.45,31,13,44.44,56,70,54.07,206,175,38.94,81,127,43.26,77,101,43.81,46,59,WPG,26,36,48.35,65.00,26,14,43.75,7,9,47.46,28,31,41.45,63,89,46.67,42,48,49.43,43,44,45.71,16,19,WPG,26,36,49.83,64.52,40,22,63.16,12,7,59.70,40,27,46.31,94,109,39.33,35,54,40.80,51,74,38.78,19,30,2018,Regular,From
WSH,26,29,51.50,55.56,5,4,50.00,6,6,52.38,11,10,48.57,17,18,56.25,9,7,44.44,4,5,57.14,4,3,WSH,26,29,47.06,59.30,51,35,61.33,46,29,57.03,142,107,42.13,174,239,43.43,86,112,46.15,24,28,27.14,19,51,WSH,26,29,45.52,59.52,25,17,54.84,17,14,51.96,53,49,42.55,80,108,36.96,34,58,43.24,16,21,41.38,12,17,WSH,26,29,51.97,74.42,32,11,57.45,27,20,58.70,81,57,52.17,96,88,41.73,53,74,41.18,14,20,42.31,11,15,2018,Regular,From
ANA,25,26,46.67,54.55,6,5,55.56,5,4,41.18,7,10,44.12,15,19,53.85,7,6,50.00,6,6,33.33,2,4,ANA,25,26,45.23,60.00,36,24,53.25,41,36,52.08,125,115,42.30,162,221,36.93,89,152,34.62,27,51,47.96,47,51,ANA,25,26,46.04,46.43,13,15,58.82,30,21,56.36,62,48,42.68,70,94,42.42,56,76,25.81,8,23,35.71,10,18,ANA,25,26,45.43,60.71,17,11,53.85,28,24,53.03,70,62,42.56,83,112,36.52,42,73,50.00,18,18,34.38,11,21,2018,Regular,From
ARI,25,15,38.98,66.67,6,3,52.94,9,8,33.33,10,20,39.02,16,25,25.00,4,12,20.00,1,4,0.00,0,1,ARI,25,15,46.79,57.14,60,45,49.19,91,94,49.43,86,88,48.42,215,229,41.63,87,122,43.40,23,30,0.00,0,1,ARI,25,15,45.79,65.00,26,14,46.99,39,44,53.85,42,36,45.62,99,118,38.54,37,59,38.10,8,13,0.00,0,1,ARI,25,15,48.43,55.56,30,24,54.90,56,46,53.47,54,47,50.00,111,111,43.86,50,64,43.48,10,13,0.00,0,0,2018,Regular,From
BOS,25,28,47.05,60.00,3,2,46.15,6,7,38.10,8,13,43.24,16,21,55.56,10,8,77.78,7,2,16.67,1,5,BOS,25,28,52.57,60.00,36,24,57.46,77,57,59.88,97,65,50.96,186,179,48.58,120,127,46.53,47,54,44.74,34,42,BOS,25,28,53.83,52.38,11,10,67.39,31,15,57.53,42,31,48.75,78,82,46.43,52,60,55.00,33,27,52.94,27,24,BOS,25,28,52.48,68.75,22,10,64.06,41,23,50.62,41,40,55.08,103,84,40.00,56,84,53.06,26,23,40.48,17,25,2018,Regular,From
BUF,25,16,39.80,57.14,8,6,28.57,4,10,40.00,8,12,41.67,15,21,38.46,5,8,25.00,1,3,25.00,1,3,BUF,25,16,49.06,50.00,50,50,59.00,59,41,56.63,141,108,47.66,204,224,46.70,106,121,29.03,9,22,33.33,3,6,BUF,25,16,43.52,59.65,34,23,43.90,18,23,45.10,46,56,42.47,62,84,43.75,35,45,29.41,5,12,25.00,1,3,BUF,25,16,47.40,59.02,36,25,51.06,24,23,65.29,79,42,45.60,88,105,35.44,28,51,21.74,5,18,50.00,2,2,2018,Regular,From
CAR,25,27,48.50,60.00,6,4,44.44,4,5,50.00,12,12,46.15,18,21,54.55,12,10,25.00,2,6,100.00,1,0,CAR,25,27,55.35,64.41,38,21,64.77,57,31,64.96,152,82,54.83,278,229,50.63,120,117,40.00,42,63,32.43,12,25,CAR,25,27,51.73,57.69,15,11,46.15,18,21,64.08,66,37,53.88,125,107,41.94,39,54,38.10,16,26,35.29,6,11,CAR,25,27,58.34,76.92,20,6,84.62,33,6,68.10,79,37,57.34,168,125,47.15,58,65,41.51,22,31,40.00,8,12,2018,Regular,From
CBJ,25,33,57.39,66.67,2,1,50.00,4,4,55.00,11,9,60.98,25,16,47.62,10,11,63.64,7,4,66.67,4,2,CBJ,25,33,54.63,62.50,20,12,66.96,77,38,60.34,108,71,55.01,291,238,47.69,134,147,40.74,33,48,47.50,38,42,CBJ,25,33,53.97,77.78,7,2,53.85,14,12,56.96,45,34,51.58,98,92,53.76,50,43,44.19,19,24,50.00,17,17,CBJ,25,33,49.87,40.00,4,6,56.25,27,21,55.91,52,41,54.86,141,116,37.60,47,78,30.43,14,32,39.53,17,26,2018,Regular,From
CGY,25,29,49.94,40.00,2,3,50.00,4,4,47.06,8,9,55.56,20,16,36.36,8,14,81.82,9,2,0.00,0,3,CGY,25,29,50.53,57.50,23,17,50.00,47,47,45.83,77,91,49.83,300,302,59.35,92,63,46.07,41,48,47.06,24,27,CGY,25,29,53.57,65.38,17,9,58.97,23,16,50.00,36,36,53.45,147,128,54.17,39,33,43.18,19,25,54.55,12,10,CGY,25,29,52.67,72.73,16,6,61.43,43,27,56.99,53,40,51.86,153,142,53.52,38,33,43.90,18,23,23.81,5,16,2018,Regular,From
CHI,25,28,53.74,50.00,5,5,33.33,2,4,53.33,8,7,45.45,15,18,66.67,10,5,61.54,8,5,66.67,10,5,CHI,25,28,50.41,60.87,42,27,64.29,72,40,48.72,95,100,47.15,223,250,48.61,70,74,46.76,65,74,47.90,57,62,CHI,25,28,50.55,72.97,27,10,57.14,28,21,57.14,36,27,50.28,89,88,37.78,17,28,33.33,15,30,43.18,19,25,CHI,25,28,57.61,77.78,28,8,62.90,39,23,54.37,56,47,57.50,138,102,59.21,45,31,44.26,27,34,50.75,34,33,2018,Regular,From
COL,25,26,47.37,46.15,6,7,54.55,6,5,41.18,7,10,48.48,16,17,42.11,8,11,83.33,5,1,40.00,4,6,COL,25,26,48.22,57.14,48,36,61.76,42,26,50.32,78,77,47.68,185,203,47.75,85,93,34.83,31,58,34.67,26,49,COL,25,26,44.57,43.48,20,26,55.17,16,13,50.00,40,40,45.34,73,88,43.75,28,36,37.14,13,22,29.41,10,24,COL,25,26,50.02,48.21,27,29,79.17,19,5,56.31,58,45,52.42,119,108,50.55,46,45,21.43,6,22,26.19,11,31,2018,Regular,From
DAL,25,29,50.97,40.00,2,3,30.00,3,7,52.94,9,8,55.26,21,17,58.33,14,10,44.44,4,5,40.00,2,3,DAL,25,29,52.00,65.15,43,23,65.17,58,31,52.11,74,68,52.49,242,219,43.11,97,128,39.47,15,23,50.65,39,38,DAL,25,29,52.68,50.00,7,7,52.38,22,20,46.03,29,34,51.66,78,73,53.26,49,43,60.00,15,10,50.00,23,23,DAL,25,29,51.61,60.00,18,12,60.00,33,22,53.52,38,33,48.75,117,123,48.65,54,57,25.81,8,23,57.89,33,24,2018,Regular,From
DET,25,25,45.00,75.00,3,1,30.77,4,9,45.00,9,11,51.52,17,16,39.13,9,14,42.86,3,4,33.33,1,2,DET,25,25,48.79,51.11,23,22,59.63,65,44,49.76,105,106,49.24,258,266,38.56,59,94,53.47,54,47,38.81,26,41,DET,25,25,52.40,60.00,15,10,50.00,27,27,50.00,37,37,55.90,109,86,52.05,38,35,45.45,15,18,39.39,13,20,DET,25,25,47.86,72.73,16,6,68.75,33,15,55.17,48,39,46.43,91,105,34.62,27,51,40.00,16,24,25.00,7,21,2018,Regular,From
EDM,25,22,48.46,50.00,5,5,25.00,2,6,50.00,12,12,50.00,19,19,40.00,6,9,71.43,5,2,57.14,4,3,EDM,25,22,52.18,57.89,66,48,53.99,88,75,59.26,128,88,50.20,256,254,55.78,82,65,47.62,20,22,45.65,21,25,EDM,25,22,55.73,59.09,26,18,61.40,35,22,54.32,44,37,58.33,119,85,48.53,33,35,62.50,10,6,50.00,10,10,EDM,25,22,52.74,64.81,35,19,67.47,56,27,51.33,58,55,57.60,163,120,39.13,27,42,23.08,6,20,41.38,12,17,2018,Regular,From
FLA,25,22,45.63,33.33,2,4,53.33,8,7,52.00,13,12,42.86,15,20,35.29,6,11,55.56,5,4,40.00,4,6,FLA,25,22,49.43,48.75,39,41,55.24,58,47,59.79,174,117,51.40,257,243,38.55,69,110,34.72,25,47,33.33,16,32,FLA,25,22,50.66,66.67,14,7,54.35,25,21,55.05,60,49,51.48,87,82,44.59,33,41,36.84,14,24,50.00,6,6,FLA,25,22,45.25,60.61,20,13,43.90,18,23,53.03,70,62,46.15,96,112,38.03,27,44,38.64,17,27,23.53,4,13,2018,Regular,From
L.A,25,31,54.27,100.00,4,0,63.64,7,4,45.00,9,11,44.44,16,20,50.00,8,8,75.00,6,2,80.00,4,1,L.A,25,31,49.55,45.90,28,33,52.33,45,41,53.48,146,127,51.75,236,220,48.78,80,84,35.44,28,51,41.07,23,33,L.A,25,31,49.73,62.96,17,10,37.04,10,17,49.60,62,63,56.07,120,94,39.29,22,34,39.39,13,20,36.67,11,19,L.A,25,31,51.46,48.00,12,13,41.46,17,24,60.87,70,45,56.44,127,98,52.63,40,36,22.73,10,34,35.29,12,22,2018,Regular,From
MIN,25,27,48.19,50.00,2,2,66.67,4,2,40.91,9,13,48.57,17,18,57.89,11,8,54.55,6,5,27.27,3,8,MIN,25,27,48.02,40.48,17,25,63.53,54,31,56.87,120,91,45.02,226,276,45.21,85,103,39.66,23,35,42.86,21,28,MIN,25,27,48.68,42.86,6,8,68.57,24,11,60.67,54,35,46.99,86,97,32.26,20,42,48.15,13,14,30.43,7,16,MIN,25,27,44.84,50.00,8,8,56.76,21,16,55.88,57,45,45.31,111,134,37.00,37,63,25.81,8,23,23.08,6,20,2018,Regular,From
MTL,25,23,40.01,28.57,4,10,10.00,1,9,35.71,5,9,45.45,15,18,55.56,10,8,33.33,3,6,100.00,3,0,MTL,25,23,52.49,63.41,78,45,57.14,64,48,50.88,116,112,54.08,252,214,49.15,58,60,43.70,59,76,51.52,17,16,MTL,25,23,50.96,66.67,32,16,71.74,33,13,45.21,33,40,49.11,83,86,46.88,30,34,42.37,25,34,46.67,7,8,MTL,25,23,50.91,50.98,26,25,67.09,53,26,58.33,63,45,51.03,124,119,36.36,28,49,50.68,37,36,26.09,6,17,2018,Regular,From
N.J,25,34,52.06,75.00,3,1,50.00,5,5,57.14,12,9,55.81,24,19,35.00,7,13,42.86,3,4,66.67,2,1,N.J,25,34,46.71,46.00,23,27,55.56,35,28,47.24,94,105,47.39,209,232,46.50,133,153,28.24,24,61,45.45,20,24,N.J,25,34,45.78,55.56,10,8,47.37,9,10,49.38,40,41,41.97,81,112,47.37,63,70,35.14,13,24,43.75,7,9,N.J,25,34,45.50,72.73,16,6,43.75,14,18,58.82,50,35,42.86,102,136,38.85,54,85,31.71,13,28,44.44,4,5,2018,Regular,From
NSH,25,33,50.55,0.00,0,2,57.14,4,3,50.00,8,8,62.96,17,10,56.00,14,11,42.86,6,8,20.00,2,8,NSH,25,33,50.47,41.18,14,20,51.35,19,18,63.25,74,43,53.95,205,175,43.22,137,180,40.80,51,74,34.25,25,48,NSH,25,33,53.09,68.75,11,5,56.00,14,11,51.72,30,28,59.55,106,72,44.62,58,72,45.10,23,28,33.33,12,24,NSH,25,33,51.67,66.67,8,4,64.29,18,10,57.50,46,34,49.17,89,92,43.83,71,91,42.86,24,32,44.68,21,26,2018,Regular,From
NYI,25,32,55.90,66.67,4,2,62.50,5,3,60.00,12,8,48.72,19,20,62.50,15,9,64.29,9,5,42.86,6,8,NYI,25,32,49.97,51.95,40,37,53.57,45,39,59.35,146,100,50.00,166,166,37.37,71,119,47.71,52,57,44.44,48,60,NYI,25,32,49.93,48.89,22,23,60.47,26,17,52.04,51,47,54.17,65,55,43.48,30,39,44.23,23,29,38.78,19,30,NYI,25,32,52.36,58.33,35,25,60.87,28,18,61.40,70,44,50.55,92,90,42.59,46,62,49.23,32,33,42.86,21,28,2018,Regular,From
NYR,25,28,52.40,66.67,4,2,62.50,10,6,52.00,13,12,41.86,18,25,59.09,13,9,42.86,3,4,100.00,2,0,NYR,25,28,48.77,57.50,23,17,56.12,78,61,52.26,127,116,50.22,228,226,38.66,75,119,47.06,40,45,42.86,9,12,NYR,25,28,48.15,56.00,14,11,58.67,44,31,58.14,50,36,40.00,72,108,42.68,35,47,54.90,28,23,37.50,3,5,NYR,25,28,47.08,52.63,10,9,59.15,42,29,57.80,63,46,48.17,105,113,29.29,29,70,43.10,25,33,27.27,3,8,2018,Regular,From
OTT,25,24,46.13,50.00,3,3,33.33,3,6,50.00,12,12,48.65,18,19,47.62,10,11,36.36,4,7,42.86,3,4,OTT,25,24,50.07,52.17,36,33,42.11,24,33,56.25,117,91,50.46,219,215,50.26,97,96,31.25,20,44,47.06,32,36,OTT,25,24,49.05,45.83,11,13,56.82,25,19,47.06,48,54,50.26,97,96,54.12,46,39,50.00,14,14,19.23,5,21,OTT,25,24,45.04,67.65,23,11,57.14,36,27,64.66,75,41,41.63,97,136,31.40,38,83,28.95,11,27,25.58,11,32,2018,Regular,From
PHI,25,23,52.42,83.33,5,1,40.00,4,6,42.86,6,8,57.50,23,17,40.00,8,12,50.00,3,3,71.43,5,2,PHI,25,23,49.50,48.00,24,26,56.25,72,56,57.54,103,76,49.32,218,224,43.10,100,132,40.57,43,63,50.00,23,23,PHI,25,23,48.08,83.33,15,3,49.09,27,28,50.88,29,28,48.74,97,102,41.67,35,49,38.64,17,27,36.00,9,16,PHI,25,23,50.38,70.97,22,9,64.29,45,25,65.88,56,29,49.58,118,120,37.07,43,73,36.11,13,23,22.73,5,17,2018,Regular,From
PIT,25,27,38.98,0.00,0,13,54.55,6,5,54.17,13,11,40.00,12,18,42.86,6,8,14.29,1,6,66.67,2,1,PIT,25,27,53.06,56.03,65,51,60.92,53,34,52.24,140,128,54.50,236,197,47.93,81,88,48.75,39,41,59.02,36,25,PIT,25,27,48.46,65.22,30,16,60.98,25,16,54.46,61,51,43.21,70,92,44.78,30,37,41.67,15,21,33.33,6,12,PIT,25,27,46.02,40.00,22,33,53.66,22,19,58.27,74,53,45.16,98,119,49.30,35,36,29.82,17,40,38.10,8,13,2018,Regular,From
S.J,25,30,50.84,100.00,2,0,44.44,4,5,47.06,8,9,48.57,17,18,47.06,8,9,62.50,5,3,66.67,2,1,S.J,25,30,54.09,58.33,28,20,71.74,33,13,57.62,174,128,55.75,218,173,47.37,90,100,41.28,45,64,48.33,29,31,S.J,25,30,56.16,66.67,14,7,60.71,17,11,58.27,74,53,55.29,94,76,59.26,48,33,56.00,28,22,18.18,4,18,S.J,25,30,50.45,70.83,17,7,58.54,24,17,58.33,105,75,47.26,112,125,47.58,59,65,37.33,28,47,40.00,10,15,2018,Regular,From
STL,25,35,60.14,66.67,4,2,42.86,3,4,68.75,11,5,56.67,17,13,69.57,16,7,68.75,11,5,38.46,5,8,STL,25,35,53.08,53.73,36,31,44.44,16,20,56.38,106,82,52.41,228,207,54.95,111,91,41.22,54,77,49.58,59,60,STL,25,35,57.55,78.95,15,4,53.33,8,7,60.87,56,36,57.52,88,65,51.65,47,44,46.15,30,35,61.54,16,10,STL,25,35,49.95,64.00,16,9,40.00,8,12,56.84,54,41,46.19,109,127,48.57,51,54,39.71,27,41,46.00,23,27,2018,Regular,From
T.B,25,36,55.96,80.00,4,1,62.50,5,3,50.00,6,6,53.85,14,12,57.69,15,11,50.00,9,9,60.00,6,4,T.B,25,36,49.74,50.00,35,35,62.50,35,21,52.99,62,55,52.66,218,196,40.87,103,149,36.60,56,97,48.28,56,60,T.B,25,36,55.33,58.33,14,10,63.89,23,13,63.49,40,23,58.54,96,68,54.55,66,55,34.85,23,43,38.46,20,32,T.B,25,36,53.67,75.86,22,7,62.96,17,10,50.67,38,37,53.33,104,91,45.74,59,70,49.21,31,32,41.82,23,32,2018,Regular,From
TOR,25,31,54.51,85.71,6,1,44.44,8,10,33.33,6,12,62.86,22,13,54.55,12,10,57.14,8,6,53.85,7,6,TOR,25,31,47.22,64.91,37,20,64.54,91,50,56.69,89,68,41.79,196,273,40.23,70,104,38.54,37,59,41.67,30,42,TOR,25,31,51.29,56.52,13,10,61.84,47,29,61.33,46,29,50.44,114,112,41.54,27,38,36.84,14,24,41.94,13,18,TOR,25,31,54.94,48.28,14,15,64.86,48,26,67.06,57,28,53.52,137,119,49.40,41,42,47.62,20,22,43.48,20,26,2018,Regular,From
VAN,25,26,49.18,66.67,2,1,40.00,4,6,56.25,9,7,47.22,17,19,43.75,7,9,71.43,5,2,25.00,1,3,VAN,25,26,48.53,64.44,29,16,55.00,66,54,60.36,102,67,46.46,197,227,32.94,56,114,49.07,53,55,44.26,27,34,VAN,25,26,46.45,50.00,10,10,47.37,27,30,52.86,37,33,50.00,93,93,41.94,26,36,32.56,14,29,30.56,11,25,VAN,25,26,52.05,66.67,12,6,63.64,35,20,63.16,60,35,52.91,100,89,42.86,36,48,37.93,22,36,23.08,6,20,2018,Regular,From
VGK,25,31,52.24,50.00,4,4,22.22,2,7,60.00,12,8,61.11,22,14,57.69,15,11,42.86,6,8,36.36,4,7,VGK,25,31,50.93,51.85,28,26,66.67,46,23,55.49,91,73,48.94,208,217,49.75,100,101,44.00,44,56,40.17,47,70,VGK,25,31,52.22,50.00,9,9,69.23,27,12,58.62,51,36,45.06,73,89,47.52,48,53,63.41,26,15,40.38,21,31,VGK,25,31,50.07,47.83,11,12,70.83,34,14,54.17,52,44,48.99,97,101,37.60,47,78,45.59,31,37,42.86,27,36,2018,Regular,From
WPG,25,34,55.31,40.00,4,6,50.00,3,3,38.46,5,8,62.07,18,11,68.42,13,6,46.67,7,8,70.00,7,3,WPG,25,34,49.85,54.46,55,46,70.45,31,13,41.82,46,64,53.95,198,169,38.89,77,121,43.93,76,97,43.27,45,59,WPG,25,34,48.09,65.00,26,14,43.75,7,9,42.55,20,27,42.00,63,87,46.59,41,47,49.38,40,41,45.71,16,19,WPG,25,34,50.14,64.52,40,22,63.16,12,7,59.32,35,24,45.96,91,107,40.23,35,52,42.98,49,65,38.78,19,30,2018,Regular,From
WSH,25,29,52.87,55.56,5,4,54.55,6,5,55.00,11,9,46.88,15,17,64.29,9,5,44.44,4,5,57.14,4,3,WSH,25,29,47.04,59.30,51,35,61.33,46,29,57.83,133,97,41.27,163,232,43.52,84,109,46.15,24,28,27.14,19,51,WSH,25,29,45.28,59.52,25,17,56.67,17,13,51.69,46,43,41.99,76,105,36.05,31,55,43.24,16,21,41.38,12,17,WSH,25,29,51.71,74.42,32,11,56.52,26,20,57.60,72,53,51.98,92,85,42.15,51,70,41.18,14,20,42.31,11,15,2018,Regular,From
ANA,24,24,46.90,54.55,6,5,55.56,5,4,41.18,7,10,42.42,14,19,53.85,7,6,54.55,6,5,40.00,2,3,ANA,24,24,44.54,60.00,36,24,53.25,41,36,52.08,125,115,41.84,159,221,36.21,84,148,32.89,25,51,48.65,36,38,ANA,24,24,46.05,46.43,13,15,58.82,30,21,56.36,62,48,42.33,69,94,44.09,56,71,25.81,8,23,34.78,8,15,ANA,24,24,45.10,60.71,17,11,53.85,28,24,53.03,70,62,42.27,82,112,35.19,38,70,54.84,17,14,34.78,8,15,2018,Regular,From
ARI,24,13,38.33,66.67,6,3,52.94,9,8,33.33,10,20,35.90,14,25,28.57,4,10,20.00,1,4,0.00,0,1,ARI,24,13,46.32,57.14,60,45,49.19,91,94,49.43,86,88,48.28,197,211,40.70,81,118,43.40,23,30,0.00,0,1,ARI,24,13,45.84,65.00,26,14,46.99,39,44,53.85,42,36,45.83,88,104,40.00,36,54,38.10,8,13,0.00,0,1,ARI,24,13,49.13,55.56,30,24,54.90,56,46,53.47,54,47,52.50,105,95,43.93,47,60,43.48,10,13,0.00,0,0,2018,Regular,From
BOS,24,28,47.96,66.67,2,1,45.45,5,6,42.11,8,11,44.44,16,20,55.56,10,8,77.78,7,2,16.67,1,5,BOS,24,28,52.09,56.86,29,22,55.93,66,52,59.86,85,57,50.96,185,178,48.58,120,127,46.53,47,54,44.74,34,42,BOS,24,28,54.03,69.23,9,4,65.91,29,15,56.92,37,28,48.75,78,82,46.43,52,60,55.00,33,27,52.94,27,24,BOS,24,28,52.11,66.67,16,8,61.54,32,20,51.39,37,35,54.84,102,84,40.00,56,84,53.06,26,23,40.48,17,25,2018,Regular,From
BUF,24,16,39.97,57.14,8,6,28.57,4,10,42.11,8,11,41.67,15,21,38.46,5,8,25.00,1,3,25.00,1,3,BUF,24,16,48.95,50.00,50,50,60.00,48,32,56.54,134,103,47.72,199,218,46.70,106,121,29.03,9,22,33.33,3,6,BUF,24,16,43.26,59.65,34,23,33.33,9,18,45.92,45,53,43.36,62,81,43.75,35,45,29.41,5,12,25.00,1,3,BUF,24,16,47.13,59.02,36,25,51.22,21,20,64.35,74,41,45.74,86,102,35.44,28,51,21.74,5,18,50.00,2,2,2018,Regular,From
CAR,24,25,48.72,60.00,6,4,44.44,4,5,50.00,12,12,44.74,17,21,60.00,12,8,25.00,2,6,100.00,1,0,CAR,24,25,55.36,64.41,38,21,64.77,57,31,64.96,152,82,54.08,265,225,53.44,101,88,40.00,42,63,32.43,12,25,CAR,24,25,51.95,57.69,15,11,46.15,18,21,64.08,66,37,54.50,121,101,41.43,29,41,38.10,16,26,35.29,6,11,CAR,24,25,58.27,76.92,20,6,84.62,33,6,68.10,79,37,56.58,159,122,48.60,52,55,41.51,22,31,40.00,8,12,2018,Regular,From
CBJ,24,31,57.36,66.67,2,1,50.00,4,4,55.00,11,9,58.97,23,16,52.63,10,9,63.64,7,4,66.67,4,2,CBJ,24,31,54.28,62.50,20,12,66.96,77,38,60.34,108,71,54.03,268,228,48.40,121,129,40.74,33,48,47.50,38,42,CBJ,24,31,53.90,77.78,7,2,53.85,14,12,56.96,45,34,51.38,93,88,54.55,48,40,44.19,19,24,50.00,17,17,CBJ,24,31,50.19,40.00,4,6,56.25,27,21,55.91,52,41,55.42,138,111,38.39,43,69,30.43,14,32,39.53,17,26,2018,Regular,From
CGY,24,27,48.16,40.00,2,3,50.00,4,4,47.06,8,9,54.29,19,16,33.33,7,14,80.00,8,2,0.00,0,3,CGY,24,27,49.67,57.50,23,17,50.00,47,47,45.83,77,91,50.00,289,289,56.69,72,55,44.71,38,47,45.65,21,25,CGY,24,27,53.52,65.38,17,9,58.97,23,16,50.00,36,36,53.08,138,122,57.81,37,27,43.18,19,25,55.00,11,9,CGY,24,27,52.27,72.73,16,6,61.43,43,27,56.99,53,40,51.74,149,139,51.79,29,27,42.50,17,23,27.78,5,13,2018,Regular,From
CHI,24,27,54.07,50.00,5,5,33.33,2,4,46.15,6,7,50.00,15,15,66.67,10,5,61.54,8,5,66.67,10,5,CHI,24,27,50.72,60.87,42,27,64.29,72,40,46.74,86,98,48.88,218,228,48.61,70,74,46.76,65,74,47.90,57,62,CHI,24,27,50.72,72.97,27,10,57.14,28,21,55.00,33,27,52.07,88,81,37.78,17,28,33.33,15,30,43.18,19,25,CHI,24,27,57.65,77.78,28,8,62.90,39,23,54.64,53,44,57.52,130,96,59.21,45,31,44.26,27,34,50.75,34,33,2018,Regular,From
COL,24,26,48.83,45.45,5,6,62.50,5,3,46.67,7,8,50.00,16,16,42.11,8,11,83.33,5,1,40.00,4,6,COL,24,26,47.93,59.72,43,29,61.29,38,24,49.66,74,75,47.23,179,200,47.75,85,93,34.83,31,58,34.67,26,49,COL,24,26,43.71,38.46,15,24,55.17,16,13,49.37,39,40,44.59,70,87,43.75,28,36,37.14,13,22,29.41,10,24,COL,24,26,49.34,45.10,23,28,75.00,15,5,55.79,53,42,52.53,114,103,50.55,46,45,21.43,6,22,26.19,11,31,2018,Regular,From
DAL,24,27,50.20,40.00,2,3,30.00,3,7,52.94,9,8,51.43,18,17,63.64,14,8,44.44,4,5,40.00,2,3,DAL,24,27,51.40,65.15,43,23,65.17,58,31,52.11,74,68,50.69,220,214,44.39,95,119,39.47,15,23,50.65,39,38,DAL,24,27,52.18,50.00,7,7,52.38,22,20,46.03,29,34,49.65,71,72,55.06,49,40,60.00,15,10,50.00,23,23,DAL,24,27,51.64,60.00,18,12,60.00,33,22,53.52,38,33,49.12,111,115,48.57,51,54,25.81,8,23,57.89,33,24,2018,Regular,From
DET,24,25,45.36,75.00,3,1,33.33,4,8,47.37,9,10,50.00,16,16,40.91,9,13,42.86,3,4,33.33,1,2,DET,24,25,48.87,51.16,22,21,61.17,63,40,50.24,105,104,49.31,250,257,37.68,52,86,53.47,54,47,38.81,26,41,DET,24,25,52.33,63.64,14,8,49.02,25,26,50.00,37,37,55.73,107,85,52.94,36,32,45.45,15,18,39.39,13,20,DET,24,25,47.81,70.00,14,6,68.09,32,15,55.17,48,39,46.43,91,105,36.11,26,46,40.00,16,24,25.00,7,21,2018,Regular,From
EDM,24,20,47.18,50.00,5,5,25.00,2,6,45.45,10,12,50.00,18,18,40.00,6,9,71.43,5,2,57.14,4,3,EDM,24,20,52.52,57.89,66,48,53.99,88,75,60.50,121,79,50.94,243,234,55.78,82,65,47.62,20,22,45.65,21,25,EDM,24,20,55.95,59.09,26,18,61.40,35,22,53.52,38,33,60.00,108,72,48.53,33,35,62.50,10,6,50.00,10,10,EDM,24,20,52.74,64.81,35,19,67.47,56,27,52.00,52,48,57.59,148,109,39.13,27,42,23.08,6,20,41.38,12,17,2018,Regular,From
FLA,24,22,45.52,33.33,2,4,53.33,8,7,52.00,13,12,42.42,14,19,37.50,6,10,55.56,5,4,40.00,4,6,FLA,24,22,49.18,48.75,39,41,55.24,58,47,59.42,164,112,51.83,241,224,37.72,63,104,34.72,25,47,33.33,16,32,FLA,24,22,51.41,66.67,14,7,54.35,25,21,55.34,57,46,54.05,80,68,44.78,30,37,36.84,14,24,50.00,6,6,FLA,24,22,45.28,60.61,20,13,43.90,18,23,52.46,64,58,46.49,86,99,39.39,26,40,38.64,17,27,23.53,4,13,2018,Regular,From
L.A,24,29,53.07,100.00,4,0,63.64,7,4,42.11,8,11,45.71,16,19,46.67,7,8,71.43,5,2,80.00,4,1,L.A,24,29,49.12,45.90,28,33,52.33,45,41,53.49,138,120,51.71,227,212,48.15,78,84,32.88,24,49,40.74,22,32,L.A,24,29,49.52,62.96,17,10,37.04,10,17,49.17,59,61,56.40,119,92,39.29,22,34,40.00,12,18,33.33,9,18,L.A,24,29,51.31,48.00,12,13,41.46,17,24,59.63,65,44,56.44,127,98,52.63,40,36,23.26,10,33,37.50,12,20,2018,Regular,From
MIN,24,25,46.71,50.00,2,2,66.67,4,2,38.10,8,13,46.88,15,17,58.82,10,7,54.55,6,5,27.27,3,8,MIN,24,25,47.72,40.48,17,25,63.53,54,31,56.87,120,91,44.13,203,257,45.86,83,98,39.66,23,35,42.86,21,28,MIN,24,25,48.43,42.86,6,8,68.57,24,11,60.23,53,35,46.15,78,91,33.33,20,40,50.00,13,13,30.43,7,16,MIN,24,25,45.09,50.00,8,8,56.76,21,16,55.88,57,45,46.22,104,121,36.84,35,60,25.81,8,23,23.08,6,20,2018,Regular,From
MTL,24,21,39.06,28.57,4,10,10.00,1,9,35.71,5,9,43.75,14,18,52.94,9,8,37.50,3,5,100.00,3,0,MTL,24,21,52.43,63.41,78,45,57.14,64,48,50.88,116,112,54.08,252,214,50.00,50,50,44.14,49,62,51.52,17,16,MTL,24,21,50.78,66.67,32,16,71.74,33,13,45.21,33,40,48.81,82,86,50.00,27,27,40.38,21,31,46.67,7,8,MTL,24,21,50.72,50.98,26,25,67.09,53,26,58.33,63,45,50.83,123,119,38.71,24,38,48.39,30,32,26.09,6,17,2018,Regular,From
N.J,24,32,51.32,75.00,3,1,50.00,5,5,57.14,12,9,54.76,23,19,35.00,7,13,42.86,3,4,66.67,2,1,N.J,24,32,46.78,46.00,23,27,55.56,35,28,47.24,94,105,47.95,199,216,46.59,130,149,28.24,24,61,45.45,20,24,N.J,24,32,46.22,55.56,10,8,47.37,9,10,49.38,40,41,42.70,79,106,48.82,62,65,35.14,13,24,43.75,7,9,N.J,24,32,45.54,72.73,16,6,43.75,14,18,58.82,50,35,42.47,93,126,39.84,49,74,31.71,13,28,44.44,4,5,2018,Regular,From
NSH,24,33,51.14,0.00,0,2,57.14,4,3,53.33,8,7,62.50,15,9,60.87,14,9,42.86,6,8,20.00,2,8,NSH,24,33,50.12,41.18,14,20,51.35,19,18,62.39,68,41,53.63,192,166,43.33,130,170,40.80,51,74,34.25,25,48,NSH,24,33,52.32,68.75,11,5,56.00,14,11,50.88,29,28,59.76,101,68,42.74,53,71,45.10,23,28,33.33,12,24,NSH,24,33,51.85,66.67,8,4,64.29,18,10,58.23,46,33,49.12,84,87,44.44,68,85,42.86,24,32,44.68,21,26,2018,Regular,From
NYI,24,32,55.86,66.67,4,2,57.14,4,3,61.11,11,7,48.57,17,18,65.22,15,8,64.29,9,5,42.86,6,8,NYI,24,32,49.76,51.95,40,37,54.22,45,38,59.38,133,91,49.68,156,158,37.50,69,115,47.71,52,57,44.44,48,60,NYI,24,32,50.57,48.89,22,23,61.90,26,16,54.44,49,41,55.26,63,51,43.28,29,38,44.23,23,29,38.78,19,30,NYI,24,32,52.07,58.33,35,25,61.36,27,17,61.32,65,41,49.14,86,89,43.81,46,59,49.23,32,33,42.86,21,28,2018,Regular,From
NYR,24,28,52.22,50.00,2,2,69.23,9,4,52.17,12,11,42.86,18,24,59.09,13,9,42.86,3,4,100.00,2,0,NYR,24,28,48.42,56.25,18,14,55.81,72,57,51.83,113,105,50.11,223,222,38.66,75,119,47.06,40,45,42.86,9,12,NYR,24,28,47.49,60.87,14,9,58.82,40,28,55.84,43,34,39.43,69,106,42.68,35,47,54.90,28,23,37.50,3,5,NYR,24,28,47.17,53.33,8,7,61.19,41,26,57.45,54,40,48.15,104,112,29.29,29,70,43.10,25,33,27.27,3,8,2018,Regular,From
OTT,24,24,46.57,50.00,3,3,37.50,3,5,52.17,12,11,48.65,18,19,47.62,10,11,36.36,4,7,42.86,3,4,OTT,24,24,51.05,68.97,20,9,46.81,22,25,56.93,115,87,50.46,219,215,50.26,97,96,31.25,20,44,47.06,32,36,OTT,24,24,49.45,50.00,7,7,60.53,23,15,46.46,46,53,50.26,97,96,54.12,46,39,50.00,14,14,19.23,5,21,OTT,24,24,45.05,83.33,15,3,56.60,30,23,65.18,73,39,41.63,97,136,31.40,38,83,28.95,11,27,25.58,11,32,2018,Regular,From
PHI,24,23,52.68,83.33,5,1,40.00,4,6,46.15,6,7,56.41,22,17,42.11,8,11,50.00,3,3,71.43,5,2,PHI,24,23,49.94,48.00,24,26,57.76,67,49,60.25,97,64,49.77,217,219,42.60,95,128,40.57,43,63,50.00,23,23,PHI,24,23,48.46,83.33,15,3,55.81,24,19,50.88,29,28,48.22,95,102,41.98,34,47,38.64,17,27,36.00,9,16,PHI,24,23,51.14,70.97,22,9,68.42,39,18,68.42,52,24,50.00,116,116,37.50,42,70,36.11,13,23,22.73,5,17,2018,Regular,From
PIT,24,25,38.57,0.00,0,13,54.55,6,5,54.17,13,11,40.00,12,18,42.86,6,8,14.29,1,6,100.00,1,0,PIT,24,25,52.92,56.03,65,51,60.92,53,34,52.24,140,128,55.21,233,189,48.21,81,87,48.75,39,41,66.67,16,8,PIT,24,25,48.15,65.22,30,16,60.98,25,16,54.46,61,51,43.14,66,87,44.78,30,37,41.67,15,21,22.22,2,7,PIT,24,25,46.56,40.00,22,33,53.66,22,19,58.27,74,53,46.63,97,111,49.30,35,36,29.82,17,40,57.14,4,3,2018,Regular,From
S.J,24,30,51.72,100.00,1,0,57.14,4,3,50.00,8,8,47.06,16,18,50.00,8,8,62.50,5,3,66.67,2,1,S.J,24,30,54.84,55.81,24,19,74.36,29,10,57.91,172,125,57.95,204,148,48.39,90,96,41.28,45,64,48.33,29,31,S.J,24,30,56.20,70.00,14,6,62.50,15,9,58.27,74,53,55.06,87,71,59.26,48,33,56.00,28,22,18.18,4,18,S.J,24,30,50.58,76.19,16,5,65.71,23,12,57.95,102,74,46.30,100,116,47.58,59,65,37.33,28,47,40.00,10,15,2018,Regular,From
STL,24,35,59.56,60.00,3,2,33.33,2,4,68.75,11,5,58.62,17,12,69.57,16,7,68.75,11,5,38.46,5,8,STL,24,35,53.43,53.49,23,20,47.06,16,18,56.98,102,77,52.78,228,204,54.95,111,91,41.22,54,77,49.58,59,60,STL,24,35,57.19,85.71,12,2,53.33,8,7,58.62,51,36,57.89,88,64,51.65,47,44,46.15,30,35,61.54,16,10,STL,24,35,49.84,62.50,10,6,26.67,4,11,57.95,51,37,46.38,109,126,48.57,51,54,39.71,27,41,46.00,23,27,2018,Regular,From
T.B,24,36,56.75,75.00,3,1,71.43,5,2,54.55,6,5,56.00,14,11,57.69,15,11,50.00,9,9,60.00,6,4,T.B,24,36,50.28,49.23,32,33,70.45,31,13,55.91,52,41,53.07,216,191,40.87,103,149,36.60,56,97,48.28,56,60,T.B,24,36,56.36,57.89,11,8,80.00,20,5,66.67,36,18,59.01,95,66,54.55,66,55,34.85,23,43,38.46,20,32,T.B,24,36,53.54,77.78,21,6,60.87,14,9,45.90,28,33,54.21,103,87,45.74,59,70,49.21,31,32,41.82,23,32,2018,Regular,From
TOR,24,31,54.61,83.33,5,1,43.75,7,9,35.29,6,11,64.71,22,12,54.55,12,10,57.14,8,6,53.85,7,6,TOR,24,31,46.57,63.27,31,18,64.57,82,45,56.67,85,65,41.21,190,271,40.23,70,104,38.54,37,59,41.67,30,42,TOR,24,31,50.84,59.09,13,9,63.24,43,25,59.38,38,26,50.23,111,110,41.54,27,38,36.84,14,24,41.94,13,18,TOR,24,31,55.29,53.85,14,12,65.15,43,23,68.92,51,23,53.33,136,119,49.40,41,42,47.62,20,22,43.48,20,26,2018,Regular,From
VAN,24,26,50.99,66.67,2,1,50.00,4,4,60.00,9,6,48.57,17,18,43.75,7,9,71.43,5,2,25.00,1,3,VAN,24,26,48.96,63.16,24,14,61.96,57,35,60.36,102,67,46.47,191,220,32.94,56,114,49.07,53,55,44.26,27,34,VAN,24,26,46.78,44.44,8,10,48.84,21,22,52.17,36,33,51.38,93,88,41.94,26,36,32.56,14,29,30.56,11,25,VAN,24,26,51.89,64.29,9,5,67.44,29,14,63.16,60,35,52.20,95,87,42.86,36,48,37.93,22,36,23.08,6,20,2018,Regular,From
VGK,24,31,52.03,33.33,2,4,33.33,2,4,57.89,11,8,60.00,21,14,60.00,15,10,42.86,6,8,36.36,4,7,VGK,24,31,50.95,52.83,28,25,65.63,42,22,55.19,85,69,49.15,202,209,50.81,94,91,44.00,44,56,40.17,47,70,VGK,24,31,52.38,50.00,9,9,72.73,24,9,58.82,50,35,44.38,71,89,49.44,44,45,63.41,26,15,40.38,21,31,VGK,24,31,49.54,47.83,11,12,67.57,25,12,53.19,50,44,49.22,95,98,37.61,44,73,45.59,31,37,42.86,27,36,2018,Regular,From
WPG,24,33,54.69,40.00,4,6,50.00,3,3,38.46,5,8,59.26,16,11,72.22,13,5,46.67,7,8,70.00,7,3,WPG,24,33,49.32,54.46,55,46,70.45,31,13,41.82,46,64,53.35,175,153,38.34,74,119,43.93,76,97,43.27,45,59,WPG,24,33,47.90,65.00,26,14,43.75,7,9,42.55,20,27,41.91,57,79,45.88,39,46,49.38,40,41,45.71,16,19,WPG,24,33,49.67,64.52,40,22,63.16,12,7,59.32,35,24,44.44,80,100,40.48,34,50,42.98,49,65,38.78,19,30,2018,Regular,From
WSH,24,27,52.26,55.56,5,4,54.55,6,5,55.00,11,9,45.16,14,17,61.54,8,5,42.86,3,4,66.67,4,2,WSH,24,27,47.20,59.30,51,35,61.33,46,29,57.83,133,97,41.60,161,226,43.55,81,105,50.00,19,19,27.42,17,45,WSH,24,27,45.11,59.52,25,17,56.67,17,13,51.69,46,43,42.05,74,102,37.33,28,47,41.38,12,17,39.29,11,17,WSH,24,27,51.37,74.42,32,11,56.52,26,20,57.60,72,53,52.27,92,84,41.82,46,64,42.31,11,15,34.78,8,15,2018,Regular,From
ANA,23,24,48.45,57.14,4,3,62.50,5,3,43.75,7,9,43.75,14,18,53.85,7,6,54.55,6,5,40.00,2,3,ANA,23,24,44.60,75.00,21,7,53.33,40,35,52.14,122,112,41.82,156,217,36.21,84,148,32.89,25,51,48.65,36,38,ANA,23,24,47.01,72.73,8,3,58.82,30,21,55.96,61,48,42.59,69,93,44.09,56,71,25.81,8,23,34.78,8,15,ANA,23,24,46.02,77.78,7,2,54.90,28,23,54.69,70,58,42.86,81,108,35.19,38,70,54.84,17,14,34.78,8,15,2018,Regular,From
ARI,23,13,38.76,66.67,6,3,50.00,8,8,35.71,10,18,36.84,14,24,28.57,4,10,20.00,1,4,0.00,0,1,ARI,23,13,46.26,57.14,60,45,48.24,82,88,49.07,79,82,48.61,192,203,40.70,81,118,43.40,23,30,0.00,0,1,ARI,23,13,45.84,65.00,26,14,47.44,37,41,55.56,40,32,44.97,85,104,40.00,36,54,38.10,8,13,0.00,0,1,ARI,23,13,48.88,55.56,30,24,56.04,51,40,51.58,49,46,52.08,100,92,43.93,47,60,43.48,10,13,0.00,0,0,2018,Regular,From
BOS,23,26,46.44,66.67,2,1,45.45,5,6,42.11,8,11,42.86,15,20,52.94,9,8,75.00,6,2,16.67,1,5,BOS,23,26,51.83,56.86,29,22,55.93,66,52,59.86,85,57,50.43,176,173,47.92,115,125,47.42,46,51,45.90,28,33,BOS,23,26,53.35,69.23,9,4,65.91,29,15,56.92,37,28,48.75,78,82,45.87,50,59,55.00,33,27,48.72,19,20,BOS,23,26,52.16,66.67,16,8,61.54,32,20,51.39,37,35,54.49,97,81,39.26,53,82,54.17,26,22,46.67,14,16,2018,Regular,From
BUF,23,16,40.25,57.14,8,6,28.57,4,10,44.44,8,10,41.67,15,21,38.46,5,8,25.00,1,3,25.00,1,3,BUF,23,16,48.42,46.81,44,50,56.92,37,28,55.71,122,97,48.25,193,207,46.70,106,121,29.03,9,22,33.33,3,6,BUF,23,16,43.12,59.18,29,20,33.33,8,16,44.57,41,51,43.88,61,78,43.75,35,45,29.41,5,12,25.00,1,3,BUF,23,16,45.86,52.94,27,24,50.00,17,17,64.42,67,37,44.57,78,97,35.44,28,51,21.74,5,18,50.00,2,2,2018,Regular,From
CAR,23,25,49.55,60.00,6,4,50.00,4,4,52.17,12,11,44.44,16,20,60.00,12,8,25.00,2,6,100.00,1,0,CAR,23,25,54.96,64.41,38,21,64.77,57,31,64.59,135,74,53.89,263,225,52.91,91,81,40.00,42,63,32.43,12,25,CAR,23,25,51.65,57.69,15,11,46.15,18,21,63.33,57,33,54.50,121,101,41.18,28,40,38.10,16,26,35.29,6,11,CAR,23,25,58.98,75.00,18,6,84.62,33,6,71.72,71,28,56.43,158,122,50.50,51,50,41.51,22,31,40.00,8,12,2018,Regular,From
CBJ,23,31,58.03,66.67,2,1,42.86,3,4,57.89,11,8,60.53,23,15,52.63,10,9,63.64,7,4,66.67,4,2,CBJ,23,31,54.36,62.50,20,12,69.23,63,28,60.87,98,63,54.03,268,228,48.40,121,129,40.74,33,48,47.50,38,42,CBJ,23,31,54.06,77.78,7,2,57.89,11,8,55.07,38,31,51.67,93,87,54.55,48,40,44.19,19,24,50.00,17,17,CBJ,23,31,50.33,40.00,4,6,62.16,23,14,52.56,41,37,55.65,138,110,38.39,43,69,30.43,14,32,39.53,17,26,2018,Regular,From
CGY,23,27,49.67,25.00,1,3,66.67,4,2,50.00,8,8,55.88,19,15,33.33,7,14,80.00,8,2,0.00,0,3,CGY,23,27,49.85,57.89,22,16,50.00,41,41,46.20,73,85,50.00,281,281,56.69,72,55,44.71,38,47,45.65,21,25,CGY,23,27,53.59,66.67,16,8,55.88,19,15,50.77,33,32,52.99,133,118,57.81,37,27,43.18,19,25,55.00,11,9,CGY,23,27,53.04,84.21,16,3,64.29,36,20,55.29,47,38,52.35,145,132,51.79,29,27,42.50,17,23,27.78,5,13,2018,Regular,From
CHI,23,27,54.05,50.00,5,5,20.00,1,4,41.67,5,7,53.57,15,13,66.67,10,5,61.54,8,5,66.67,10,5,CHI,23,27,50.49,60.87,42,27,64.08,66,37,43.87,68,87,48.96,212,221,48.61,70,74,46.76,65,74,47.90,57,62,CHI,23,27,50.35,72.97,27,10,57.78,26,19,46.81,22,25,53.50,84,73,37.78,17,28,33.33,15,30,43.18,19,25,CHI,23,27,57.79,77.78,28,8,62.90,39,23,50.60,42,41,58.88,126,88,59.21,45,31,44.26,27,34,50.75,34,33,2018,Regular,From
COL,23,26,49.22,45.45,5,6,62.50,5,3,46.67,7,8,51.61,16,15,42.11,8,11,83.33,5,1,40.00,4,6,COL,23,26,47.46,59.72,43,29,61.29,38,24,49.30,70,72,46.18,163,190,47.75,85,93,34.83,31,58,34.67,26,49,COL,23,26,42.62,38.46,15,24,55.17,16,13,46.58,34,39,42.95,64,85,43.75,28,36,37.14,13,22,29.41,10,24,COL,23,26,48.80,45.10,23,28,75.00,15,5,53.16,42,37,52.53,104,94,50.55,46,45,21.43,6,22,26.19,11,31,2018,Regular,From
DAL,23,25,48.76,40.00,2,3,30.00,3,7,52.94,9,8,50.00,17,17,61.90,13,8,37.50,3,5,40.00,2,3,DAL,23,25,51.55,65.15,43,23,65.17,58,31,52.11,74,68,51.39,204,193,44.34,94,118,39.47,15,23,51.67,31,29,DAL,23,25,52.32,50.00,7,7,52.38,22,20,46.03,29,34,49.62,66,67,54.55,48,40,60.00,15,10,52.27,23,21,DAL,23,25,51.51,60.00,18,12,60.00,33,22,53.52,38,33,48.82,103,108,49.02,50,52,25.81,8,23,58.49,31,22,2018,Regular,From
DET,23,24,45.08,75.00,3,1,27.27,3,8,47.06,8,9,50.00,15,15,42.86,9,12,42.86,3,4,33.33,1,2,DET,23,24,48.72,51.16,22,21,61.17,63,40,50.00,89,89,49.09,243,252,36.72,47,81,53.47,54,47,38.81,26,41,DET,23,24,52.66,63.64,14,8,49.02,25,26,50.72,35,34,55.79,106,84,53.85,35,30,45.45,15,18,39.39,13,20,DET,23,24,47.71,70.00,14,6,68.09,32,15,55.70,44,35,46.32,88,102,34.78,24,45,40.00,16,24,25.00,7,21,2018,Regular,From
EDM,23,18,45.46,50.00,5,5,25.00,2,6,42.86,9,12,47.06,16,18,38.46,5,8,71.43,5,2,57.14,4,3,EDM,23,18,52.30,57.89,66,48,53.99,88,75,60.31,117,77,50.11,225,224,57.58,76,56,50.00,20,20,45.65,21,25,EDM,23,18,56.12,59.09,26,18,61.40,35,22,52.86,37,33,59.88,103,69,50.79,32,31,62.50,10,6,50.00,10,10,EDM,23,18,53.24,64.81,35,19,67.47,56,27,54.17,52,44,57.94,146,106,38.71,24,38,23.08,6,20,41.38,12,17,2018,Regular,From
FLA,23,20,45.28,33.33,2,4,53.33,8,7,52.00,13,12,40.63,13,19,35.71,5,9,50.00,3,3,50.00,4,4,FLA,23,20,49.23,48.75,39,41,55.24,58,47,59.42,164,112,51.97,237,219,36.62,52,90,33.87,21,41,32.50,13,27,FLA,23,20,51.95,66.67,14,7,54.35,25,21,55.34,57,46,54.55,78,65,48.28,28,30,35.48,11,20,40.00,4,6,FLA,23,20,44.74,60.61,20,13,43.90,18,23,52.46,64,58,46.45,85,98,39.22,20,31,35.00,14,26,15.38,2,11,2018,Regular,From
L.A,23,27,53.14,100.00,4,0,63.64,7,4,38.89,7,11,47.06,16,18,46.67,7,8,71.43,5,2,80.00,4,1,L.A,23,27,48.98,45.90,28,33,52.33,45,41,52.05,114,105,52.22,223,204,48.15,78,84,32.88,24,49,40.74,22,32,L.A,23,27,49.43,62.96,17,10,37.04,10,17,46.81,44,50,56.80,117,89,39.29,22,34,40.00,12,18,33.33,9,18,L.A,23,27,50.71,48.00,12,13,41.46,17,24,56.25,54,42,56.56,125,96,52.63,40,36,23.26,10,33,37.50,12,20,2018,Regular,From
MIN,23,25,48.17,100.00,2,0,66.67,4,2,40.00,8,12,46.67,14,16,56.25,9,7,60.00,6,4,27.27,3,8,MIN,23,25,47.72,32.26,10,21,64.20,52,29,56.94,119,90,44.42,199,249,45.51,81,97,40.35,23,34,42.86,21,28,MIN,23,25,48.31,36.36,4,7,67.65,23,11,61.63,53,33,45.45,75,90,32.20,19,40,52.00,13,12,30.43,7,16,MIN,23,25,45.50,50.00,5,5,54.55,18,15,55.88,57,45,47.03,103,116,36.84,35,60,27.59,8,21,23.08,6,20,2018,Regular,From
MTL,23,19,38.35,28.57,4,10,10.00,1,9,35.71,5,9,43.75,14,18,50.00,8,8,37.50,3,5,100.00,3,0,MTL,23,19,52.92,63.41,78,45,57.14,64,48,50.88,116,112,53.67,241,208,53.66,44,38,46.88,45,51,62.96,17,10,MTL,23,19,50.65,66.67,32,16,71.74,33,13,45.21,33,40,48.17,79,85,52.08,25,23,38.78,19,30,57.14,4,3,MTL,23,19,51.53,50.98,26,25,67.09,53,26,58.33,63,45,51.53,118,111,39.22,20,31,49.09,27,28,38.46,5,8,2018,Regular,From
N.J,23,32,51.38,75.00,3,1,50.00,5,5,52.63,10,9,57.50,23,17,35.00,7,13,42.86,3,4,66.67,2,1,N.J,23,32,46.96,46.00,23,27,55.56,35,28,45.11,83,101,49.61,189,192,46.59,130,149,28.24,24,61,45.45,20,24,N.J,23,32,46.31,55.56,10,8,47.37,9,10,47.95,35,38,43.20,73,96,48.82,62,65,35.14,13,24,43.75,7,9,N.J,23,32,45.65,72.73,16,6,43.75,14,18,57.32,47,35,43.20,89,117,39.84,49,74,31.71,13,28,44.44,4,5,2018,Regular,From
NSH,23,31,51.26,0.00,0,2,57.14,4,3,53.33,8,7,59.09,13,9,63.64,14,8,46.15,6,7,20.00,2,8,NSH,23,31,50.28,41.18,14,20,51.35,19,18,62.39,68,41,53.62,185,160,43.91,119,152,41.38,48,68,34.25,25,48,NSH,23,31,52.86,68.75,11,5,56.00,14,11,50.88,29,28,59.24,93,64,45.95,51,60,44.68,21,26,33.33,12,24,NSH,23,31,52.12,66.67,8,4,64.29,18,10,58.23,46,33,47.80,76,83,46.76,65,74,42.86,24,32,44.68,21,26,2018,Regular,From
NYI,23,30,54.29,66.67,4,2,57.14,4,3,61.11,11,7,47.06,16,18,63.64,14,8,58.33,7,5,42.86,6,8,NYI,23,30,49.02,51.95,40,37,54.22,45,38,59.38,133,91,49.50,149,152,37.50,69,115,40.74,33,48,45.54,46,55,NYI,23,30,49.89,48.89,22,23,61.90,26,16,54.44,49,41,53.21,58,51,43.94,29,37,39.47,15,23,40.43,19,28,NYI,23,30,52.20,58.33,35,25,61.36,27,17,61.32,65,41,50.00,84,84,43.81,46,59,49.06,26,27,44.44,20,25,2018,Regular,From
NYR,23,26,52.34,50.00,2,2,66.67,8,4,50.00,10,10,45.00,18,22,59.09,13,9,42.86,3,4,100.00,2,0,NYR,23,26,48.99,56.25,18,14,58.20,71,51,51.94,107,99,50.95,214,206,38.66,75,119,47.06,40,45,42.86,9,12,NYR,23,26,47.40,60.87,14,9,57.81,37,27,57.75,41,30,38.27,62,100,42.68,35,47,54.90,28,23,37.50,3,5,NYR,23,26,47.77,53.33,8,7,65.00,39,21,60.24,50,33,47.76,96,105,29.29,29,70,43.10,25,33,27.27,3,8,2018,Regular,From
OTT,23,22,46.32,50.00,3,3,37.50,3,5,50.00,11,11,48.48,16,17,47.37,9,10,40.00,4,6,42.86,3,4,OTT,23,22,51.11,68.97,20,9,46.81,22,25,56.63,111,85,50.72,211,205,51.46,88,83,30.16,19,44,47.06,32,36,OTT,23,22,48.69,50.00,7,7,60.53,23,15,46.39,45,52,49.73,93,94,51.95,40,37,48.15,13,14,19.23,5,21,OTT,23,22,45.12,83.33,15,3,56.60,30,23,64.22,70,39,42.48,96,130,30.97,35,78,27.78,10,26,25.58,11,32,2018,Regular,From
PHI,23,22,53.43,83.33,5,1,40.00,4,6,46.15,6,7,57.14,20,15,43.75,7,9,50.00,3,3,71.43,5,2,PHI,23,22,50.77,48.00,24,26,57.76,67,49,61.04,94,60,51.39,204,193,43.33,91,119,40.95,43,62,50.00,23,23,PHI,23,22,49.18,83.33,15,3,55.81,24,19,50.00,28,28,50.28,89,88,41.77,33,46,38.64,17,27,36.00,9,16,PHI,23,22,50.74,70.97,22,9,68.42,39,18,68.06,49,23,49.32,109,112,37.74,40,66,34.29,12,23,22.73,5,17,2018,Regular,From
PIT,23,25,38.76,0.00,0,13,50.00,5,5,57.14,12,9,42.86,12,16,42.86,6,8,14.29,1,6,100.00,1,0,PIT,23,25,53.60,56.03,65,51,65.00,52,28,53.91,131,112,55.07,228,186,48.21,81,87,48.75,39,41,66.67,16,8,PIT,23,25,48.07,65.22,30,16,64.71,22,12,51.92,54,50,43.92,65,83,44.78,30,37,41.67,15,21,22.22,2,7,PIT,23,25,46.06,40.00,22,33,52.94,18,16,56.14,64,50,46.77,94,107,49.30,35,36,29.82,17,40,57.14,4,3,2018,Regular,From
S.J,23,28,51.22,100.00,1,0,57.14,4,3,46.67,7,8,46.88,15,17,50.00,8,8,62.50,5,3,66.67,2,1,S.J,23,28,55.21,55.81,24,19,74.36,29,10,58.25,166,119,58.36,185,132,49.71,85,86,41.28,45,64,48.33,29,31,S.J,23,28,55.88,70.00,14,6,62.50,15,9,58.33,70,50,53.28,73,64,60.00,45,30,56.00,28,22,18.18,4,18,S.J,23,28,50.31,76.19,16,5,65.71,23,12,57.31,98,73,45.08,87,106,48.25,55,59,37.33,28,47,40.00,10,15,2018,Regular,From
STL,23,33,58.80,60.00,3,2,33.33,2,4,68.75,11,5,58.62,17,12,68.18,15,7,66.67,10,5,38.46,5,8,STL,23,33,52.98,53.49,23,20,47.06,16,18,56.98,102,77,52.57,225,203,56.06,111,87,39.82,45,68,46.00,46,54,STL,23,33,57.43,85.71,12,2,53.33,8,7,58.62,51,36,57.72,86,63,51.72,45,42,49.12,28,29,59.09,13,9,STL,23,33,49.09,62.50,10,6,26.67,4,11,57.95,51,37,46.15,108,126,47.52,48,53,37.29,22,37,45.45,20,24,2018,Regular,From
T.B,23,34,56.35,75.00,3,1,71.43,5,2,54.55,6,5,56.00,14,11,56.00,14,11,50.00,9,9,60.00,6,4,T.B,23,34,50.12,49.23,32,33,70.45,31,13,55.91,52,41,53.03,210,186,40.83,98,142,35.34,47,86,48.28,56,60,T.B,23,34,56.30,57.89,11,8,80.00,20,5,66.67,36,18,58.23,92,66,53.85,63,54,34.62,18,34,38.46,20,32,T.B,23,34,53.68,77.78,21,6,60.87,14,9,45.90,28,33,54.05,100,85,47.15,58,65,49.12,28,29,41.82,23,32,2018,Regular,From
TOR,23,29,55.04,83.33,5,1,43.75,7,9,35.29,6,11,63.64,21,12,52.38,11,10,54.55,6,5,70.00,7,3,TOR,23,29,47.16,63.27,31,18,64.57,82,45,56.67,85,65,41.91,189,262,40.96,68,98,38.82,33,52,46.94,23,26,TOR,23,29,52.09,59.09,13,9,63.24,43,25,59.38,38,26,51.42,109,103,45.61,26,31,34.29,12,23,47.83,11,12,TOR,23,29,56.00,53.85,14,12,65.15,43,23,68.92,51,23,53.82,134,115,52.56,41,37,47.22,17,19,46.15,18,21,2018,Regular,From
VAN,23,25,51.14,66.67,2,1,50.00,4,4,60.00,9,6,45.45,15,18,46.15,6,7,83.33,5,1,25.00,1,3,VAN,23,25,48.15,63.16,24,14,61.96,57,35,60.36,102,67,45.34,175,211,31.65,50,108,46.53,47,54,44.26,27,34,VAN,23,25,46.67,44.44,8,10,48.84,21,22,52.17,36,33,51.79,87,81,39.29,22,34,33.33,13,26,30.56,11,25,VAN,23,25,51.16,64.29,9,5,67.44,29,14,63.16,60,35,52.69,88,79,39.73,29,44,33.33,17,34,23.08,6,20,2018,Regular,From
VGK,23,31,53.01,33.33,2,4,33.33,2,4,58.82,10,7,62.50,20,12,62.50,15,9,42.86,6,8,36.36,4,7,VGK,23,31,50.99,52.83,28,25,65.63,42,22,54.42,80,67,49.59,183,186,50.81,94,91,44.00,44,56,40.17,47,70,VGK,23,31,52.53,50.00,9,9,71.88,23,9,57.83,48,35,44.52,65,81,50.00,44,44,63.41,26,15,40.38,21,31,VGK,23,31,48.95,47.83,11,12,67.57,25,12,52.81,47,42,47.40,82,91,37.61,44,73,45.59,31,37,42.86,27,36,2018,Regular,From
WPG,23,31,53.32,40.00,4,6,40.00,2,3,41.67,5,7,60.00,15,10,70.59,12,5,46.67,7,8,62.50,5,3,WPG,23,31,49.08,54.46,55,46,69.77,30,13,42.06,45,62,52.85,167,149,38.22,73,118,43.79,74,95,44.09,41,52,WPG,23,31,47.96,65.00,26,14,40.00,6,9,43.48,20,26,42.42,56,76,44.58,37,46,50.00,40,40,46.88,15,17,WPG,23,31,49.05,64.52,40,22,58.82,10,7,59.32,35,24,43.10,75,99,40.48,34,50,43.64,48,62,37.21,16,27,2018,Regular,From
WSH,23,25,50.67,55.56,5,4,54.55,6,5,52.63,10,9,43.33,13,17,58.33,7,5,42.86,3,4,66.67,4,2,WSH,23,25,46.59,59.30,51,35,61.33,46,29,56.28,121,94,40.86,152,220,43.98,73,93,50.00,19,19,27.42,17,45,WSH,23,25,45.20,59.52,25,17,56.67,17,13,51.22,42,40,41.42,70,99,39.39,26,40,41.38,12,17,39.29,11,17,WSH,23,25,52.03,74.42,32,11,56.52,26,20,57.63,68,50,53.22,91,80,42.86,39,52,44.00,11,14,34.78,8,15,2018,Regular,From
ANA,22,23,48.52,57.14,4,3,62.50,5,3,43.75,7,9,41.94,13,18,58.33,7,5,54.55,6,5,40.00,2,3,ANA,22,23,44.44,75.00,21,7,53.33,40,35,52.14,122,112,41.00,148,213,35.75,69,124,32.89,25,51,48.65,36,38,ANA,22,23,46.97,72.73,8,3,58.82,30,21,55.96,61,48,42.04,66,91,44.55,45,56,25.81,8,23,34.78,8,15,ANA,22,23,46.76,77.78,7,2,54.90,28,23,54.69,70,58,42.70,79,106,37.89,36,59,54.84,17,14,34.78,8,15,2018,Regular,From
ARI,22,11,37.74,66.67,6,3,50.00,8,8,35.71,10,18,36.84,14,24,23.08,3,10,0.00,0,4,0.00,0,1,ARI,22,11,46.14,57.14,60,45,48.24,82,88,49.07,79,82,48.28,183,196,40.94,70,101,42.31,22,30,0.00,0,1,ARI,22,11,46.72,65.00,26,14,47.44,37,41,55.56,40,32,46.02,81,95,42.50,34,46,38.10,8,13,0.00,0,1,ARI,22,11,49.72,55.56,30,24,56.04,51,40,51.58,49,46,53.33,96,84,45.36,44,53,45.45,10,12,0.00,0,0,2018,Regular,From
BOS,22,24,45.35,66.67,2,1,45.45,5,6,42.11,8,11,41.18,14,20,50.00,8,8,71.43,5,2,20.00,1,4,BOS,22,24,51.20,56.86,29,22,55.93,66,52,59.86,85,57,50.00,171,171,46.76,101,115,44.71,38,47,46.43,26,30,BOS,22,24,52.60,69.23,9,4,65.91,29,15,56.92,37,28,48.41,76,81,45.00,45,55,51.02,25,24,50.00,17,17,BOS,22,24,52.57,66.67,16,8,61.54,32,20,51.39,37,35,53.76,93,80,40.50,49,72,56.82,25,19,46.43,13,15,2018,Regular,From
BUF,22,14,38.79,57.14,8,6,28.57,4,10,44.44,8,10,40.00,14,21,33.33,4,8,0.00,0,3,33.33,1,2,BUF,22,14,48.23,46.81,44,50,56.92,37,28,55.71,122,97,46.97,178,201,46.58,102,117,38.46,5,8,33.33,3,6,BUF,22,14,42.88,59.18,29,20,33.33,8,16,44.57,41,51,44.53,57,71,42.31,33,45,23.08,3,10,25.00,1,3,BUF,22,14,46.22,52.94,27,24,50.00,17,17,64.42,67,37,43.67,69,89,35.90,28,50,25.00,3,9,50.00,2,2,2018,Regular,From
CAR,22,24,49.66,60.00,6,4,50.00,4,4,47.62,10,11,47.06,16,18,60.00,12,8,25.00,2,6,100.00,1,0,CAR,22,24,55.78,64.41,38,21,64.77,57,31,65.73,117,61,55.60,253,202,52.91,91,81,40.00,42,63,32.43,12,25,CAR,22,24,51.78,57.69,15,11,46.15,18,21,63.53,54,31,54.93,117,96,41.18,28,40,38.10,16,26,35.29,6,11,CAR,22,24,59.04,75.00,18,6,84.62,33,6,72.09,62,24,56.25,153,119,50.50,51,50,41.51,22,31,40.00,8,12,2018,Regular,From
CBJ,22,29,57.20,66.67,2,1,42.86,3,4,55.56,10,8,60.00,21,14,52.94,9,8,60.00,6,4,66.67,4,2,CBJ,22,29,54.21,62.50,20,12,69.23,63,28,60.87,98,63,53.15,245,216,48.78,120,126,41.03,32,46,48.10,38,41,CBJ,22,29,54.12,77.78,7,2,57.89,11,8,55.07,38,31,51.48,87,82,54.12,46,39,45.00,18,22,50.00,17,17,CBJ,22,29,50.15,40.00,4,6,62.16,23,14,52.56,41,37,54.98,127,104,38.74,43,68,29.55,13,31,40.48,17,25,2018,Regular,From
CGY,22,25,49.30,25.00,1,3,66.67,4,2,50.00,8,8,54.55,18,15,30.00,6,14,88.89,8,1,0.00,0,3,CGY,22,25,49.49,57.89,22,16,50.00,41,41,46.20,73,85,50.00,274,274,55.08,65,53,43.66,31,40,45.65,21,25,CGY,22,25,53.39,66.67,16,8,55.88,19,15,50.77,33,32,52.28,126,115,56.60,30,23,47.37,18,20,55.00,11,9,CGY,22,25,53.24,84.21,16,3,64.29,36,20,55.29,47,38,52.67,138,124,48.94,23,24,45.45,15,18,27.78,5,13,2018,Regular,From
CHI,22,25,52.81,50.00,5,5,20.00,1,4,41.67,5,7,51.85,14,13,64.29,9,5,58.33,7,5,72.73,8,3,CHI,22,25,50.15,60.87,42,27,64.08,66,37,43.87,68,87,48.83,208,218,48.55,67,71,46.72,64,73,45.98,40,47,CHI,22,25,49.06,72.97,27,10,57.78,26,19,46.81,22,25,53.21,83,73,38.64,17,27,33.33,15,30,25.93,7,20,CHI,22,25,57.21,77.78,28,8,62.90,39,23,50.60,42,41,58.37,122,87,56.94,41,31,43.33,26,34,52.08,25,23,2018,Regular,From
COL,22,24,49.59,45.45,5,6,62.50,5,3,42.86,6,8,55.17,16,13,42.11,8,11,83.33,5,1,40.00,4,6,COL,22,24,47.82,59.72,43,29,61.29,38,24,49.64,68,69,46.82,147,167,47.75,85,93,34.83,31,58,34.67,26,49,COL,22,24,42.30,38.46,15,24,55.17,16,13,47.14,33,37,41.48,56,79,43.75,28,36,37.14,13,22,29.41,10,24,COL,22,24,49.21,45.10,23,28,75.00,15,5,52.63,40,36,53.89,97,83,50.55,46,45,21.43,6,22,26.19,11,31,2018,Regular,From
DAL,22,23,47.01,40.00,2,3,30.00,3,7,42.86,6,8,50.00,15,15,63.16,12,7,37.50,3,5,40.00,2,3,DAL,22,23,52.00,65.15,43,23,65.17,58,31,52.59,71,64,51.70,182,170,44.98,94,115,40.54,15,22,51.67,31,29,DAL,22,23,52.70,50.00,7,7,52.38,22,20,46.77,29,33,50.00,62,62,54.65,47,39,60.00,15,10,52.27,23,21,DAL,22,23,51.56,60.00,18,12,60.00,33,22,52.94,36,32,48.44,93,99,49.00,49,51,25.81,8,23,58.49,31,22,2018,Regular,From
DET,22,23,46.18,75.00,3,1,27.27,3,8,47.06,8,9,51.72,15,14,45.00,9,11,42.86,3,4,33.33,1,2,DET,22,23,48.40,51.16,22,21,61.17,63,40,50.00,89,89,48.42,214,228,35.83,43,77,53.47,54,47,38.81,26,41,DET,22,23,52.15,63.64,14,8,49.02,25,26,50.72,35,34,54.76,92,76,54.24,32,27,45.45,15,18,39.39,13,20,DET,22,23,48.28,70.00,14,6,68.09,32,15,55.70,44,35,47.53,77,85,33.33,21,42,40.00,16,24,25.00,7,21,2018,Regular,From
EDM,22,18,46.37,44.44,4,5,28.57,2,5,45.00,9,11,48.48,16,17,38.46,5,8,71.43,5,2,57.14,4,3,EDM,22,18,52.55,57.89,66,48,51.03,74,71,60.75,113,73,51.17,219,209,57.58,76,56,50.00,20,20,45.65,21,25,EDM,22,18,56.36,59.09,26,18,62.26,33,20,54.41,37,31,59.63,96,65,50.79,32,31,62.50,10,6,50.00,10,10,EDM,22,18,53.18,64.81,35,19,65.28,47,25,53.68,51,44,58.72,138,97,38.71,24,38,23.08,6,20,41.38,12,17,2018,Regular,From
FLA,22,18,45.14,33.33,2,4,53.33,8,7,52.00,13,12,36.67,11,19,41.67,5,7,50.00,3,3,50.00,4,4,FLA,22,18,48.85,48.75,39,41,55.24,58,47,59.42,164,112,50.47,213,209,37.80,48,79,33.87,21,41,32.50,13,27,FLA,22,18,51.76,66.67,14,7,54.35,25,21,55.34,57,46,53.54,68,59,50.00,25,25,35.48,11,20,40.00,4,6,FLA,22,18,44.46,60.61,20,13,43.90,18,23,52.46,64,58,44.71,76,94,41.67,20,28,35.00,14,26,15.38,2,11,2018,Regular,From
L.A,22,26,53.28,100.00,4,0,63.64,7,4,31.25,5,11,50.00,16,16,46.67,7,8,71.43,5,2,80.00,4,1,L.A,22,26,49.11,45.90,28,33,52.33,45,41,52.63,110,99,52.43,205,186,48.15,78,84,32.88,24,49,40.74,22,32,L.A,22,26,48.70,62.96,17,10,37.04,10,17,44.32,39,49,56.91,103,78,39.29,22,34,40.00,12,18,33.33,9,18,L.A,22,26,49.92,48.00,12,13,41.46,17,24,56.18,50,39,54.77,109,90,52.63,40,36,23.26,10,33,37.50,12,20,2018,Regular,From
MIN,22,25,49.26,100.00,2,0,80.00,4,1,42.11,8,11,46.67,14,16,56.25,9,7,60.00,6,4,27.27,3,8,MIN,22,25,48.20,33.33,4,8,68.25,43,20,56.10,115,90,44.59,198,246,45.51,81,97,40.35,23,34,42.86,21,28,MIN,22,25,48.45,42.86,3,4,65.38,17,9,62.20,51,31,45.68,74,88,32.20,19,40,52.00,13,12,30.43,7,16,MIN,22,25,46.29,50.00,2,2,58.33,14,10,57.14,56,42,47.25,103,115,36.84,35,60,27.59,8,21,23.08,6,20,2018,Regular,From
MTL,22,18,37.01,28.57,4,10,10.00,1,9,30.77,4,9,41.94,13,18,50.00,8,8,37.50,3,5,100.00,3,0,MTL,22,18,53.51,63.41,78,45,57.14,64,48,50.72,106,103,54.82,233,192,54.43,43,36,46.88,45,51,62.96,17,10,MTL,22,18,51.23,66.67,32,16,71.74,33,13,46.97,31,35,48.05,74,80,53.33,24,21,38.78,19,30,57.14,4,3,MTL,22,18,51.97,50.98,26,25,67.09,53,26,58.25,60,43,52.25,116,106,38.78,19,30,49.09,27,28,38.46,5,8,2018,Regular,From
N.J,22,30,51.55,75.00,3,1,50.00,5,5,50.00,9,9,57.89,22,16,33.33,6,12,50.00,3,3,66.67,2,1,N.J,22,30,46.90,46.00,23,27,55.56,35,28,44.83,78,96,49.86,184,185,46.37,115,133,28.24,24,61,45.45,20,24,N.J,22,30,46.02,55.56,10,8,47.37,9,10,47.14,33,37,43.11,72,95,48.36,59,63,35.14,13,24,43.75,7,9,N.J,22,30,45.70,72.73,16,6,43.75,14,18,58.23,46,33,43.00,86,114,39.13,45,70,31.71,13,28,44.44,4,5,2018,Regular,From
NSH,22,30,51.43,0.00,0,2,57.14,4,3,46.15,6,7,61.90,13,8,66.67,14,7,46.15,6,7,20.00,2,8,NSH,22,30,50.30,41.18,14,20,51.35,19,18,61.96,57,35,54.40,167,140,44.03,118,150,41.38,48,68,34.25,25,48,NSH,22,30,52.59,68.75,11,5,56.00,14,11,45.83,22,26,59.85,82,55,46.79,51,58,44.68,21,26,33.33,12,24,NSH,22,30,52.58,66.67,8,4,64.29,18,10,56.92,37,28,49.30,70,72,46.38,64,74,42.86,24,32,44.68,21,26,2018,Regular,From
NYI,22,28,53.90,66.67,4,2,57.14,4,3,61.11,11,7,47.06,16,18,61.90,13,8,58.33,7,5,42.86,6,8,NYI,22,28,49.02,51.95,40,37,54.22,45,38,59.38,133,91,48.95,140,146,37.58,62,103,40.74,33,48,45.54,46,55,NYI,22,28,50.25,48.89,22,23,61.90,26,16,54.44,49,41,53.33,56,49,45.45,25,30,39.47,15,23,40.43,19,28,NYI,22,28,52.00,58.33,35,25,61.36,27,17,61.32,65,41,48.73,77,81,43.30,42,55,50.00,26,26,44.44,20,25,2018,Regular,From
NYR,22,24,51.51,50.00,2,2,66.67,8,4,47.37,9,10,43.59,17,22,59.09,13,9,42.86,3,4,100.00,2,0,NYR,22,24,49.25,56.25,18,14,58.20,71,51,52.02,103,95,51.77,190,177,38.66,75,119,47.06,40,45,42.86,9,12,NYR,22,24,47.96,60.87,14,9,57.81,37,27,58.46,38,27,38.57,54,86,42.68,35,47,54.90,28,23,37.50,3,5,NYR,22,24,47.29,53.33,8,7,65.00,39,21,61.04,47,30,45.66,79,94,29.29,29,70,43.10,25,33,27.27,3,8,2018,Regular,From
OTT,22,22,46.90,50.00,3,3,37.50,3,5,50.00,11,11,50.00,16,16,47.37,9,10,40.00,4,6,42.86,3,4,OTT,22,22,51.31,68.97,20,9,46.81,22,25,57.06,97,73,51.11,208,199,51.59,81,76,30.16,19,44,47.06,32,36,OTT,22,22,49.20,50.00,7,7,60.53,23,15,47.62,40,44,50.28,91,90,51.35,38,36,48.15,13,14,19.23,5,21,OTT,22,22,44.00,83.33,15,3,56.60,30,23,57.95,51,37,43.58,95,123,28.43,29,73,27.78,10,26,25.58,11,32,2018,Regular,From
PHI,22,21,53.67,83.33,5,1,40.00,4,6,41.67,5,7,58.06,18,13,46.15,6,7,50.00,3,3,71.43,5,2,PHI,22,21,50.86,48.00,24,26,57.76,67,49,61.44,94,59,51.23,188,179,43.50,87,113,41.05,39,56,50.00,23,23,PHI,22,21,48.62,83.33,15,3,55.81,24,19,50.91,28,27,48.08,75,81,41.56,32,45,40.00,16,24,36.00,9,16,PHI,22,21,50.95,70.97,22,9,68.42,39,18,67.61,48,23,48.99,97,101,38.46,40,64,34.29,12,23,22.73,5,17,2018,Regular,From
PIT,22,25,40.14,0.00,0,13,55.56,5,4,57.14,12,9,46.15,12,14,42.86,6,8,14.29,1,6,100.00,1,0,PIT,22,25,53.80,55.14,59,48,67.80,40,19,53.00,115,102,55.64,227,181,48.21,81,87,48.75,39,41,66.67,16,8,PIT,22,25,48.15,63.41,26,15,66.67,20,10,52.53,52,47,44.22,65,82,44.78,30,37,41.67,15,21,22.22,2,7,PIT,22,25,46.15,39.22,20,31,53.57,15,13,56.07,60,47,46.43,91,105,49.30,35,36,29.82,17,40,57.14,4,3,2018,Regular,From
S.J,22,26,50.77,100.00,1,0,57.14,4,3,42.86,6,8,48.39,15,16,46.67,7,8,62.50,5,3,66.67,2,1,S.J,22,26,54.77,55.81,24,19,74.36,29,10,58.70,162,114,57.88,180,131,47.71,73,80,39.18,38,59,48.33,29,31,S.J,22,26,55.43,70.00,14,6,62.50,15,9,58.12,68,49,54.07,73,62,60.00,45,30,50.00,19,19,18.18,4,18,S.J,22,26,49.65,76.19,16,5,65.71,23,12,56.89,95,72,44.39,83,104,47.62,50,55,33.87,21,41,40.00,10,15,2018,Regular,From
STL,22,33,60.00,60.00,3,2,33.33,2,4,73.33,11,4,60.71,17,11,68.18,15,7,66.67,10,5,38.46,5,8,STL,22,33,53.04,53.49,23,20,41.94,13,18,57.36,74,55,52.71,224,201,56.06,111,87,39.82,45,68,46.00,46,54,STL,22,33,57.51,85.71,12,2,57.14,8,6,57.14,40,30,57.82,85,62,51.72,45,42,49.12,28,29,59.09,13,9,STL,22,33,49.61,62.50,10,6,26.67,4,11,60.94,39,25,46.35,108,125,47.52,48,53,37.29,22,37,45.45,20,24,2018,Regular,From
T.B,22,34,56.78,100.00,2,0,71.43,5,2,54.55,6,5,56.00,14,11,56.00,14,11,50.00,9,9,60.00,6,4,T.B,22,34,50.22,53.57,15,13,70.45,31,13,55.43,51,41,52.47,202,183,40.83,98,142,35.34,47,86,48.28,56,60,T.B,22,34,56.65,60.00,6,4,80.00,20,5,66.67,36,18,58.39,87,62,53.85,63,54,34.62,18,34,38.46,20,32,T.B,22,34,53.04,84.62,11,2,60.87,14,9,45.90,28,33,52.27,92,84,47.15,58,65,49.12,28,29,41.82,23,32,2018,Regular,From
TOR,22,28,55.08,83.33,5,1,43.75,7,9,31.25,5,11,65.63,21,11,52.38,11,10,54.55,6,5,70.00,7,3,TOR,22,28,46.98,63.27,31,18,64.57,82,45,55.73,73,58,41.16,163,233,40.96,68,98,38.82,33,52,46.94,23,26,TOR,22,28,52.59,59.09,13,9,63.24,43,25,61.40,35,22,52.02,103,95,45.61,26,31,34.29,12,23,47.83,11,12,TOR,22,28,55.74,53.85,14,12,65.15,43,23,68.12,47,22,52.99,124,110,52.56,41,37,47.22,17,19,46.15,18,21,2018,Regular,From
VAN,22,25,51.81,66.67,2,1,50.00,4,4,61.54,8,5,46.88,15,17,46.15,6,7,83.33,5,1,25.00,1,3,VAN,22,25,48.37,63.16,24,14,64.71,55,30,60.25,97,64,45.30,164,198,31.65,50,108,46.53,47,54,44.26,27,34,VAN,22,25,46.49,44.44,8,10,44.74,17,21,51.61,32,30,52.47,85,77,39.29,22,34,33.33,13,26,30.56,11,25,VAN,22,25,50.93,64.29,9,5,68.29,28,13,61.54,56,35,52.56,82,74,39.73,29,44,33.33,17,34,23.08,6,20,2018,Regular,From
VGK,22,31,54.55,33.33,2,4,40.00,2,3,62.50,10,6,64.52,20,11,62.50,15,9,42.86,6,8,36.36,4,7,VGK,22,31,50.88,52.78,19,17,65.63,42,22,54.48,79,66,48.80,162,170,50.81,94,91,44.00,44,56,40.17,47,70,VGK,22,31,52.64,43.75,7,9,71.88,23,9,58.54,48,34,44.12,60,76,50.00,44,44,63.41,26,15,40.38,21,31,VGK,22,31,49.16,47.37,9,10,67.57,25,12,52.33,45,41,47.47,75,83,37.61,44,73,45.59,31,37,42.86,27,36,2018,Regular,From
WPG,22,31,54.66,44.44,4,5,40.00,2,3,45.45,5,6,60.00,15,10,70.59,12,5,46.67,7,8,62.50,5,3,WPG,22,31,49.02,55.56,40,32,66.67,20,10,40.21,39,58,53.42,164,143,38.22,73,118,43.79,74,95,44.09,41,52,WPG,22,31,47.60,58.62,17,12,50.00,5,5,42.22,19,26,41.46,51,72,44.58,37,46,50.00,40,40,46.88,15,17,WPG,22,31,48.68,64.71,33,18,36.36,4,7,62.26,33,20,42.26,71,97,40.48,34,50,43.64,48,62,37.21,16,27,2018,Regular,From
WSH,22,23,49.73,55.56,5,4,54.55,6,5,52.63,10,9,41.38,12,17,54.55,6,5,33.33,2,4,100.00,3,0,WSH,22,23,46.70,59.30,51,35,61.33,46,29,56.28,121,94,40.79,144,209,43.64,72,93,43.75,14,18,30.43,14,32,WSH,22,23,44.69,59.52,25,17,56.67,17,13,51.22,42,40,40.85,67,97,39.06,25,39,45.00,9,11,31.82,7,15,WSH,22,23,51.60,74.42,32,11,56.52,26,20,57.63,68,50,51.88,83,77,42.22,38,52,40.00,6,9,38.89,7,11,2018,Regular,From
ANA,21,23,49.11,57.14,4,3,66.67,4,2,43.75,7,9,43.33,13,17,58.33,7,5,54.55,6,5,40.00,2,3,ANA,21,23,44.94,77.78,21,6,56.41,22,17,53.36,119,104,41.23,148,211,35.75,69,124,32.89,25,51,48.65,36,38,ANA,21,23,46.79,72.73,8,3,58.33,14,10,56.48,61,47,42.04,66,91,44.55,45,56,25.81,8,23,34.78,8,15,ANA,21,23,46.61,77.78,7,2,50.00,12,12,55.12,70,57,42.70,79,106,37.89,36,59,54.84,17,14,34.78,8,15,2018,Regular,From
ARI,21,9,37.09,66.67,6,3,50.00,8,8,33.33,9,18,37.14,13,22,23.08,3,10,0.00,0,4,0.00,0,1,ARI,21,9,46.28,57.14,60,45,48.24,82,88,48.94,69,72,48.88,175,183,40.94,70,101,42.31,22,30,0.00,0,1,ARI,21,9,47.08,65.00,26,14,47.44,37,41,54.55,36,30,47.59,79,87,42.50,34,46,38.10,8,13,0.00,0,1,ARI,21,9,49.69,55.56,30,24,56.04,51,40,49.38,40,41,54.44,92,77,45.36,44,53,45.45,10,12,0.00,0,0,2018,Regular,From
BOS,21,24,46.84,66.67,2,1,45.45,5,6,41.18,7,10,43.75,14,18,53.33,8,7,71.43,5,2,20.00,1,4,BOS,21,24,51.56,56.86,29,22,55.17,64,52,59.84,76,51,51.27,161,153,47.14,99,111,44.71,38,47,46.43,26,30,BOS,21,24,52.76,69.23,9,4,65.91,29,15,55.00,33,27,48.99,73,76,45.45,45,54,51.02,25,24,50.00,17,17,BOS,21,24,51.99,66.67,16,8,61.54,32,20,50.77,33,32,53.57,90,78,38.46,45,72,56.82,25,19,46.43,13,15,2018,Regular,From
BUF,21,14,37.35,53.85,7,6,16.67,2,10,47.06,8,9,39.39,13,20,36.36,4,7,0.00,0,3,33.33,1,2,BUF,21,14,48.19,47.31,44,49,61.70,29,18,55.88,114,90,46.28,168,195,46.33,101,117,38.46,5,8,33.33,3,6,BUF,21,14,41.78,57.45,27,20,23.53,4,13,41.86,36,50,44.09,56,71,42.31,33,45,23.08,3,10,25.00,1,3,BUF,21,14,45.49,52.00,26,24,50.00,14,14,62.24,61,37,43.59,68,88,36.36,28,49,25.00,3,9,50.00,2,2,2018,Regular,From
CAR,21,22,49.48,60.00,6,4,50.00,4,4,45.00,9,11,45.45,15,18,66.67,12,6,25.00,2,6,100.00,1,0,CAR,21,22,56.14,64.41,38,21,64.77,57,31,65.71,115,60,55.88,233,184,54.84,85,70,40.00,42,63,32.43,12,25,CAR,21,22,52.38,57.69,15,11,46.15,18,21,62.65,52,31,55.96,108,85,44.07,26,33,38.10,16,26,35.29,6,11,CAR,21,22,59.27,75.00,18,6,84.62,33,6,72.94,62,23,55.69,142,113,52.87,46,41,41.51,22,31,40.00,8,12,2018,Regular,From
CBJ,21,27,56.91,66.67,2,1,42.86,3,4,55.56,10,8,58.82,20,14,52.94,9,8,60.00,6,4,66.67,4,2,CBJ,21,27,53.67,62.50,20,12,69.23,63,28,60.87,98,63,51.62,207,194,48.78,120,126,41.03,32,46,48.10,38,41,CBJ,21,27,54.80,77.78,7,2,57.89,11,8,55.07,38,31,52.82,75,67,54.12,46,39,45.00,18,22,50.00,17,17,CBJ,21,27,50.23,40.00,4,6,62.16,23,14,52.56,41,37,56.28,112,87,38.74,43,68,29.55,13,31,40.48,17,25,2018,Regular,From
CGY,21,25,51.06,25.00,1,3,66.67,4,2,50.00,7,7,55.17,16,13,35.29,6,11,88.89,8,1,0.00,0,3,CGY,21,25,49.15,57.89,22,16,49.38,40,41,45.16,70,85,49.90,251,252,54.95,61,50,43.66,31,40,45.65,21,25,CGY,21,25,53.19,66.67,16,8,55.88,19,15,50.79,32,31,52.16,121,111,55.77,29,23,47.37,18,20,55.00,11,9,CGY,21,25,53.48,84.21,16,3,64.29,36,20,55.42,46,37,53.09,129,114,50.00,22,22,45.45,15,18,27.78,5,13,2018,Regular,From
CHI,21,23,51.67,50.00,5,5,20.00,1,4,41.67,5,7,50.00,13,13,58.33,7,5,60.00,6,4,72.73,8,3,CHI,21,23,49.54,60.87,42,27,64.08,66,37,43.87,68,87,48.31,200,214,49.17,59,61,44.63,54,67,44.93,31,38,CHI,21,23,48.88,72.97,27,10,57.78,26,19,46.81,22,25,52.60,81,73,38.64,17,27,30.95,13,29,27.27,6,16,CHI,21,23,56.38,77.78,28,8,62.90,39,23,50.60,42,41,58.05,119,86,55.22,37,30,40.74,22,32,52.50,21,19,2018,Regular,From
COL,21,24,50.36,45.45,5,6,57.14,4,3,46.15,6,7,57.14,16,12,42.11,8,11,83.33,5,1,40.00,4,6,COL,21,24,48.19,59.72,43,29,64.58,31,17,51.56,66,62,46.67,140,160,47.75,85,93,34.83,31,58,34.67,26,49,COL,21,24,42.47,38.46,15,24,47.83,11,12,49.15,29,30,42.40,53,72,43.75,28,36,37.14,13,22,29.41,10,24,COL,21,24,49.19,45.10,23,28,76.92,10,3,55.22,37,30,53.94,89,76,50.55,46,45,21.43,6,22,26.19,11,31,2018,Regular,From
DAL,21,23,48.67,40.00,2,3,33.33,3,6,46.15,6,7,51.72,15,14,63.16,12,7,37.50,3,5,40.00,2,3,DAL,21,23,52.08,66.67,36,18,64.77,57,31,54.84,68,56,51.20,170,162,44.98,94,115,40.54,15,22,51.67,31,29,DAL,21,23,52.49,36.36,4,7,52.38,22,20,46.55,27,31,49.59,60,61,54.65,47,39,60.00,15,10,52.27,23,21,DAL,21,23,51.51,62.07,18,11,59.26,32,22,51.56,33,31,48.62,88,93,49.00,49,51,25.81,8,23,58.49,31,22,2018,Regular,From
DET,21,23,48.87,100.00,3,0,30.00,3,7,46.67,7,8,55.56,15,12,47.37,9,10,42.86,3,4,33.33,1,2,DET,21,23,48.48,46.67,14,16,61.17,63,40,50.29,87,86,48.58,205,217,36.13,43,76,53.47,54,47,38.81,26,41,DET,21,23,52.07,61.11,11,7,49.02,25,26,50.75,34,33,54.78,86,71,54.24,32,27,45.45,15,18,39.39,13,20,DET,21,23,48.13,80.00,8,2,67.39,31,15,53.95,41,35,48.37,74,79,33.33,21,42,40.00,16,24,25.00,7,21,2018,Regular,From
EDM,21,16,43.43,44.44,4,5,28.57,2,5,42.11,8,11,45.16,14,17,36.36,4,7,66.67,4,2,50.00,3,3,EDM,21,16,52.46,57.89,66,48,51.03,74,71,60.54,112,73,50.98,208,200,57.48,73,54,50.00,20,20,48.48,16,17,EDM,21,16,56.91,59.09,26,18,62.26,33,20,54.41,37,31,60.67,91,59,50.82,31,30,62.50,10,6,56.25,9,7,EDM,21,16,53.17,64.81,35,19,65.28,47,25,53.68,51,44,58.41,132,94,40.68,24,35,24.00,6,19,42.11,8,11,2018,Regular,From
FLA,21,18,46.53,33.33,2,4,53.85,7,6,56.52,13,10,37.93,11,18,41.67,5,7,50.00,3,3,50.00,4,4,FLA,21,18,49.37,48.39,30,32,58.43,52,37,59.69,154,104,50.98,209,201,37.80,48,79,33.87,21,41,32.50,13,27,FLA,21,18,52.09,62.50,10,6,55.81,24,19,55.34,57,46,54.40,68,57,50.00,25,25,35.48,11,20,40.00,4,6,FLA,21,18,45.32,64.00,16,9,45.71,16,19,53.85,63,54,45.18,75,91,41.67,20,28,35.00,14,26,15.38,2,11,2018,Regular,From
L.A,21,26,53.99,100.00,4,0,63.64,7,4,31.25,5,11,51.61,16,15,46.67,7,8,71.43,5,2,80.00,4,1,L.A,21,26,48.82,45.90,28,33,48.10,38,41,52.72,97,87,52.53,197,178,48.15,78,84,32.88,24,49,40.74,22,32,L.A,21,26,49.63,62.96,17,10,41.67,10,14,43.59,34,44,58.48,100,71,39.29,22,34,40.00,12,18,33.33,9,18,L.A,21,26,50.43,48.00,12,13,42.50,17,23,57.14,44,33,55.85,105,83,52.63,40,36,23.26,10,33,37.50,12,20,2018,Regular,From
MIN,21,23,49.66,100.00,2,0,80.00,4,1,42.11,8,11,46.43,13,15,56.25,9,7,60.00,6,4,27.27,3,8,MIN,21,23,47.81,33.33,4,8,68.25,43,20,56.06,111,87,43.93,181,231,44.57,78,97,40.35,23,34,42.86,21,28,MIN,21,23,49.87,42.86,3,4,65.38,17,9,62.96,51,30,47.68,72,79,33.93,19,37,52.00,13,12,30.43,7,16,MIN,21,23,45.87,50.00,2,2,58.33,14,10,57.73,56,41,46.23,92,107,36.96,34,58,27.59,8,21,23.08,6,20,2018,Regular,From
MTL,21,18,38.16,28.57,4,10,10.00,1,9,33.33,4,8,43.33,13,17,53.33,8,7,37.50,3,5,100.00,3,0,MTL,21,18,53.51,63.41,78,45,57.14,64,48,49.75,99,100,54.61,219,182,58.57,41,29,46.88,45,51,62.96,17,10,MTL,21,18,51.50,66.67,32,16,71.74,33,13,47.46,28,31,47.18,67,75,56.10,23,18,38.78,19,30,57.14,4,3,MTL,21,18,52.65,50.98,26,25,67.09,53,26,60.00,57,38,52.63,110,99,42.22,19,26,49.09,27,28,38.46,5,8,2018,Regular,From
N.J,21,28,51.09,75.00,3,1,50.00,5,5,50.00,9,9,56.76,21,16,31.25,5,11,50.00,3,3,66.67,2,1,N.J,21,28,46.50,46.00,23,27,55.56,35,28,44.83,78,96,49.57,171,174,46.67,112,128,24.36,19,59,45.45,20,24,N.J,21,28,45.91,55.56,10,8,47.37,9,10,47.14,33,37,42.24,68,93,48.70,56,59,37.50,12,20,43.75,7,9,N.J,21,28,45.83,72.73,16,6,43.75,14,18,58.23,46,33,42.86,81,108,40.54,45,66,30.77,12,27,44.44,4,5,2018,Regular,From
NSH,21,28,50.71,0.00,0,2,57.14,4,3,46.15,6,7,60.00,12,8,65.00,13,7,46.15,6,7,20.00,2,8,NSH,21,28,50.48,41.18,14,20,51.35,19,18,61.96,57,35,54.28,165,139,44.04,96,122,42.48,48,65,34.25,25,48,NSH,21,28,53.13,68.75,11,5,56.00,14,11,45.83,22,26,60.00,81,54,48.91,45,47,43.48,20,26,33.33,12,24,NSH,21,28,52.14,66.67,8,4,64.29,18,10,56.92,37,28,48.94,69,72,45.61,52,62,42.86,24,32,44.68,21,26,2018,Regular,From
NYI,21,26,54.63,66.67,4,2,57.14,4,3,60.00,9,6,46.67,14,16,65.00,13,7,58.33,7,5,42.86,6,8,NYI,21,26,48.93,51.95,40,37,53.42,39,34,59.35,127,87,49.22,126,130,37.20,61,103,40.74,33,48,45.54,46,55,NYI,21,26,51.15,48.89,22,23,60.53,23,15,54.55,48,40,58.33,49,35,44.44,24,30,39.47,15,23,40.43,19,28,NYI,21,26,51.99,58.33,35,25,61.36,27,17,60.58,63,41,48.89,66,69,43.75,42,54,50.00,26,26,44.44,20,25,2018,Regular,From
NYR,21,22,49.02,50.00,2,2,66.67,8,4,47.37,9,10,42.11,16,22,55.00,11,9,42.86,3,4,0.00,0,0,NYR,21,22,49.05,56.25,18,14,58.20,71,51,52.02,103,95,51.77,190,177,39.25,73,113,44.12,30,38,42.86,3,4,NYR,21,22,47.04,60.87,14,9,57.81,37,27,58.46,38,27,38.85,54,85,42.68,35,47,50.00,17,17,0.00,0,0,NYR,21,22,47.57,53.33,8,7,65.00,39,21,61.04,47,30,45.66,79,94,29.17,28,68,47.83,22,24,28.57,2,5,2018,Regular,From
OTT,21,22,47.47,50.00,3,3,37.50,3,5,52.38,11,10,50.00,16,16,47.37,9,10,40.00,4,6,42.86,3,4,OTT,21,22,51.34,68.97,20,9,46.81,22,25,56.29,85,66,51.53,202,190,51.59,81,76,30.16,19,44,47.06,32,36,OTT,21,22,48.89,50.00,7,7,60.53,23,15,45.21,33,40,50.28,89,88,51.35,38,36,48.15,13,14,19.23,5,21,OTT,21,22,44.10,83.33,15,3,55.77,29,23,58.75,47,33,44.23,92,116,28.43,29,73,27.78,10,26,25.58,11,32,2018,Regular,From
PHI,21,20,54.12,83.33,5,1,40.00,4,6,41.67,5,7,59.26,16,11,46.15,6,7,50.00,3,3,71.43,5,2,PHI,21,20,50.81,48.00,24,26,57.76,67,49,60.93,92,59,50.45,167,164,45.00,81,99,41.05,39,56,50.00,23,23,PHI,21,20,49.16,83.33,15,3,55.81,24,19,50.91,28,27,50.00,71,71,40.00,28,42,40.00,16,24,36.00,9,16,PHI,21,20,51.44,70.97,22,9,68.42,39,18,67.14,47,23,49.73,92,93,39.78,37,56,34.29,12,23,22.73,5,17,2018,Regular,From
PIT,21,25,39.95,0.00,0,13,55.56,5,4,57.14,12,9,46.15,12,14,42.86,6,8,14.29,1,6,100.00,1,0,PIT,21,25,54.05,55.14,59,48,67.80,40,19,52.60,91,82,55.89,223,176,48.21,81,87,48.75,39,41,66.67,16,8,PIT,21,25,47.97,63.41,26,15,66.67,20,10,50.00,45,45,45.07,64,78,44.78,30,37,41.67,15,21,22.22,2,7,PIT,21,25,46.58,39.22,20,31,53.57,15,13,59.04,49,34,46.91,91,103,49.30,35,36,29.82,17,40,57.14,4,3,2018,Regular,From
S.J,21,24,49.55,100.00,1,0,57.14,4,3,42.86,6,8,48.39,15,16,42.86,6,8,62.50,5,3,50.00,1,1,S.J,21,24,55.07,55.81,24,19,74.36,29,10,58.70,162,114,57.62,174,128,48.25,69,74,41.67,35,49,48.39,15,16,S.J,21,24,56.14,70.00,14,6,62.50,15,9,58.12,68,49,54.76,69,57,60.81,45,29,45.45,15,18,18.18,2,9,S.J,21,24,49.88,76.19,16,5,65.71,23,12,56.89,95,72,44.75,81,100,46.46,46,53,37.50,21,35,42.86,6,8,2018,Regular,From
STL,21,31,59.36,60.00,3,2,33.33,2,4,73.33,11,4,59.26,16,11,66.67,14,7,64.29,9,5,16.67,1,5,STL,21,31,52.68,53.49,23,20,41.94,13,18,57.36,74,55,53.08,224,198,56.12,110,86,33.33,32,64,46.58,34,39,STL,21,31,56.52,85.71,12,2,57.14,8,6,57.14,40,30,57.82,85,62,51.16,44,42,49.02,25,26,42.86,6,8,STL,21,31,48.40,62.50,10,6,26.67,4,11,60.94,39,25,45.89,106,125,46.46,46,53,35.19,19,35,41.94,13,18,2018,Regular,From
T.B,21,34,58.94,100.00,2,0,71.43,5,2,60.00,6,4,58.33,14,10,58.33,14,10,50.00,9,9,60.00,6,4,T.B,21,34,50.66,53.57,15,13,70.45,31,13,54.17,39,33,52.97,196,174,42.22,95,130,35.34,47,86,48.28,56,60,T.B,21,34,56.74,60.00,6,4,80.00,20,5,64.44,29,16,59.15,84,58,54.55,60,50,34.62,18,34,38.46,20,32,T.B,21,34,52.49,84.62,11,2,59.09,13,9,38.10,16,26,51.46,88,83,47.41,55,61,49.12,28,29,41.82,23,32,2018,Regular,From
TOR,21,28,56.32,83.33,5,1,46.67,7,8,33.33,5,10,65.63,21,11,52.38,11,10,54.55,6,5,70.00,7,3,TOR,21,28,46.80,63.27,31,18,65.08,82,44,54.37,56,47,41.05,156,224,40.96,68,98,38.82,33,52,46.94,23,26,TOR,21,28,51.53,59.09,13,9,63.24,43,25,57.45,27,20,50.81,94,91,45.61,26,31,34.29,12,23,47.83,11,12,TOR,21,28,55.19,53.85,14,12,64.62,42,23,67.80,40,19,52.25,116,106,52.56,41,37,47.22,17,19,46.15,18,21,2018,Regular,From
VAN,21,23,50.02,66.67,2,1,50.00,4,4,61.54,8,5,43.33,13,17,46.15,6,7,80.00,4,1,25.00,1,3,VAN,21,23,48.27,63.16,24,14,64.71,55,30,60.25,97,64,44.66,159,197,30.30,40,92,47.50,38,42,46.15,24,28,VAN,21,23,46.26,44.44,8,10,44.74,17,21,51.61,32,30,52.17,84,77,37.25,19,32,31.43,11,24,32.26,10,21,VAN,21,23,50.71,64.29,9,5,68.29,28,13,61.54,56,35,52.98,80,71,39.39,26,40,31.11,14,31,18.18,4,18,2018,Regular,From
VGK,21,29,55.08,33.33,2,4,40.00,2,3,62.50,10,6,64.52,20,11,59.09,13,9,46.15,6,7,40.00,4,6,VGK,21,29,51.10,52.78,19,17,65.63,42,22,54.48,79,66,49.04,154,160,50.28,91,90,46.67,42,48,40.00,44,66,VGK,21,29,52.85,43.75,7,9,71.88,23,9,58.54,48,34,45.74,59,70,49.41,42,43,63.16,24,14,37.78,17,28,VGK,21,29,49.53,47.37,9,10,67.57,25,12,52.33,45,41,47.62,70,77,39.45,43,66,46.15,30,35,42.86,24,32,2018,Regular,From
WPG,21,29,54.52,44.44,4,5,40.00,2,3,45.45,5,6,58.33,14,10,70.59,12,5,46.15,6,7,62.50,5,3,WPG,21,29,48.12,55.56,40,32,66.67,20,10,40.21,39,58,53.11,162,143,36.11,65,115,42.11,56,77,43.48,40,52,WPG,21,29,47.53,58.62,17,12,50.00,5,5,42.22,19,26,41.46,51,72,43.90,36,46,54.72,29,24,46.88,15,17,WPG,21,29,48.19,64.71,33,18,36.36,4,7,62.26,33,20,42.26,71,97,39.76,33,50,44.58,37,46,37.21,16,27,2018,Regular,From
WSH,21,23,50.25,55.56,5,4,60.00,6,4,52.63,10,9,39.29,11,17,60.00,6,4,33.33,2,4,100.00,3,0,WSH,21,23,46.80,60.81,45,29,61.33,46,29,56.50,113,87,41.12,139,199,43.21,70,92,43.75,14,18,30.43,14,32,WSH,21,23,44.27,56.76,21,16,56.67,17,13,49.33,37,38,41.03,64,92,39.68,25,38,45.00,9,11,31.82,7,15,WSH,21,23,52.38,74.36,29,10,56.52,26,20,59.29,67,46,53.64,81,70,42.22,38,52,40.00,6,9,38.89,7,11,2018,Regular,From
ANA,20,23,50.46,57.14,4,3,66.67,4,2,46.67,7,8,42.86,12,16,63.64,7,4,54.55,6,5,40.00,2,3,ANA,20,23,46.08,77.78,21,6,55.26,21,17,53.88,118,101,42.31,143,195,36.57,64,111,36.76,25,43,48.65,36,38,ANA,20,23,47.07,72.73,8,3,56.52,13,10,55.66,59,47,42.38,64,87,45.26,43,52,26.92,7,19,34.78,8,15,ANA,20,23,46.99,77.78,7,2,50.00,12,12,54.84,68,56,43.82,78,100,37.93,33,54,57.14,16,12,34.78,8,15,2018,Regular,From
ARI,20,7,36.92,66.67,6,3,46.67,7,8,29.17,7,17,40.63,13,19,23.08,3,10,0.00,0,4,0.00,0,1,ARI,20,7,46.67,57.14,60,45,50.64,79,77,49.61,64,65,48.55,167,177,40.61,67,98,42.31,22,30,0.00,0,1,ARI,20,7,47.02,65.00,26,14,48.05,37,40,56.67,34,26,47.13,74,83,41.03,32,46,38.10,8,13,0.00,0,1,ARI,20,7,50.91,55.56,30,24,60.00,51,34,50.00,37,37,55.00,88,72,46.81,44,50,45.45,10,12,0.00,0,0,2018,Regular,From
BOS,20,22,45.52,66.67,2,1,45.45,5,6,41.18,7,10,40.00,12,18,50.00,6,6,83.33,5,1,20.00,1,4,BOS,20,22,50.90,56.86,29,22,55.17,64,52,59.84,76,51,51.63,158,148,44.86,83,102,41.03,32,46,46.43,26,30,BOS,20,22,52.99,69.23,9,4,65.91,29,15,55.00,33,27,47.92,69,75,48.35,44,47,50.00,21,21,50.00,17,17,BOS,20,22,52.40,66.67,16,8,61.54,32,20,50.77,33,32,53.42,86,75,40.38,42,62,59.46,22,15,46.43,13,15,2018,Regular,From
BUF,20,14,37.68,50.00,6,6,10.00,1,9,50.00,8,8,40.63,13,19,36.36,4,7,0.00,0,3,33.33,1,2,BUF,20,14,48.41,47.31,44,49,58.54,24,17,55.91,104,82,47.20,160,179,46.33,101,117,38.46,5,8,33.33,3,6,BUF,20,14,42.27,57.45,27,20,21.43,3,11,41.77,33,46,45.16,56,68,42.31,33,45,23.08,3,10,25.00,1,3,BUF,20,14,44.37,52.00,26,24,45.83,11,13,60.87,56,36,42.28,63,86,36.36,28,49,25.00,3,9,50.00,2,2,2018,Regular,From
CAR,20,22,49.83,42.86,3,4,60.00,3,2,47.37,9,10,46.88,15,17,66.67,12,6,25.00,2,6,100.00,1,0,CAR,20,22,55.53,61.11,22,14,64.94,50,27,65.27,109,58,55.04,224,183,54.84,85,70,40.00,42,63,32.43,12,25,CAR,20,22,51.27,50.00,9,9,47.22,17,19,60.00,45,30,54.89,101,83,44.07,26,33,38.10,16,26,35.29,6,11,CAR,20,22,59.05,76.47,13,4,90.91,30,3,71.25,57,23,55.42,138,111,52.87,46,41,41.51,22,31,40.00,8,12,2018,Regular,From
CBJ,20,25,56.78,66.67,2,1,42.86,3,4,55.56,10,8,57.58,19,14,50.00,8,8,62.50,5,3,80.00,4,1,CBJ,20,25,53.65,62.50,20,12,69.23,63,28,60.87,98,63,50.66,191,186,49.12,112,116,43.06,31,41,48.10,38,41,CBJ,20,25,54.26,77.78,7,2,57.89,11,8,55.07,38,31,51.80,72,67,53.85,42,36,43.24,16,21,50.00,17,17,CBJ,20,25,50.88,40.00,4,6,62.16,23,14,52.56,41,37,57.29,110,82,40.00,42,63,30.00,12,28,40.48,17,25,2018,Regular,From
CGY,20,24,51.77,25.00,1,3,66.67,4,2,50.00,7,7,57.14,16,12,35.29,6,11,88.89,8,1,0.00,0,3,CGY,20,24,49.92,57.89,22,16,49.38,40,41,45.16,70,85,51.69,229,214,54.95,61,50,43.66,31,40,45.65,21,25,CGY,20,24,53.12,66.67,16,8,55.88,19,15,50.79,32,31,51.71,106,99,55.77,29,23,47.37,18,20,55.00,11,9,CGY,20,24,53.44,84.21,16,3,64.29,36,20,55.42,46,37,53.08,112,99,50.00,22,22,45.45,15,18,27.78,5,13,2018,Regular,From
CHI,20,22,52.02,50.00,5,5,20.00,1,4,41.67,5,7,48.00,12,13,63.64,7,4,60.00,6,4,72.73,8,3,CHI,20,22,49.66,60.87,42,27,64.08,66,37,43.87,68,87,48.83,188,197,49.53,53,54,43.97,51,65,44.93,31,38,CHI,20,22,49.76,72.97,27,10,57.78,26,19,46.81,22,25,53.10,77,68,39.47,15,23,35.14,13,24,27.27,6,16,CHI,20,22,55.75,77.78,28,8,62.90,39,23,50.60,42,41,57.95,113,82,51.67,31,29,40.38,21,31,52.50,21,19,2018,Regular,From
COL,20,23,50.69,45.45,5,6,57.14,4,3,46.15,6,7,57.69,15,11,42.11,8,11,83.33,5,1,40.00,4,6,COL,20,23,48.49,59.72,43,29,64.58,31,17,52.80,66,59,46.64,125,143,47.95,82,89,34.83,31,58,34.67,26,49,COL,20,23,40.64,38.46,15,24,47.83,11,12,46.43,26,30,38.60,44,70,42.86,27,36,37.14,13,22,29.41,10,24,COL,20,23,49.25,45.10,23,28,76.92,10,3,54.69,35,29,55.48,81,65,50.00,45,45,21.43,6,22,26.19,11,31,2018,Regular,From
DAL,20,21,46.96,40.00,2,3,33.33,3,6,41.67,5,7,50.00,14,14,61.11,11,7,37.50,3,5,40.00,2,3,DAL,20,21,52.38,66.67,36,18,64.77,57,31,53.04,61,54,51.95,160,148,45.73,91,108,40.54,15,22,51.67,31,29,DAL,20,21,52.51,36.36,4,7,52.38,22,20,44.44,24,30,50.46,55,54,54.43,43,36,60.00,15,10,52.27,23,21,DAL,20,21,50.73,62.07,18,11,59.26,32,22,48.33,29,31,48.21,81,87,47.83,44,48,25.81,8,23,58.49,31,22,2018,Regular,From
DET,20,22,49.53,100.00,3,0,30.00,3,7,46.67,7,8,54.17,13,11,52.94,9,8,42.86,3,4,33.33,1,2,DET,20,22,49.10,46.67,14,16,61.17,63,40,50.29,87,86,49.87,199,200,36.54,38,66,53.00,53,47,38.81,26,41,DET,20,22,51.78,61.11,11,7,49.02,25,26,50.75,34,33,54.00,81,69,54.55,30,25,45.45,15,18,39.39,13,20,DET,20,22,48.48,80.00,8,2,67.39,31,15,53.95,41,35,48.25,69,74,35.71,20,36,40.00,16,24,25.00,7,21,2018,Regular,From
EDM,20,16,45.82,50.00,1,1,33.33,2,4,44.44,8,10,46.67,14,16,36.36,4,7,66.67,4,2,50.00,3,3,EDM,20,16,53.04,58.62,51,36,54.69,70,58,60.66,111,72,50.62,205,200,57.48,73,54,50.00,20,20,48.48,16,17,EDM,20,16,58.40,69.44,25,11,63.83,30,17,55.22,37,30,60.67,91,59,50.82,31,30,62.50,10,6,56.25,9,7,EDM,20,16,54.27,70.73,29,12,67.16,45,22,54.84,51,42,58.93,132,92,40.68,24,35,24.00,6,19,42.11,8,11,2018,Regular,From
FLA,20,16,46.64,33.33,2,4,53.85,7,6,56.52,13,10,35.71,10,18,45.45,5,6,50.00,3,3,50.00,4,4,FLA,20,16,49.35,48.39,30,32,58.43,52,37,59.69,154,104,50.70,180,175,37.96,41,67,33.87,21,41,32.50,13,27,FLA,20,16,51.80,62.50,10,6,55.81,24,19,55.34,57,46,54.05,60,51,48.84,21,22,35.48,11,20,40.00,4,6,FLA,20,16,45.91,64.00,16,9,45.71,16,19,53.85,63,54,46.36,70,81,44.19,19,24,35.00,14,26,15.38,2,11,2018,Regular,From
L.A,20,26,55.53,100.00,3,0,66.67,6,3,35.71,5,9,53.33,16,14,46.67,7,8,71.43,5,2,80.00,4,1,L.A,20,26,49.57,41.86,18,25,55.17,32,26,53.29,89,78,52.41,196,178,48.15,78,84,32.88,24,49,40.74,22,32,L.A,20,26,50.74,69.57,16,7,40.00,8,12,46.58,34,39,58.48,100,71,39.29,22,34,40.00,12,18,33.33,9,18,L.A,20,26,51.33,35.00,7,13,42.11,8,11,60.00,42,28,56.15,105,82,52.63,40,36,23.26,10,33,37.50,12,20,2018,Regular,From
MIN,20,21,50.19,100.00,2,0,80.00,4,1,38.89,7,11,46.15,12,14,53.33,8,7,75.00,6,2,30.00,3,7,MIN,20,21,47.62,33.33,4,8,68.25,43,20,56.35,111,86,44.19,175,221,44.38,71,89,33.33,13,26,41.67,20,28,MIN,20,21,50.81,42.86,3,4,65.38,17,9,62.96,51,30,48.00,72,78,36.00,18,32,55.56,10,8,33.33,7,14,MIN,20,21,46.06,50.00,2,2,58.33,14,10,57.29,55,41,46.19,91,106,39.53,34,52,21.74,5,18,24.00,6,19,2018,Regular,From
MTL,20,18,41.44,36.36,4,7,11.11,1,8,36.36,4,7,44.83,13,16,53.33,8,7,37.50,3,5,100.00,3,0,MTL,20,18,53.23,63.16,72,42,58.82,60,42,49.75,99,100,53.53,197,171,58.57,41,29,46.88,45,51,62.96,17,10,MTL,20,18,52.07,65.22,30,16,72.09,31,12,47.46,28,31,49.23,64,66,56.10,23,18,38.78,19,30,57.14,4,3,MTL,20,18,52.60,50.00,19,19,70.27,52,22,60.00,57,38,50.77,99,96,42.22,19,26,49.09,27,28,38.46,5,8,2018,Regular,From
N.J,20,27,51.73,75.00,3,1,50.00,5,5,50.00,8,8,58.33,21,15,31.25,5,11,50.00,3,3,66.67,2,1,N.J,20,27,46.05,46.00,23,27,54.39,31,26,40.71,57,83,49.55,165,168,46.67,112,128,24.36,19,59,45.45,20,24,N.J,20,27,45.50,55.56,10,8,47.37,9,10,44.64,25,31,41.77,66,92,48.70,56,59,37.50,12,20,43.75,7,9,N.J,20,27,45.67,72.73,16,6,50.00,14,14,58.06,36,26,41.85,77,107,40.54,45,66,30.77,12,27,44.44,4,5,2018,Regular,From
NSH,20,26,51.87,0.00,0,2,57.14,4,3,46.15,6,7,63.16,12,7,68.42,13,6,46.15,6,7,20.00,2,8,NSH,20,26,50.00,41.18,14,20,51.35,19,18,61.80,55,34,53.21,149,131,43.72,87,112,42.48,48,65,34.25,25,48,NSH,20,26,52.75,68.75,11,5,56.00,14,11,44.44,20,25,60.80,76,49,47.06,40,45,43.48,20,26,33.33,12,24,NSH,20,26,51.86,66.67,8,4,64.29,18,10,57.14,36,27,47.76,64,70,45.87,50,59,42.86,24,32,44.68,21,26,2018,Regular,From
NYI,20,24,54.89,66.67,4,2,57.14,4,3,60.00,9,6,46.15,12,14,65.00,13,7,58.33,7,5,42.86,6,8,NYI,20,24,49.02,51.95,40,37,53.42,39,34,58.25,113,81,50.45,111,109,37.65,61,101,40.74,33,48,45.54,46,55,NYI,20,24,50.54,48.89,22,23,60.53,23,15,55.56,45,36,55.71,39,31,44.44,24,30,39.47,15,23,40.43,19,28,NYI,20,24,51.49,58.33,35,25,61.36,27,17,59.14,55,38,47.54,58,64,44.21,42,53,50.00,26,26,44.44,20,25,2018,Regular,From
NYR,20,20,47.56,50.00,2,2,66.67,8,4,47.37,9,10,40.54,15,22,52.63,10,9,33.33,2,4,0.00,0,0,NYR,20,20,48.85,56.25,18,14,58.20,71,51,52.02,103,95,51.55,183,172,39.05,66,103,42.42,28,38,40.00,2,3,NYR,20,20,46.61,60.87,14,9,57.81,37,27,58.46,38,27,38.06,51,83,42.25,30,41,48.28,14,15,0.00,0,0,NYR,20,20,47.97,53.33,8,7,65.00,39,21,61.04,47,30,45.40,74,89,29.76,25,59,48.78,20,21,40.00,2,3,2018,Regular,From
OTT,20,22,48.93,50.00,3,3,42.86,3,4,52.63,10,9,51.72,15,14,50.00,9,9,40.00,4,6,42.86,3,4,OTT,20,22,51.90,67.86,19,9,45.45,20,24,55.78,82,65,53.22,190,167,51.59,81,76,30.16,19,44,47.06,32,36,OTT,20,22,49.10,50.00,7,7,60.00,21,14,45.71,32,38,50.60,84,82,51.35,38,36,48.15,13,14,19.23,5,21,OTT,20,22,44.14,82.35,14,3,56.00,28,22,58.23,46,33,45.03,86,105,28.43,29,73,27.78,10,26,25.58,11,32,2018,Regular,From
PHI,20,20,55.28,80.00,4,1,44.44,4,5,41.67,5,7,60.00,15,10,50.00,6,6,50.00,3,3,71.43,5,2,PHI,20,20,51.02,51.52,17,16,58.06,54,39,60.27,88,58,50.00,160,160,45.51,81,97,41.05,39,56,50.00,23,23,PHI,20,20,48.44,100.00,10,0,55.26,21,17,48.08,25,27,49.29,69,71,40.00,28,42,40.00,16,24,36.00,9,16,PHI,20,20,50.32,70.83,17,7,62.50,25,15,66.67,44,22,49.17,89,92,40.66,37,54,34.29,12,23,22.73,5,17,2018,Regular,From
PIT,20,23,38.86,0.00,0,13,55.56,5,4,57.14,12,9,44.00,11,14,33.33,4,8,16.67,1,5,100.00,1,0,PIT,20,23,53.81,55.14,59,48,67.80,40,19,52.60,91,82,55.50,207,166,47.74,74,81,48.72,38,40,66.67,16,8,PIT,20,23,48.45,63.41,26,15,66.67,20,10,50.00,45,45,46.92,61,69,43.55,27,35,41.18,14,20,22.22,2,7,PIT,20,23,46.19,39.22,20,31,53.57,15,13,59.04,49,34,46.96,85,96,49.28,34,35,25.53,12,35,57.14,4,3,2018,Regular,From
S.J,20,23,49.44,0.00,0,0,50.00,2,2,42.86,6,8,51.72,15,14,42.86,6,8,62.50,5,3,50.00,1,1,S.J,20,23,55.72,55.81,24,19,73.08,19,7,59.77,159,107,59.09,169,117,48.25,69,74,41.67,35,49,48.39,15,16,S.J,20,23,56.13,70.00,14,6,76.47,13,4,57.39,66,49,53.04,61,54,60.81,45,29,45.45,15,18,18.18,2,9,S.J,20,23,49.91,76.19,16,5,64.29,18,10,56.79,92,70,45.18,75,91,46.46,46,53,37.50,21,35,42.86,6,8,2018,Regular,From
STL,20,29,58.20,60.00,3,2,20.00,1,4,69.23,9,4,60.00,15,10,66.67,14,7,64.29,9,5,16.67,1,5,STL,20,29,52.62,53.49,23,20,43.33,13,17,55.83,67,53,53.18,209,184,56.12,110,86,33.33,32,64,46.58,34,39,STL,20,29,57.50,85.71,12,2,50.00,6,6,61.29,38,24,58.99,82,57,51.16,44,42,49.02,25,26,42.86,6,8,STL,20,29,48.53,62.50,10,6,26.67,4,11,65.38,34,18,45.24,95,115,46.46,46,53,35.19,19,35,41.94,13,18,2018,Regular,From
T.B,20,32,59.00,100.00,2,0,71.43,5,2,55.56,5,4,60.87,14,9,58.33,14,10,50.00,9,9,60.00,6,4,T.B,20,32,50.59,53.57,15,13,74.36,29,10,54.24,32,27,52.49,179,162,42.22,95,130,35.34,47,86,48.28,56,60,T.B,20,32,56.24,60.00,6,4,75.00,15,5,64.10,25,14,59.40,79,54,54.55,60,50,34.62,18,34,38.46,20,32,T.B,20,32,53.44,84.62,11,2,60.00,12,8,42.86,15,20,52.17,84,77,47.41,55,61,49.12,28,29,41.82,23,32,2018,Regular,From
TOR,20,26,53.89,83.33,5,1,46.67,7,8,33.33,5,10,64.52,20,11,50.00,10,10,50.00,5,5,57.14,4,3,TOR,20,26,47.09,63.27,31,18,65.08,82,44,54.37,56,47,41.79,145,202,40.96,68,98,36.00,27,48,50.00,20,20,TOR,20,26,51.17,59.09,13,9,63.24,43,25,57.45,27,20,49.13,85,88,45.61,26,31,34.38,11,21,52.38,11,10,TOR,20,26,55.59,53.85,14,12,64.62,42,23,67.80,40,19,54.33,113,95,52.56,41,37,41.94,13,18,46.15,12,14,2018,Regular,From
VAN,20,21,49.37,66.67,2,1,50.00,4,4,58.33,7,5,42.86,12,16,46.15,6,7,75.00,3,1,33.33,1,2,VAN,20,21,47.98,63.16,24,14,64.71,55,30,59.75,95,64,44.93,155,190,30.71,39,88,49.12,28,29,40.00,14,21,VAN,20,21,46.78,44.44,8,10,44.74,17,21,51.61,32,30,52.83,84,75,39.58,19,29,30.00,9,21,30.43,7,16,VAN,20,21,51.94,64.29,9,5,68.29,28,13,60.67,54,35,53.74,79,68,40.32,25,37,39.29,11,17,13.33,2,13,2018,Regular,From
VGK,20,27,55.49,33.33,2,4,40.00,2,3,62.50,10,6,62.07,18,11,59.09,13,9,50.00,5,5,44.44,4,5,VGK,20,27,50.85,52.78,19,17,65.63,42,22,54.48,79,66,47.99,143,155,49.12,84,87,50.65,39,38,40.00,44,66,VGK,20,27,53.38,43.75,7,9,71.88,23,9,58.54,48,34,47.46,56,62,50.60,42,41,61.29,19,12,37.78,17,28,VGK,20,27,49.28,47.37,9,10,67.57,25,12,52.33,45,41,46.21,61,71,39.42,41,63,48.28,28,30,42.86,24,32,2018,Regular,From
WPG,20,27,54.23,44.44,4,5,40.00,2,3,45.45,5,6,56.52,13,10,70.59,12,5,46.15,6,7,62.50,5,3,WPG,20,27,48.33,55.56,40,32,66.67,20,10,40.21,39,58,53.29,154,135,34.19,53,102,44.44,56,70,43.48,40,52,WPG,20,27,46.21,58.62,17,12,50.00,5,5,42.22,19,26,38.94,44,69,43.06,31,41,52.00,26,24,46.88,15,17,WPG,20,27,47.44,64.71,33,18,36.36,4,7,62.26,33,20,40.76,64,93,38.03,27,44,43.90,36,46,37.21,16,27,2018,Regular,From
WSH,20,21,50.00,55.56,5,4,60.00,6,4,52.63,10,9,37.04,10,17,60.00,6,4,33.33,2,4,100.00,3,0,WSH,20,21,45.89,60.81,45,29,61.33,46,29,56.50,113,87,41.10,134,192,36.13,43,76,43.75,14,18,30.43,14,32,WSH,20,21,44.74,56.76,21,16,56.67,17,13,49.33,37,38,41.45,63,89,40.00,24,36,50.00,9,9,31.82,7,15,WSH,20,21,51.72,74.36,29,10,56.52,26,20,59.29,67,46,53.64,81,70,37.84,28,46,40.00,6,9,38.89,7,11,2018,Regular,From
ANA,19,21,49.97,57.14,4,3,66.67,4,2,42.86,6,8,42.31,11,15,63.64,7,4,54.55,6,5,40.00,2,3,ANA,19,21,46.46,77.78,21,6,55.26,21,17,53.55,113,98,43.32,133,174,36.20,59,104,36.76,25,43,48.65,36,38,ANA,19,21,48.37,72.73,8,3,56.52,13,10,56.86,58,44,44.29,62,78,47.13,41,46,26.92,7,19,34.78,8,15,ANA,19,21,47.96,77.78,7,2,50.00,12,12,55.93,66,52,44.97,76,93,38.46,30,48,57.14,16,12,34.78,8,15,2018,Regular,From
ARI,19,7,37.97,71.43,5,2,50.00,7,7,30.43,7,16,41.94,13,18,23.08,3,10,0.00,0,4,0.00,0,1,ARI,19,7,46.52,57.89,44,32,50.66,77,75,48.82,62,65,48.65,162,171,40.61,67,98,42.31,22,30,0.00,0,1,ARI,19,7,47.08,68.57,24,11,49.33,37,38,56.67,34,26,46.10,71,83,41.03,32,46,38.10,8,13,0.00,0,1,ARI,19,7,50.79,50.00,19,19,60.71,51,33,50.68,37,36,54.14,85,72,46.81,44,50,45.45,10,12,0.00,0,0,2018,Regular,From
BOS,19,20,44.74,66.67,2,1,45.45,5,6,41.18,7,10,37.93,11,18,50.00,5,5,83.33,5,1,20.00,1,4,BOS,19,20,51.29,56.86,29,22,55.17,64,52,59.84,76,51,51.70,152,142,46.36,70,81,41.67,30,42,46.43,26,30,BOS,19,20,53.27,69.23,9,4,65.91,29,15,55.00,33,27,48.23,68,73,49.35,38,39,50.00,21,21,50.00,17,17,BOS,19,20,52.49,66.67,16,8,61.54,32,20,50.77,33,32,54.49,85,71,40.23,35,52,54.55,18,15,46.43,13,15,2018,Regular,From
BUF,19,14,38.67,50.00,6,6,10.00,1,9,50.00,7,7,43.33,13,17,36.36,4,7,0.00,0,3,33.33,1,2,BUF,19,14,48.73,47.31,44,49,58.54,24,17,57.93,95,69,47.02,150,169,46.33,101,117,38.46,5,8,33.33,3,6,BUF,19,14,41.83,57.45,27,20,21.43,3,11,40.00,28,42,45.13,51,62,42.31,33,45,23.08,3,10,25.00,1,3,BUF,19,14,44.25,52.00,26,24,45.83,11,13,61.90,52,32,41.35,55,78,36.36,28,49,25.00,3,9,50.00,2,2,2018,Regular,From
CAR,19,22,52.89,60.00,3,2,60.00,3,2,52.94,9,8,48.39,15,16,66.67,12,6,25.00,2,6,100.00,1,0,CAR,19,22,55.92,63.64,14,8,71.67,43,17,64.78,103,56,55.04,224,183,54.84,85,70,40.00,42,63,32.43,12,25,CAR,19,22,52.04,40.00,4,6,57.89,11,8,60.00,45,30,54.64,100,83,44.07,26,33,38.10,16,26,35.29,6,11,CAR,19,22,58.99,76.92,10,3,100.00,21,0,71.43,55,22,55.42,138,111,52.87,46,41,41.51,22,31,40.00,8,12,2018,Regular,From
CBJ,19,23,56.27,66.67,2,1,42.86,3,4,55.56,10,8,56.25,18,14,50.00,8,8,62.50,5,3,80.00,4,1,CBJ,19,23,53.63,62.50,20,12,69.23,63,28,60.87,98,63,50.29,172,170,47.57,98,108,48.33,29,31,48.10,38,41,CBJ,19,23,54.61,77.78,7,2,57.89,11,8,55.07,38,31,51.91,68,63,52.70,39,35,50.00,14,14,50.00,17,17,CBJ,19,23,51.16,40.00,4,6,62.16,23,14,52.56,41,37,57.61,106,78,38.61,39,62,34.38,11,21,40.48,17,25,2018,Regular,From
CGY,19,22,51.24,25.00,1,3,66.67,4,2,46.15,6,7,59.26,16,11,35.29,6,11,87.50,7,1,0.00,0,3,CGY,19,22,49.61,57.89,22,16,49.38,40,41,45.39,69,83,51.17,219,209,56.25,54,42,43.66,31,40,44.12,15,19,CGY,19,22,53.38,66.67,16,8,55.88,19,15,50.00,31,31,51.27,101,96,60.00,27,18,47.37,18,20,66.67,10,5,CGY,19,22,52.79,84.21,16,3,64.29,36,20,55.42,46,37,51.98,105,97,46.15,18,21,45.45,15,18,28.57,4,10,2018,Regular,From
CHI,19,20,52.33,50.00,5,5,20.00,1,4,41.67,5,7,48.00,12,13,63.64,7,4,60.00,6,4,72.73,8,3,CHI,19,20,49.61,60.87,42,27,64.08,66,37,43.87,68,87,48.67,183,193,52.38,33,30,43.97,51,65,44.93,31,38,CHI,19,20,49.87,72.97,27,10,57.78,26,19,46.81,22,25,52.14,73,67,44.83,13,16,35.14,13,24,27.27,6,16,CHI,19,20,55.40,77.78,28,8,62.90,39,23,50.60,42,41,57.51,111,82,50.00,18,18,40.38,21,31,52.50,21,19,2018,Regular,From
COL,19,21,49.45,45.45,5,6,57.14,4,3,46.15,6,7,56.00,14,11,38.89,7,11,80.00,4,1,40.00,4,6,COL,19,21,48.40,59.72,43,29,64.58,31,17,52.80,66,59,47.18,117,131,46.25,74,86,35.23,31,57,33.33,21,42,COL,19,21,40.67,38.46,15,24,47.83,11,12,46.43,26,30,38.74,43,68,42.37,25,34,37.14,13,22,32.26,10,21,COL,19,21,49.30,45.10,23,28,76.92,10,3,54.69,35,29,55.56,75,60,51.16,44,42,22.22,6,21,24.39,10,31,2018,Regular,From
DAL,19,19,44.34,40.00,2,3,33.33,3,6,36.36,4,7,48.00,12,13,56.25,9,7,37.50,3,5,40.00,2,3,DAL,19,19,52.97,66.67,36,18,64.77,57,31,54.05,60,51,52.67,158,142,46.56,88,101,37.50,12,20,52.54,31,28,DAL,19,19,52.34,36.36,4,7,52.38,22,20,41.18,21,30,52.38,55,50,53.33,40,35,63.64,14,8,52.38,22,20,DAL,19,19,51.68,62.07,18,11,59.26,32,22,47.37,27,30,49.69,80,81,48.28,42,45,29.63,8,19,58.49,31,22,2018,Regular,From
DET,19,20,48.19,100.00,3,0,30.00,3,7,46.67,7,8,50.00,11,11,53.33,8,7,42.86,3,4,33.33,1,2,DET,19,20,48.72,46.67,14,16,61.17,63,40,50.29,87,86,49.34,186,191,35.16,32,59,52.04,51,47,38.81,26,41,DET,19,20,50.31,61.11,11,7,49.02,25,26,50.75,34,33,51.80,72,67,50.98,26,25,45.45,15,18,39.39,13,20,DET,19,20,49.42,80.00,8,2,67.39,31,15,53.95,41,35,50.75,68,66,35.85,19,34,39.47,15,23,25.00,7,21,2018,Regular,From
EDM,19,16,48.13,50.00,1,1,33.33,2,4,50.00,8,8,48.15,13,14,40.00,4,6,66.67,4,2,50.00,3,3,EDM,19,16,52.72,58.14,50,36,55.28,68,55,60.12,104,69,50.13,199,198,56.91,70,53,50.00,20,20,48.48,16,17,EDM,19,16,58.81,70.59,24,10,63.64,28,16,57.14,36,27,59.59,87,59,53.45,31,27,62.50,10,6,56.25,9,7,EDM,19,16,53.73,70.73,29,12,65.08,41,22,54.55,48,40,58.06,126,91,41.07,23,33,24.00,6,19,42.11,8,11,2018,Regular,From
FLA,19,16,46.59,33.33,2,4,50.00,6,6,56.52,13,10,37.04,10,17,45.45,5,6,50.00,3,3,50.00,4,4,FLA,19,16,48.45,48.39,30,32,54.55,36,30,59.43,145,99,49.41,167,171,37.96,41,67,33.87,21,41,32.50,13,27,FLA,19,16,51.74,62.50,10,6,51.43,18,17,55.67,54,43,55.34,57,46,48.84,21,22,35.48,11,20,40.00,4,6,FLA,19,16,45.94,64.00,16,9,48.28,14,15,53.70,58,50,45.52,66,79,44.19,19,24,35.00,14,26,15.38,2,11,2018,Regular,From
L.A,19,24,53.31,100.00,3,0,66.67,6,3,35.71,5,9,51.72,15,14,42.86,6,8,66.67,4,2,75.00,3,1,L.A,19,24,49.72,41.86,18,25,55.17,32,26,53.29,89,78,52.70,195,175,48.55,67,71,32.26,20,42,40.74,22,32,L.A,19,24,50.59,69.57,16,7,40.00,8,12,46.58,34,39,58.33,98,70,39.13,18,28,37.93,11,18,33.33,9,18,L.A,19,24,51.25,35.00,7,13,42.11,8,11,60.00,42,28,55.91,104,82,53.03,35,31,21.95,9,32,39.29,11,17,2018,Regular,From
MIN,19,20,52.01,100.00,2,0,80.00,4,1,37.50,6,10,52.17,12,11,53.33,8,7,75.00,6,2,30.00,3,7,MIN,19,20,47.02,33.33,4,8,66.67,40,20,57.80,100,73,42.67,163,219,44.38,71,89,33.33,13,26,41.67,20,28,MIN,19,20,50.63,42.86,3,4,65.22,15,8,65.71,46,24,47.14,66,74,36.00,18,32,55.56,10,8,33.33,7,14,MIN,19,20,45.19,50.00,2,2,56.52,13,10,55.42,46,37,45.36,83,100,39.53,34,52,21.74,5,18,24.00,6,19,2018,Regular,From
MTL,19,18,40.50,36.36,4,7,11.11,1,8,36.36,4,7,38.46,10,16,58.33,7,5,42.86,3,4,100.00,3,0,MTL,19,18,52.83,63.16,72,42,58.82,60,42,49.74,96,97,53.95,191,163,58.62,34,24,41.46,34,48,62.96,17,10,MTL,19,18,52.05,65.22,30,16,72.09,31,12,49.12,28,29,49.59,60,61,54.29,19,16,37.50,18,30,57.14,4,3,MTL,19,18,51.49,50.00,19,19,70.27,52,22,58.70,54,38,50.54,94,92,39.47,15,23,42.86,21,28,38.46,5,8,2018,Regular,From
N.J,19,25,50.16,75.00,3,1,50.00,5,5,50.00,8,8,54.55,18,15,28.57,4,10,50.00,3,3,66.67,2,1,N.J,19,25,46.36,46.00,23,27,54.39,31,26,40.71,57,83,51.10,163,156,45.83,99,117,25.33,19,56,45.45,20,24,N.J,19,25,45.28,55.56,10,8,47.37,9,10,44.64,25,31,41.89,62,86,48.08,50,54,37.93,11,18,43.75,7,9,N.J,19,25,46.20,72.73,16,6,50.00,14,14,58.06,36,26,41.76,71,99,41.84,41,57,31.58,12,26,44.44,4,5,2018,Regular,From
NSH,19,24,51.27,0.00,0,2,57.14,4,3,46.15,6,7,58.82,10,7,68.42,13,6,46.15,6,7,14.29,1,6,NSH,19,24,50.46,41.18,14,20,51.35,19,18,61.80,55,34,54.10,145,123,43.55,81,105,41.51,44,62,36.67,22,38,NSH,19,24,52.30,68.75,11,5,56.00,14,11,44.44,20,25,59.17,71,49,45.68,37,44,42.86,18,24,40.00,12,18,NSH,19,24,51.91,66.67,8,4,64.29,18,10,57.14,36,27,46.88,60,68,46.08,47,55,41.51,22,31,48.78,20,21,2018,Regular,From
NYI,19,24,55.63,66.67,4,2,50.00,3,3,69.23,9,4,46.15,12,14,65.00,13,7,58.33,7,5,42.86,6,8,NYI,19,24,49.48,50.00,33,33,55.36,31,25,59.68,111,75,50.68,111,108,37.65,61,101,40.74,33,48,45.54,46,55,NYI,19,24,50.84,52.50,21,19,58.06,18,13,55.70,44,35,56.52,39,30,44.44,24,30,39.47,15,23,40.43,19,28,NYI,19,24,51.46,56.60,30,23,62.50,20,12,58.70,54,38,47.54,58,64,44.21,42,53,50.00,26,26,44.44,20,25,2018,Regular,From
NYR,19,20,48.07,50.00,2,2,66.67,8,4,47.37,9,10,41.67,15,21,52.63,10,9,33.33,2,4,0.00,0,0,NYR,19,20,49.05,56.25,18,14,55.45,61,49,53.98,95,81,52.19,167,153,39.05,66,103,42.42,28,38,40.00,2,3,NYR,19,20,46.15,60.87,14,9,54.55,30,25,60.66,37,24,37.30,47,79,42.25,30,41,48.28,14,15,0.00,0,0,NYR,19,20,47.75,53.33,8,7,61.54,32,20,63.01,46,27,45.16,70,85,29.76,25,59,48.78,20,21,40.00,2,3,2018,Regular,From
OTT,19,22,50.04,33.33,1,2,50.00,3,3,55.56,10,8,53.57,15,13,50.00,9,9,40.00,4,6,42.86,3,4,OTT,19,22,51.71,50.00,6,6,50.00,19,19,56.16,82,64,52.96,179,159,51.59,81,76,30.16,19,44,47.06,32,36,OTT,19,22,49.31,62.50,5,3,57.69,15,11,45.59,31,37,50.93,82,79,51.35,38,36,48.15,13,14,19.23,5,21,OTT,19,22,44.55,83.33,10,2,57.50,23,17,58.97,46,32,46.11,83,97,28.43,29,73,27.78,10,26,25.58,11,32,2018,Regular,From
PHI,19,19,55.13,80.00,4,1,44.44,4,5,41.67,5,7,59.09,13,9,50.00,5,5,50.00,3,3,71.43,5,2,PHI,19,19,50.51,51.52,17,16,58.06,54,39,60.27,88,58,49.83,144,145,44.64,75,93,37.78,34,56,50.00,23,23,PHI,19,19,48.64,100.00,10,0,55.26,21,17,48.08,25,27,49.61,64,65,41.18,28,40,39.47,15,23,36.00,9,16,PHI,19,19,49.76,70.83,17,7,62.50,25,15,66.67,44,22,46.88,75,85,41.18,35,50,34.29,12,23,22.73,5,17,2018,Regular,From
PIT,19,21,37.08,0.00,0,13,42.86,3,4,57.89,11,8,43.48,10,13,33.33,4,8,16.67,1,5,100.00,1,0,PIT,19,21,53.51,55.14,59,48,67.31,35,17,52.03,77,71,54.62,195,162,47.74,74,81,48.72,38,40,66.67,16,8,PIT,19,21,47.37,63.41,26,15,66.67,18,9,47.30,35,39,45.67,58,69,43.55,27,35,41.18,14,20,22.22,2,7,PIT,19,21,44.97,39.22,20,31,45.83,11,13,55.56,40,32,46.37,83,96,49.28,34,35,25.53,12,35,57.14,4,3,2018,Regular,From
S.J,19,21,47.79,0.00,0,0,50.00,2,2,42.86,6,8,50.00,14,14,33.33,4,8,71.43,5,2,50.00,1,1,S.J,19,21,55.84,55.81,24,19,73.08,19,7,59.77,159,107,58.97,161,112,48.46,63,67,42.03,29,40,48.39,15,16,S.J,19,21,56.15,70.00,14,6,76.47,13,4,57.39,66,49,54.46,61,51,60.29,41,27,42.86,12,16,18.18,2,9,S.J,19,21,50.11,76.19,16,5,64.29,18,10,56.79,92,70,45.57,72,86,48.39,45,48,33.33,15,30,42.86,6,8,2018,Regular,From
STL,19,27,57.33,60.00,3,2,20.00,1,4,69.23,9,4,60.00,15,10,65.00,13,7,61.54,8,5,16.67,1,5,STL,19,27,52.48,53.49,23,20,43.33,13,17,55.83,67,53,52.59,193,174,57.39,101,75,32.63,31,64,47.69,31,34,STL,19,27,58.16,85.71,12,2,50.00,6,6,61.29,38,24,59.42,82,56,53.09,43,38,49.02,25,26,46.15,6,7,STL,19,27,48.22,62.50,10,6,26.67,4,11,65.38,34,18,44.83,91,112,45.98,40,47,35.19,19,35,41.38,12,17,2018,Regular,From
T.B,19,32,60.22,0.00,0,0,80.00,4,1,71.43,5,2,63.64,14,8,58.33,14,10,50.00,9,9,60.00,6,4,T.B,19,32,50.73,55.56,5,4,80.00,12,3,58.33,28,20,52.65,179,161,42.22,95,130,35.34,47,86,48.28,56,60,T.B,19,32,55.79,60.00,3,2,77.78,7,2,63.64,21,12,59.40,79,54,54.55,60,50,34.62,18,34,38.46,20,32,T.B,19,32,54.22,87.50,7,1,57.14,4,3,47.83,11,12,52.17,84,77,47.41,55,61,49.12,28,29,41.82,23,32,2018,Regular,From
TOR,19,24,53.55,83.33,5,1,46.67,7,8,33.33,5,10,63.33,19,11,50.00,10,10,50.00,5,5,57.14,4,3,TOR,19,24,47.63,63.27,31,18,65.08,82,44,54.37,56,47,42.42,126,171,40.96,68,98,36.00,27,48,50.00,20,20,TOR,19,24,50.80,59.09,13,9,63.24,43,25,57.45,27,20,47.92,69,75,45.61,26,31,34.38,11,21,52.38,11,10,TOR,19,24,55.66,53.85,14,12,64.62,42,23,67.80,40,19,54.10,99,84,52.56,41,37,41.94,13,18,46.15,12,14,2018,Regular,From
VAN,19,20,51.71,66.67,2,1,50.00,4,4,58.33,7,5,42.31,11,15,54.55,6,5,100.00,3,0,33.33,1,2,VAN,19,20,48.14,63.16,24,14,64.71,55,30,59.75,95,64,44.62,141,175,31.36,37,81,48.21,27,29,40.00,14,21,VAN,19,20,45.88,44.44,8,10,44.74,17,21,51.61,32,30,52.32,79,72,32.50,13,27,32.14,9,19,30.43,7,16,VAN,19,20,51.81,64.29,9,5,68.29,28,13,60.67,54,35,54.76,69,57,36.00,18,32,39.29,11,17,13.33,2,13,2018,Regular,From
VGK,19,25,54.77,33.33,2,4,40.00,2,3,60.00,9,6,62.96,17,10,57.14,12,9,50.00,5,5,44.44,4,5,VGK,19,25,49.42,52.78,19,17,60.71,34,22,51.97,66,61,45.85,127,150,48.50,81,86,51.32,39,37,40.00,44,66,VGK,19,25,52.99,43.75,7,9,70.37,19,8,57.89,44,32,46.43,52,60,51.85,42,39,63.33,19,11,37.78,17,28,VGK,19,25,48.73,47.37,9,10,67.65,23,11,51.28,40,38,44.00,55,70,39.60,40,61,48.28,28,30,42.86,24,32,2018,Regular,From
WPG,19,27,55.42,33.33,2,4,40.00,2,3,45.45,5,6,61.90,13,8,70.59,12,5,46.15,6,7,62.50,5,3,WPG,19,27,47.88,50.85,30,29,73.91,17,6,38.10,32,52,52.71,146,131,34.19,53,102,44.44,56,70,43.48,40,52,WPG,19,27,46.33,47.83,11,12,50.00,3,3,43.90,18,23,40.74,44,64,43.06,31,41,52.00,26,24,46.88,15,17,WPG,19,27,47.57,62.22,28,17,37.50,3,5,63.04,29,17,41.06,62,89,38.03,27,44,43.90,36,46,37.21,16,27,2018,Regular,From
WSH,19,21,51.43,50.00,4,4,66.67,6,3,55.56,10,8,38.46,10,16,60.00,6,4,33.33,2,4,100.00,3,0,WSH,19,21,45.62,62.12,41,25,60.29,41,27,56.35,102,79,41.10,134,192,36.13,43,76,43.75,14,18,30.43,14,32,WSH,19,21,45.24,60.61,20,13,58.62,17,12,50.00,37,37,41.45,63,89,40.00,24,36,50.00,9,9,31.82,7,15,WSH,19,21,52.32,75.00,24,8,56.10,23,18,62.00,62,38,53.64,81,70,37.84,28,46,40.00,6,9,38.89,7,11,2018,Regular,From
ANA,18,19,49.70,57.14,4,3,66.67,4,2,42.86,6,8,40.00,10,15,63.64,7,4,60.00,6,4,40.00,2,3,ANA,18,19,47.18,77.78,21,6,55.26,21,17,53.55,113,98,44.48,129,161,36.24,54,95,40.00,18,27,48.65,36,38,ANA,18,19,48.60,72.73,8,3,56.52,13,10,56.86,58,44,43.18,57,75,46.91,38,43,27.78,5,13,34.78,8,15,ANA,18,19,47.77,77.78,7,2,50.00,12,12,55.93,66,52,45.40,74,89,37.68,26,43,54.55,12,10,34.78,8,15,2018,Regular,From
ARI,18,7,38.13,71.43,5,2,53.85,7,6,31.82,7,15,40.00,12,18,25.00,3,9,0.00,0,4,0.00,0,1,ARI,18,7,45.92,57.33,43,32,49.32,72,74,49.60,62,63,48.44,155,165,38.96,60,94,42.31,22,30,0.00,0,1,ARI,18,7,46.86,68.57,24,11,49.32,36,37,57.63,34,25,43.97,62,79,42.25,30,41,38.10,8,13,0.00,0,1,ARI,18,7,50.94,50.00,19,19,59.74,46,31,52.11,37,34,53.02,79,70,48.84,42,44,45.45,10,12,0.00,0,0,2018,Regular,From
BOS,18,18,42.87,66.67,2,1,45.45,5,6,37.50,6,10,37.04,10,17,44.44,4,5,83.33,5,1,20.00,1,4,BOS,18,18,51.49,56.86,29,22,55.17,64,52,60.00,75,50,52.63,150,135,44.53,57,71,44.62,29,36,46.43,26,30,BOS,18,18,53.82,69.23,9,4,65.91,29,15,55.93,33,26,48.92,68,71,45.10,23,28,55.26,21,17,50.00,17,17,BOS,18,18,53.69,66.67,16,8,61.54,32,20,50.00,32,32,54.25,83,70,47.54,29,32,55.17,16,13,46.43,13,15,2018,Regular,From
BUF,18,14,38.87,50.00,6,6,10.00,1,9,50.00,6,6,46.43,13,15,36.36,4,7,0.00,0,3,33.33,1,2,BUF,18,14,49.05,47.31,44,49,61.54,24,15,58.28,88,63,47.47,141,156,46.33,101,117,38.46,5,8,33.33,3,6,BUF,18,14,43.44,57.45,27,20,21.43,3,11,42.42,28,38,48.04,49,53,42.31,33,45,23.08,3,10,25.00,1,3,BUF,18,14,43.25,52.00,26,24,45.45,10,12,61.73,50,31,37.90,47,77,36.36,28,49,25.00,3,9,50.00,2,2,2018,Regular,From
CAR,18,20,52.10,60.00,3,2,60.00,3,2,52.94,9,8,48.39,15,16,62.50,10,6,28.57,2,5,100.00,1,0,CAR,18,20,55.63,63.64,14,8,71.67,43,17,64.78,103,56,54.93,223,183,53.74,79,68,37.50,33,55,30.77,8,18,CAR,18,20,51.86,40.00,4,6,57.89,11,8,60.00,45,30,54.40,99,83,43.86,25,32,40.00,14,21,16.67,2,10,CAR,18,20,59.58,76.92,10,3,100.00,21,0,71.43,55,22,55.42,138,111,53.49,46,40,41.46,17,24,46.15,6,7,2018,Regular,From
CBJ,18,21,55.69,66.67,2,1,42.86,3,4,55.56,10,8,53.33,16,14,53.33,8,7,62.50,5,3,80.00,4,1,CBJ,18,21,53.89,62.50,20,12,69.23,63,28,60.87,98,63,50.30,167,165,48.82,83,87,48.33,29,31,48.10,38,41,CBJ,18,21,55.25,77.78,7,2,57.89,11,8,55.07,38,31,51.97,66,61,55.17,32,26,50.00,14,14,50.00,17,17,CBJ,18,21,51.36,40.00,4,6,62.16,23,14,52.56,41,37,57.47,100,74,38.24,26,42,34.38,11,21,40.48,17,25,2018,Regular,From
CGY,18,20,51.73,25.00,1,3,66.67,4,2,45.45,5,6,62.50,15,9,35.29,6,11,87.50,7,1,0.00,0,3,CGY,18,20,50.10,57.89,22,16,52.63,40,36,45.77,65,77,51.39,204,193,56.25,54,42,43.66,31,40,44.12,15,19,CGY,18,20,53.32,66.67,16,8,56.25,18,14,48.33,29,31,51.08,95,91,60.00,27,18,47.37,18,20,66.67,10,5,CGY,18,20,53.77,84.21,16,3,64.29,36,20,54.55,42,35,54.14,98,83,46.15,18,21,45.45,15,18,28.57,4,10,2018,Regular,From
CHI,18,18,51.04,50.00,5,5,20.00,1,4,36.36,4,7,47.83,11,12,55.56,5,4,62.50,5,3,80.00,8,2,CHI,18,18,48.75,60.87,42,27,64.08,66,37,39.85,53,80,48.64,179,189,49.15,29,30,41.51,44,62,46.97,31,35,CHI,18,18,50.25,72.97,27,10,57.78,26,19,47.37,18,20,53.28,73,64,44.44,12,15,26.67,8,22,30.00,6,14,CHI,18,18,55.93,77.78,28,8,62.90,39,23,49.30,35,36,57.81,111,81,52.94,18,16,39.22,20,31,55.56,20,16,2018,Regular,From
COL,18,19,48.56,45.45,5,6,57.14,4,3,36.36,4,7,59.09,13,9,38.89,7,11,80.00,4,1,40.00,4,6,COL,18,19,47.41,59.72,43,29,65.96,31,16,50.91,56,54,44.44,100,125,46.25,74,86,35.23,31,57,33.33,21,42,COL,18,19,41.05,38.46,15,24,47.83,11,12,46.15,24,28,39.42,41,63,42.37,25,34,37.14,13,22,32.26,10,21,COL,18,19,48.87,45.10,23,28,76.92,10,3,50.88,29,28,56.00,70,55,51.16,44,42,22.22,6,21,24.39,10,31,2018,Regular,From
DAL,18,19,45.73,66.67,2,1,37.50,3,5,30.00,3,7,50.00,12,12,56.25,9,7,37.50,3,5,40.00,2,3,DAL,18,19,53.06,67.39,31,15,65.82,52,27,50.00,51,51,54.29,152,128,46.56,88,101,37.50,12,20,52.54,31,28,DAL,18,19,52.87,22.22,2,7,55.00,22,18,40.00,20,30,53.54,53,46,53.33,40,35,63.64,14,8,52.38,22,20,DAL,18,19,51.94,59.09,13,9,60.00,30,20,45.28,24,29,50.66,77,75,48.28,42,45,29.63,8,19,58.49,31,22,2018,Regular,From
DET,18,18,46.37,100.00,3,0,30.00,3,7,46.67,7,8,47.62,10,11,50.00,7,7,42.86,3,4,0.00,0,1,DET,18,18,48.62,46.67,14,16,61.17,63,40,50.29,87,86,49.06,183,190,35.63,31,56,51.55,50,47,39.02,16,25,DET,18,18,50.67,61.11,11,7,49.02,25,26,50.75,34,33,52.59,71,64,51.02,25,24,45.45,15,18,41.18,7,10,DET,18,18,49.81,80.00,8,2,67.39,31,15,53.95,41,35,50.77,66,64,36.54,19,33,39.47,15,23,22.22,4,14,2018,Regular,From
EDM,18,16,49.22,50.00,1,1,40.00,2,3,53.33,8,7,48.15,13,14,40.00,4,6,66.67,4,2,50.00,3,3,EDM,18,16,53.11,57.69,45,33,55.74,68,54,60.78,93,60,50.94,189,182,56.91,70,53,50.00,20,20,48.48,16,17,EDM,18,16,58.53,69.70,23,10,63.64,28,16,55.17,32,26,59.31,86,59,53.45,31,27,62.50,10,6,56.25,9,7,EDM,18,16,54.34,71.79,28,11,65.08,41,22,55.26,42,34,58.57,123,87,41.07,23,33,24.00,6,19,42.11,8,11,2018,Regular,From
FLA,18,16,48.42,40.00,2,3,54.55,6,5,59.09,13,9,38.46,10,16,45.45,5,6,50.00,3,3,50.00,4,4,FLA,18,16,48.19,48.39,30,32,52.73,29,26,60.00,132,88,49.10,164,170,37.96,41,67,33.87,21,41,32.50,13,27,FLA,18,16,52.09,62.50,10,6,52.94,18,16,55.17,48,39,56.00,56,44,48.84,21,22,35.48,11,20,40.00,4,6,FLA,18,16,46.15,61.90,13,8,48.15,13,14,54.08,53,45,45.83,66,78,44.19,19,24,35.00,14,26,15.38,2,11,2018,Regular,From
L.A,18,24,54.42,100.00,3,0,66.67,6,3,35.71,5,9,55.56,15,12,42.86,6,8,66.67,4,2,75.00,3,1,L.A,18,24,49.74,41.86,18,25,55.17,32,26,53.57,75,65,52.87,184,164,48.55,67,71,32.26,20,42,40.74,22,32,L.A,18,24,49.81,69.57,16,7,40.00,8,12,42.62,26,35,57.50,92,68,39.13,18,28,37.93,11,18,33.33,9,18,L.A,18,24,51.77,35.00,7,13,42.11,8,11,59.65,34,23,57.39,101,75,53.03,35,31,21.95,9,32,39.29,11,17,2018,Regular,From
MIN,18,20,52.60,100.00,2,0,80.00,4,1,37.50,6,10,54.55,12,10,53.33,8,7,75.00,6,2,30.00,3,7,MIN,18,20,47.56,33.33,4,8,66.67,40,20,64.62,84,46,42.16,156,214,44.38,71,89,33.33,13,26,41.67,20,28,MIN,18,20,50.14,42.86,3,4,61.90,13,8,65.67,44,23,46.32,63,73,36.00,18,32,55.56,10,8,33.33,7,14,MIN,18,20,45.87,50.00,2,2,56.52,13,10,59.70,40,27,45.36,83,100,39.53,34,52,21.74,5,18,24.00,6,19,2018,Regular,From
MTL,18,17,40.35,36.36,4,7,11.11,1,8,30.00,3,7,41.67,10,14,58.33,7,5,42.86,3,4,100.00,3,0,MTL,18,17,52.74,63.16,72,42,58.82,60,42,47.77,75,82,54.07,186,158,58.62,34,24,41.46,34,48,62.96,17,10,MTL,18,17,52.09,65.22,30,16,72.09,31,12,46.34,19,22,49.57,58,59,54.29,19,16,37.50,18,30,57.14,4,3,MTL,18,17,51.74,50.00,19,19,70.27,52,22,57.63,34,25,51.14,90,86,39.47,15,23,42.86,21,28,38.46,5,8,2018,Regular,From
N.J,18,25,51.74,100.00,2,0,55.56,5,4,50.00,7,7,58.06,18,13,28.57,4,10,50.00,3,3,66.67,2,1,N.J,18,25,46.35,50.00,13,13,54.39,31,26,40.29,56,83,51.04,147,141,45.83,99,117,25.33,19,56,45.45,20,24,N.J,18,25,45.33,60.00,6,4,47.37,9,10,44.64,25,31,40.74,55,80,48.08,50,54,37.93,11,18,43.75,7,9,N.J,18,25,46.21,66.67,8,4,51.85,14,13,60.00,36,24,41.29,64,91,41.84,41,57,31.58,12,26,44.44,4,5,2018,Regular,From
NSH,18,22,50.51,0.00,0,2,57.14,4,3,46.15,6,7,58.82,10,7,66.67,12,6,41.67,5,7,0.00,0,4,NSH,18,22,50.75,41.18,14,20,51.35,19,18,61.80,55,34,53.85,140,120,43.65,79,102,41.51,44,62,41.30,19,27,NSH,18,22,52.13,68.75,11,5,56.00,14,11,44.44,20,25,59.17,71,49,44.74,34,42,42.86,18,24,37.50,9,15,NSH,18,22,52.10,66.67,8,4,64.29,18,10,57.14,36,27,48.76,59,62,43.75,42,54,41.51,22,31,53.57,15,13,2018,Regular,From
NYI,18,22,55.40,66.67,4,2,50.00,3,3,69.23,9,4,44.00,11,14,61.11,11,7,60.00,6,4,50.00,6,6,NYI,18,22,49.33,50.00,33,33,55.36,31,25,59.68,111,75,50.46,110,108,35.76,54,97,45.61,26,31,45.12,37,45,NYI,18,22,51.86,52.50,21,19,58.06,18,13,55.70,44,35,56.52,39,30,45.83,22,26,44.44,12,15,40.48,17,25,NYI,18,22,51.21,56.60,30,23,62.50,20,12,58.70,54,38,47.54,58,64,40.96,34,49,53.85,21,18,47.50,19,21,2018,Regular,From
NYR,18,20,48.64,33.33,1,2,70.00,7,3,52.94,9,8,41.18,14,20,55.56,10,8,33.33,2,4,0.00,0,0,NYR,18,20,49.74,51.72,15,14,58.00,58,42,55.23,95,77,52.24,163,149,40.14,59,88,42.42,28,38,40.00,2,3,NYR,18,20,45.70,57.14,12,9,58.33,28,20,61.02,36,23,35.77,44,79,40.32,25,37,48.28,14,15,0.00,0,0,NYR,18,20,47.51,45.45,5,6,62.75,32,19,61.97,44,27,44.81,69,85,27.78,20,52,48.78,20,21,40.00,2,3,2018,Regular,From
OTT,18,22,51.57,33.33,1,2,60.00,3,2,58.82,10,7,55.56,15,12,50.00,9,9,40.00,4,6,42.86,3,4,OTT,18,22,51.95,50.00,5,5,52.78,19,17,55.81,72,57,53.37,174,152,51.59,81,76,30.16,19,44,47.06,32,36,OTT,18,22,49.76,62.50,5,3,61.90,13,8,43.86,25,32,51.28,80,76,51.35,38,36,48.15,13,14,19.23,5,21,OTT,18,22,43.65,80.00,8,2,57.14,20,15,56.06,37,29,45.88,78,92,28.43,29,73,27.78,10,26,25.58,11,32,2018,Regular,From
PHI,18,18,55.03,80.00,4,1,44.44,4,5,41.67,5,7,57.14,12,9,55.56,5,4,50.00,3,3,71.43,5,2,PHI,18,18,50.46,51.52,17,16,58.06,54,39,60.27,88,58,50.00,140,140,43.54,64,83,38.36,28,45,50.00,23,23,PHI,18,18,47.72,100.00,10,0,55.26,21,17,48.08,25,27,47.97,59,64,37.10,23,39,41.18,14,20,36.00,9,16,PHI,18,18,49.15,70.83,17,7,62.50,25,15,66.67,44,22,46.88,75,85,39.47,30,46,28.13,9,23,22.73,5,17,2018,Regular,From
PIT,18,20,35.09,0.00,0,13,33.33,2,4,52.94,9,8,45.45,10,12,36.36,4,7,16.67,1,5,100.00,1,0,PIT,18,20,53.78,55.14,59,48,65.96,31,16,52.21,71,65,55.00,187,153,48.67,73,77,48.72,38,40,66.67,16,8,PIT,18,20,47.41,63.41,26,15,66.67,16,8,46.58,34,39,45.87,50,59,43.10,25,33,41.18,14,20,22.22,2,7,PIT,18,20,44.27,39.22,20,31,40.00,8,12,55.38,36,29,46.30,75,87,46.88,30,34,25.53,12,35,57.14,4,3,2018,Regular,From
S.J,18,20,48.26,0.00,0,0,50.00,2,2,42.86,6,8,50.00,13,13,36.36,4,7,71.43,5,2,50.00,1,1,S.J,18,20,55.52,55.81,24,19,73.08,19,7,59.84,152,102,57.85,140,102,49.18,60,62,42.03,29,40,48.39,15,16,S.J,18,20,54.96,70.00,14,6,76.47,13,4,56.07,60,47,51.49,52,49,59.38,38,26,42.86,12,16,18.18,2,9,S.J,18,20,49.32,76.19,16,5,64.29,18,10,56.21,86,67,43.62,65,84,47.13,41,46,33.33,15,30,42.86,6,8,2018,Regular,From
STL,18,27,59.87,60.00,3,2,25.00,1,3,70.00,7,3,66.67,14,7,68.42,13,6,61.54,8,5,16.67,1,5,STL,18,27,52.91,53.49,23,20,44.83,13,16,55.17,64,52,53.80,177,152,57.39,101,75,32.63,31,64,47.69,31,34,STL,18,27,58.59,84.62,11,2,54.55,6,5,57.89,33,24,61.67,74,46,53.09,43,38,49.02,25,26,46.15,6,7,STL,18,27,48.46,62.50,10,6,26.67,4,11,64.00,32,18,45.05,82,100,46.51,40,46,35.19,19,35,41.38,12,17,2018,Regular,From
T.B,18,30,58.95,0.00,0,0,80.00,4,1,71.43,5,2,61.90,13,8,60.87,14,9,47.06,8,9,50.00,4,4,T.B,18,30,50.77,55.56,5,4,80.00,12,3,58.33,28,20,51.56,165,155,43.98,95,121,34.68,43,81,49.07,53,55,T.B,18,30,55.94,60.00,3,2,77.78,7,2,63.64,21,12,59.06,75,52,55.05,60,49,32.00,16,34,40.00,20,30,T.B,18,30,54.34,87.50,7,1,57.14,4,3,47.83,11,12,51.32,78,74,48.21,54,58,49.06,26,27,43.75,21,27,2018,Regular,From
TOR,18,22,52.43,83.33,5,1,46.67,7,8,33.33,5,10,62.07,18,11,47.37,9,10,50.00,4,4,57.14,4,3,TOR,18,22,48.08,63.27,31,18,65.08,82,44,54.37,56,47,42.96,125,166,41.91,57,79,38.24,26,42,48.57,17,18,TOR,18,22,51.44,59.09,13,9,63.24,43,25,57.45,27,20,48.59,69,73,45.83,22,26,35.71,10,18,52.38,11,10,TOR,18,22,55.23,53.85,14,12,64.62,42,23,67.80,40,19,53.89,97,83,47.62,30,33,46.43,13,15,48.00,12,13,2018,Regular,From
VAN,18,20,54.01,66.67,2,1,50.00,3,3,66.67,6,3,45.83,11,13,54.55,6,5,100.00,3,0,33.33,1,2,VAN,18,20,48.67,65.71,23,12,69.01,49,22,61.27,87,55,44.81,138,170,31.36,37,81,48.21,27,29,40.00,14,21,VAN,18,20,46.29,44.44,8,10,48.39,15,16,52.83,28,25,51.70,76,71,32.50,13,27,32.14,9,19,30.43,7,16,VAN,18,20,51.86,64.29,9,5,66.67,22,11,61.33,46,29,55.28,68,55,36.00,18,32,39.29,11,17,13.33,2,13,2018,Regular,From
VGK,18,23,53.81,33.33,2,4,40.00,2,3,60.00,9,6,61.54,16,10,52.63,10,9,50.00,4,4,50.00,4,4,VGK,18,23,48.38,52.78,19,17,60.71,34,22,51.97,66,61,46.01,127,149,48.00,72,78,43.64,24,31,39.13,36,56,VGK,18,23,52.14,43.75,7,9,70.37,19,8,57.89,44,32,46.43,52,60,48.68,37,39,65.38,17,9,34.15,14,27,VGK,18,23,47.62,47.37,9,10,67.65,23,11,51.28,40,38,43.55,54,70,37.23,35,59,43.24,16,21,47.06,24,27,2018,Regular,From
WPG,18,25,53.73,33.33,2,4,40.00,2,3,45.45,5,6,57.89,11,8,73.33,11,4,41.67,5,7,66.67,4,2,WPG,18,25,47.35,50.85,30,29,73.91,17,6,38.10,32,52,53.25,131,115,34.42,53,101,44.44,56,70,38.24,26,42,WPG,18,25,46.12,47.83,11,12,50.00,3,3,43.90,18,23,40.00,38,57,43.06,31,41,52.00,26,24,45.83,11,13,WPG,18,25,47.37,62.22,28,17,37.50,3,5,63.04,29,17,39.71,54,82,36.23,25,44,43.21,35,46,42.42,14,19,2018,Regular,From
WSH,18,21,53.16,50.00,4,4,62.50,5,3,64.29,9,5,41.67,10,14,60.00,6,4,33.33,2,4,100.00,3,0,WSH,18,21,45.45,59.57,28,19,61.29,38,24,55.29,94,76,42.41,134,182,36.13,43,76,43.75,14,18,30.43,14,32,WSH,18,21,44.95,61.54,16,10,60.71,17,11,47.06,32,36,41.22,61,87,40.00,24,36,50.00,9,9,31.82,7,15,WSH,18,21,52.35,81.82,18,4,61.11,22,14,60.44,55,36,52.74,77,69,37.84,28,46,40.00,6,9,38.89,7,11,2018,Regular,From
ANA,17,17,48.43,57.14,4,3,66.67,4,2,42.86,6,8,34.78,8,15,66.67,6,3,55.56,5,4,50.00,2,2,ANA,17,17,47.89,77.78,21,6,55.26,21,17,53.55,113,98,43.91,119,152,40.15,53,79,38.10,16,26,51.92,27,25,ANA,17,17,48.74,72.73,8,3,56.52,13,10,56.86,58,44,42.06,53,73,50.00,32,32,27.78,5,13,36.84,7,12,ANA,17,17,47.41,77.78,7,2,50.00,12,12,55.93,66,52,45.51,71,85,36.67,22,38,50.00,10,10,35.00,7,13,2018,Regular,From
ARI,17,6,38.33,71.43,5,2,53.85,7,6,28.57,6,15,41.38,12,17,27.27,3,8,0.00,0,4,0.00,0,1,ARI,17,6,46.27,57.33,43,32,49.32,72,74,48.72,57,60,49.82,139,140,39.22,60,93,42.31,22,30,0.00,0,1,ARI,17,6,47.97,68.57,24,11,49.32,36,37,61.11,33,21,45.16,56,68,42.03,29,40,38.10,8,13,0.00,0,1,ARI,17,6,50.38,50.00,19,19,59.74,46,31,53.62,37,32,51.16,66,63,49.41,42,43,45.45,10,12,0.00,0,0,2018,Regular,From
BOS,17,16,41.39,66.67,2,1,45.45,5,6,37.50,6,10,32.00,8,17,44.44,4,5,83.33,5,1,20.00,1,4,BOS,17,16,51.57,56.86,29,22,55.17,64,52,60.00,75,50,52.85,139,124,43.56,44,57,44.62,29,36,46.43,26,30,BOS,17,16,55.06,69.23,9,4,65.91,29,15,55.93,33,26,50.38,66,65,48.72,19,20,55.26,21,17,50.00,17,17,BOS,17,16,53.43,66.67,16,8,61.54,32,20,50.00,32,32,53.15,76,67,50.00,24,24,55.17,16,13,46.43,13,15,2018,Regular,From
BUF,17,13,39.64,50.00,6,6,10.00,1,9,50.00,6,6,46.15,12,14,33.33,3,6,0.00,0,1,33.33,1,2,BUF,17,13,49.86,47.31,44,49,61.54,24,15,58.28,88,63,48.75,137,144,46.63,90,103,50.00,3,3,33.33,3,6,BUF,17,13,43.89,57.45,27,20,21.43,3,11,42.42,28,38,49.49,49,50,43.55,27,35,20.00,2,8,25.00,1,3,BUF,17,13,44.11,52.00,26,24,45.45,10,12,61.73,50,31,38.52,47,75,39.39,26,40,37.50,3,5,50.00,2,2,2018,Regular,From
CAR,17,18,51.02,60.00,3,2,60.00,3,2,52.94,9,8,44.83,13,16,64.29,9,5,28.57,2,5,100.00,1,0,CAR,17,18,55.63,63.64,14,8,71.67,43,17,64.78,103,56,55.18,213,173,52.80,66,59,37.50,33,55,30.77,8,18,CAR,17,18,51.82,40.00,4,6,57.89,11,8,60.00,45,30,54.39,93,78,43.75,21,27,40.00,14,21,16.67,2,10,CAR,17,18,59.81,76.92,10,3,100.00,21,0,71.43,55,22,55.79,130,103,53.85,42,36,41.46,17,24,46.15,6,7,2018,Regular,From
CBJ,17,19,55.88,66.67,2,1,42.86,3,4,55.56,10,8,51.72,15,14,57.14,8,6,62.50,5,3,80.00,4,1,CBJ,17,19,54.10,62.50,20,12,69.23,63,28,60.87,98,63,49.52,156,159,50.79,64,62,48.33,29,31,48.10,38,41,CBJ,17,19,54.36,77.78,7,2,57.89,11,8,55.07,38,31,49.15,58,60,57.45,27,20,50.00,14,14,50.00,17,17,CBJ,17,19,51.49,40.00,4,6,62.16,23,14,52.56,41,37,56.55,95,73,41.18,21,30,34.38,11,21,40.48,17,25,2018,Regular,From
CGY,17,20,53.32,0.00,0,2,66.67,4,2,50.00,5,5,65.22,15,8,35.29,6,11,87.50,7,1,0.00,0,3,CGY,17,20,50.06,50.00,6,6,53.33,40,35,44.93,62,76,51.65,203,190,56.25,54,42,43.66,31,40,44.12,15,19,CGY,17,20,53.22,75.00,6,2,56.25,18,14,48.28,28,30,50.55,92,90,60.00,27,18,47.37,18,20,66.67,10,5,CGY,17,20,53.54,100.00,9,0,64.29,36,20,53.95,41,35,54.24,96,81,46.15,18,21,45.45,15,18,28.57,4,10,2018,Regular,From
CHI,17,18,52.96,50.00,5,5,20.00,1,4,40.00,4,6,45.00,9,11,62.50,5,3,66.67,4,2,88.89,8,1,CHI,17,18,48.37,60.87,42,27,63.53,54,31,38.21,47,76,49.30,175,180,42.00,21,29,41.24,40,57,47.69,31,34,CHI,17,18,49.18,72.97,27,10,54.05,20,17,47.37,18,20,51.91,68,63,41.67,10,14,27.59,8,21,30.00,6,14,CHI,17,18,54.90,77.78,28,8,63.83,30,17,49.28,34,35,56.42,101,78,51.61,16,15,34.78,16,30,55.56,20,16,2018,Regular,From
COL,17,19,49.34,37.50,3,5,66.67,4,2,40.00,4,6,59.09,13,9,38.89,7,11,80.00,4,1,40.00,4,6,COL,17,19,47.10,55.17,32,26,65.96,31,16,50.48,53,52,44.70,97,120,46.25,74,86,35.23,31,57,33.33,21,42,COL,17,19,40.99,36.36,12,21,47.83,11,12,46.81,22,25,39.42,41,63,42.37,25,34,37.14,13,22,32.26,10,21,COL,17,19,48.66,39.47,15,23,76.92,10,3,54.90,28,23,54.24,64,54,51.16,44,42,22.22,6,21,24.39,10,31,2018,Regular,From
DAL,17,18,44.08,66.67,2,1,28.57,2,5,22.22,2,7,47.83,11,12,60.00,9,6,37.50,3,5,40.00,2,3,DAL,17,18,53.23,67.39,31,15,66.67,52,26,47.06,40,45,54.18,136,115,47.25,86,96,37.50,12,20,52.54,31,28,DAL,17,18,53.43,22.22,2,7,55.26,21,17,41.86,18,25,53.68,51,44,53.42,39,34,63.64,14,8,52.38,22,20,DAL,17,18,51.73,59.09,13,9,59.18,29,20,46.15,24,28,50.69,73,71,47.06,40,45,29.63,8,19,58.49,31,22,2018,Regular,From
DET,17,17,46.17,100.00,3,0,30.00,3,7,42.86,6,8,50.00,10,10,50.00,7,7,42.86,3,4,0.00,0,1,DET,17,17,48.74,46.67,14,16,61.17,63,40,48.06,62,67,49.72,177,179,35.63,31,56,51.55,50,47,39.02,16,25,DET,17,17,51.74,61.11,11,7,49.02,25,26,50.00,28,28,55.56,70,56,51.02,25,24,45.45,15,18,41.18,7,10,DET,17,17,49.61,80.00,8,2,67.39,31,15,49.15,29,30,52.42,65,59,36.54,19,33,39.47,15,23,22.22,4,14,2018,Regular,From
EDM,17,14,47.53,50.00,1,1,40.00,2,3,53.33,8,7,48.15,13,14,40.00,4,6,60.00,3,2,0.00,0,1,EDM,17,14,52.82,57.69,45,33,55.74,68,54,60.78,93,60,51.09,188,180,55.36,62,50,50.00,20,20,33.33,1,2,EDM,17,14,58.51,69.70,23,10,63.64,28,16,55.17,32,26,59.31,86,59,54.90,28,23,62.50,10,6,100.00,1,0,EDM,17,14,53.69,71.79,28,11,65.08,41,22,55.26,42,34,58.37,122,87,41.07,23,33,24.00,6,19,0.00,0,4,2018,Regular,From
FLA,17,14,47.32,40.00,2,3,54.55,6,5,59.09,13,9,36.00,9,16,40.00,4,6,50.00,3,3,50.00,4,4,FLA,17,14,48.26,48.39,30,32,52.73,29,26,60.00,132,88,48.88,153,160,33.73,28,55,37.50,21,35,32.50,13,27,FLA,17,14,53.23,62.50,10,6,52.94,18,16,55.17,48,39,57.14,52,39,54.29,19,16,36.00,9,16,40.00,4,6,FLA,17,14,46.37,61.90,13,8,48.15,13,14,54.08,53,45,45.45,60,72,47.22,17,19,38.71,12,19,15.38,2,11,2018,Regular,From
L.A,17,24,54.60,100.00,3,0,66.67,6,3,35.71,5,9,53.85,14,12,42.86,6,8,80.00,4,1,75.00,3,1,L.A,17,24,49.78,41.86,18,25,55.17,32,26,51.16,66,63,52.51,178,161,48.18,66,71,39.13,18,28,40.74,22,32,L.A,17,24,49.06,69.57,16,7,40.00,8,12,40.00,22,33,58.06,90,65,37.78,17,28,32.00,8,17,33.33,9,18,L.A,17,24,51.70,35.00,7,13,42.11,8,11,56.60,30,23,57.47,100,74,53.03,35,31,23.53,8,26,39.29,11,17,2018,Regular,From
MIN,17,18,52.22,100.00,1,0,75.00,3,1,42.86,6,8,55.00,11,9,50.00,7,7,75.00,6,2,30.00,3,7,MIN,17,18,47.81,42.86,3,4,65.85,27,14,68.18,75,35,42.12,155,213,44.38,71,89,33.33,13,26,41.67,20,28,MIN,17,18,49.57,33.33,2,4,60.00,9,6,66.67,38,19,46.32,63,73,36.00,18,32,58.82,10,7,33.33,7,14,MIN,17,18,45.49,50.00,2,2,46.67,7,8,60.71,34,22,45.60,83,99,39.53,34,52,21.74,5,18,24.00,6,19,2018,Regular,From
MTL,17,15,39.71,36.36,4,7,11.11,1,8,30.00,3,7,39.13,9,14,58.33,7,5,42.86,3,4,100.00,3,0,MTL,17,15,53.35,63.16,72,42,58.82,60,42,47.83,66,72,55.02,170,139,58.62,34,24,41.46,34,48,62.96,17,10,MTL,17,15,52.07,65.22,30,16,72.09,31,12,47.06,16,18,48.11,51,55,54.29,19,16,37.50,18,30,57.14,4,3,MTL,17,15,51.23,50.00,19,19,70.27,52,22,54.72,29,24,51.20,85,81,39.47,15,23,42.86,21,28,38.46,5,8,2018,Regular,From
N.J,17,24,52.43,100.00,2,0,55.56,5,4,50.00,7,7,60.00,18,12,28.57,4,10,50.00,3,3,66.67,2,1,N.J,17,24,45.51,50.00,13,13,54.39,31,26,40.29,56,83,48.74,116,122,45.83,99,117,25.33,19,56,45.45,20,24,N.J,17,24,45.21,60.00,6,4,47.37,9,10,44.64,25,31,39.62,42,64,48.08,50,54,37.93,11,18,43.75,7,9,N.J,17,24,46.15,66.67,8,4,51.85,14,13,60.00,36,24,40.77,53,77,41.84,41,57,31.58,12,26,44.44,4,5,2018,Regular,From
NSH,17,22,51.22,0.00,0,2,57.14,4,3,50.00,6,6,60.00,9,6,62.50,10,6,45.45,5,6,0.00,0,3,NSH,17,22,50.59,41.18,14,20,51.35,19,18,61.80,55,34,53.88,139,119,42.24,68,93,43.68,38,49,36.59,15,26,NSH,17,22,52.52,68.75,11,5,54.17,13,11,44.44,20,25,59.17,71,49,45.45,30,36,44.44,16,20,39.13,9,14,NSH,17,22,52.16,66.67,8,4,64.29,18,10,57.14,36,27,48.33,58,62,43.53,37,48,44.44,20,25,53.57,15,13,2018,Regular,From
NYI,17,20,55.47,66.67,4,2,50.00,3,3,69.23,9,4,40.91,9,13,60.00,9,6,66.67,6,3,50.00,6,6,NYI,17,20,49.24,50.00,33,33,55.36,31,25,58.52,103,73,49.74,95,96,37.14,52,88,44.44,24,30,45.12,37,45,NYI,17,20,51.27,52.50,21,19,58.06,18,13,54.67,41,34,55.93,33,26,46.81,22,25,44.00,11,14,40.48,17,25,NYI,17,20,52.10,56.60,30,23,62.50,20,12,58.62,51,36,50.46,55,54,41.77,33,46,55.26,21,17,47.50,19,21,2018,Regular,From
NYR,17,18,48.00,33.33,1,2,70.00,7,3,52.94,9,8,39.39,13,20,56.25,9,7,33.33,2,4,0.00,0,0,NYR,17,18,49.41,51.72,15,14,58.00,58,42,54.97,94,77,51.90,150,139,38.21,47,76,42.42,28,38,40.00,2,3,NYR,17,18,46.59,57.14,12,9,58.33,28,20,63.16,36,21,35.96,41,73,40.38,21,31,48.28,14,15,0.00,0,0,NYR,17,18,47.56,45.45,5,6,62.75,32,19,60.87,42,27,46.00,69,81,26.15,17,48,48.78,20,21,40.00,2,3,2018,Regular,From
OTT,17,21,51.72,33.33,1,2,60.00,3,2,58.82,10,7,54.17,13,11,52.94,9,8,40.00,4,6,42.86,3,4,OTT,17,21,51.72,50.00,5,5,52.78,19,17,55.81,72,57,52.79,161,144,51.82,71,66,30.16,19,44,47.06,32,36,OTT,17,21,49.00,62.50,5,3,61.90,13,8,43.86,25,32,49.32,72,74,52.94,36,32,48.15,13,14,19.23,5,21,OTT,17,21,43.12,80.00,8,2,57.14,20,15,56.06,37,29,44.65,71,88,27.27,24,64,27.78,10,26,25.58,11,32,2018,Regular,From
PHI,17,18,57.62,80.00,4,1,50.00,4,4,45.45,5,6,60.00,12,8,55.56,5,4,50.00,3,3,71.43,5,2,PHI,17,18,49.97,51.52,17,16,58.06,54,39,58.25,60,43,50.00,140,140,43.54,64,83,38.36,28,45,50.00,23,23,PHI,17,18,47.72,100.00,10,0,55.26,21,17,47.37,18,20,47.97,59,64,37.10,23,39,41.18,14,20,36.00,9,16,PHI,17,18,48.38,70.83,17,7,62.50,25,15,66.67,28,14,46.88,75,85,39.47,30,46,28.13,9,23,22.73,5,17,2018,Regular,From
PIT,17,20,35.30,0.00,0,13,40.00,2,3,53.33,8,7,45.45,10,12,36.36,4,7,16.67,1,5,100.00,1,0,PIT,17,20,54.32,55.66,59,47,66.67,30,15,51.35,57,54,55.69,181,144,48.67,73,77,48.72,38,40,66.67,16,8,PIT,17,20,46.82,63.41,26,15,66.67,16,8,45.76,27,32,44.23,46,58,43.10,25,33,41.18,14,20,22.22,2,7,PIT,17,20,44.23,39.22,20,31,40.00,8,12,59.62,31,21,46.05,70,82,46.88,30,34,25.53,12,35,57.14,4,3,2018,Regular,From
S.J,17,20,49.81,0.00,0,0,50.00,2,2,46.15,6,7,50.00,12,12,40.00,4,6,71.43,5,2,50.00,1,1,S.J,17,20,55.76,55.81,24,19,68.42,13,6,61.47,142,89,57.08,133,100,49.17,59,61,42.03,29,40,48.39,15,16,S.J,17,20,55.07,70.00,14,6,69.23,9,4,60.49,49,32,50.51,50,49,58.73,37,26,42.86,12,16,18.18,2,9,S.J,17,20,48.29,76.19,16,5,66.67,16,8,51.97,66,61,43.84,64,82,47.67,41,45,33.33,15,30,42.86,6,8,2018,Regular,From
STL,17,27,63.01,50.00,1,1,50.00,1,1,77.78,7,2,70.00,14,6,68.42,13,6,61.54,8,5,16.67,1,5,STL,17,27,53.15,41.67,5,7,38.10,8,13,55.45,61,49,53.99,176,150,57.39,101,75,32.63,31,64,47.69,31,34,STL,17,27,58.09,100.00,1,0,50.00,2,2,57.89,33,24,61.67,74,46,53.09,43,38,49.02,25,26,46.15,6,7,STL,17,27,49.16,100.00,3,0,16.67,1,5,64.58,31,17,45.00,81,99,46.51,40,46,35.19,19,35,41.38,12,17,2018,Regular,From
T.B,17,28,59.12,0.00,0,0,80.00,4,1,71.43,5,2,60.00,12,8,63.64,14,8,47.06,8,9,50.00,4,4,T.B,17,28,50.32,55.56,5,4,80.00,12,3,58.33,28,20,50.00,144,144,43.98,84,107,34.68,43,81,49.07,53,55,T.B,17,28,55.56,60.00,3,2,77.78,7,2,63.64,21,12,58.56,65,46,56.12,55,43,32.00,16,34,40.00,20,30,T.B,17,28,54.56,87.50,7,1,57.14,4,3,47.83,11,12,50.00,68,68,51.11,46,44,49.06,26,27,43.75,21,27,2018,Regular,From
TOR,17,20,52.01,83.33,5,1,46.67,7,8,28.57,4,10,62.96,17,10,47.37,9,10,50.00,4,4,57.14,4,3,TOR,17,20,48.37,63.27,31,18,65.08,82,44,53.47,54,47,43.09,106,140,41.91,57,79,38.24,26,42,48.57,17,18,TOR,17,20,51.31,59.09,13,9,63.24,43,25,54.55,24,20,48.39,60,64,45.83,22,26,35.71,10,18,52.38,11,10,TOR,17,20,54.99,53.85,14,12,64.62,42,23,65.45,36,19,54.38,87,73,47.62,30,33,46.43,13,15,48.00,12,13,2018,Regular,From
VAN,17,18,54.24,66.67,2,1,40.00,2,3,66.67,6,3,47.83,11,12,54.55,6,5,100.00,3,0,33.33,1,2,VAN,17,18,48.82,65.71,23,12,63.64,35,20,61.70,87,54,45.15,135,164,32.71,35,72,48.21,27,29,40.00,14,21,VAN,17,18,46.72,44.44,8,10,51.85,14,13,53.85,28,24,51.41,73,69,32.35,11,23,32.14,9,19,30.43,7,16,VAN,17,18,51.78,64.29,9,5,61.54,16,10,61.33,46,29,55.37,67,54,39.13,18,28,39.29,11,17,13.33,2,13,2018,Regular,From
VGK,17,21,52.48,33.33,2,4,40.00,2,3,60.00,9,6,58.33,14,10,50.00,8,8,50.00,3,3,50.00,4,4,VGK,17,21,47.73,52.78,19,17,60.71,34,22,51.97,66,61,45.52,122,146,47.37,63,70,39.02,16,25,38.20,34,55,VGK,17,21,51.58,43.75,7,9,70.37,19,8,57.89,44,32,47.22,51,57,47.76,32,35,63.16,12,7,34.15,14,27,VGK,17,21,47.56,47.37,9,10,67.65,23,11,51.28,40,38,42.98,52,69,36.25,29,51,48.28,14,15,47.06,24,27,2018,Regular,From
WPG,17,23,53.88,33.33,2,4,40.00,2,3,40.00,4,6,61.11,11,7,73.33,11,4,41.67,5,7,66.67,4,2,WPG,17,23,47.31,50.85,30,29,100.00,6,0,34.92,22,41,53.16,126,111,34.42,53,101,44.44,56,70,38.24,26,42,WPG,17,23,46.79,47.83,11,12,0.00,0,2,48.57,17,18,41.57,37,52,43.06,31,41,52.00,26,24,45.83,11,13,WPG,17,23,47.77,62.22,28,17,60.00,3,2,67.57,25,12,39.71,54,82,36.23,25,44,43.21,35,46,42.42,14,19,2018,Regular,From
WSH,17,19,53.36,50.00,4,4,62.50,5,3,61.54,8,5,43.48,10,13,60.00,6,4,33.33,2,4,100.00,3,0,WSH,17,19,46.30,59.57,28,19,61.29,38,24,54.82,91,75,44.20,122,154,36.13,43,76,43.75,14,18,30.43,14,32,WSH,17,19,45.84,61.54,16,10,60.71,17,11,47.06,32,36,43.31,55,72,40.00,24,36,50.00,9,9,31.82,7,15,WSH,17,19,53.76,81.82,18,4,61.11,22,14,60.67,54,35,57.50,69,51,37.84,28,46,40.00,6,9,38.89,7,11,2018,Regular,From
ANA,16,17,48.44,57.14,4,3,66.67,4,2,38.46,5,8,36.36,8,14,66.67,6,3,55.56,5,4,50.00,2,2,ANA,16,17,48.29,77.78,21,6,55.26,21,17,53.23,99,87,45.19,108,131,40.15,53,79,38.10,16,26,51.92,27,25,ANA,16,17,49.32,72.73,8,3,56.52,13,10,57.14,52,39,42.73,47,63,50.00,32,32,27.78,5,13,36.84,7,12,ANA,16,17,47.21,77.78,7,2,50.00,12,12,54.17,52,44,46.43,65,75,36.67,22,38,50.00,10,10,35.00,7,13,2018,Regular,From
ARI,16,6,38.50,71.43,5,2,50.00,6,6,30.00,6,14,42.86,12,16,27.27,3,8,0.00,0,4,0.00,0,1,ARI,16,6,46.89,57.33,43,32,48.11,51,55,50.44,57,56,50.18,139,138,39.22,60,93,42.31,22,30,0.00,0,1,ARI,16,6,48.78,68.57,24,11,51.72,30,28,61.11,33,21,45.16,56,68,42.03,29,40,38.10,8,13,0.00,0,1,ARI,16,6,48.82,50.00,19,19,49.06,26,27,52.94,36,32,51.16,66,63,49.41,42,43,45.45,10,12,0.00,0,0,2018,Regular,From
BOS,16,16,42.04,50.00,1,1,50.00,5,5,35.71,5,9,34.78,8,15,44.44,4,5,83.33,5,1,20.00,1,4,BOS,16,16,50.85,55.17,16,13,55.75,63,50,54.63,59,49,53.28,130,114,43.56,44,57,44.62,29,36,46.43,26,30,BOS,16,16,55.10,66.67,6,3,65.91,29,15,52.38,22,20,51.20,64,61,48.72,19,20,55.26,21,17,50.00,17,17,BOS,16,16,53.78,66.67,14,7,64.00,32,18,49.09,27,28,52.94,72,64,50.00,24,24,55.17,16,13,46.43,13,15,2018,Regular,From
BUF,16,12,40.22,50.00,6,6,10.00,1,9,50.00,6,6,48.00,12,13,33.33,3,6,0.00,0,1,33.33,1,2,BUF,16,12,49.35,47.31,44,49,61.54,24,15,58.28,88,63,47.97,118,128,45.98,80,94,50.00,3,3,33.33,3,6,BUF,16,12,44.17,57.45,27,20,21.43,3,11,42.42,28,38,51.14,45,43,41.82,23,32,20.00,2,8,25.00,1,3,BUF,16,12,44.21,52.00,26,24,45.45,10,12,61.73,50,31,37.50,42,70,41.67,25,35,37.50,3,5,50.00,2,2,2018,Regular,From
CAR,16,18,51.90,60.00,3,2,50.00,2,2,57.14,8,6,46.15,12,14,64.29,9,5,28.57,2,5,100.00,1,0,CAR,16,18,56.19,63.64,14,8,73.68,42,15,63.51,94,54,55.99,201,158,55.65,64,51,37.50,33,55,30.77,8,18,CAR,16,18,52.48,40.00,4,6,58.82,10,7,59.46,44,30,55.28,89,72,45.45,20,24,40.00,14,21,16.67,2,10,CAR,16,18,59.27,76.92,10,3,100.00,20,0,71.23,52,21,54.55,120,100,54.79,40,33,41.46,17,24,46.15,6,7,2018,Regular,From
CBJ,16,19,57.44,66.67,2,1,42.86,3,4,58.82,10,7,51.85,14,13,61.54,8,5,62.50,5,3,80.00,4,1,CBJ,16,19,54.65,62.50,20,12,69.23,63,28,61.04,94,60,50.00,146,146,52.73,58,52,48.33,29,31,48.10,38,41,CBJ,16,19,54.06,77.78,7,2,57.89,11,8,56.72,38,29,46.30,50,58,58.54,24,17,50.00,14,14,50.00,17,17,CBJ,16,19,52.46,40.00,4,6,62.16,23,14,54.93,39,32,57.23,91,68,43.59,17,22,34.38,11,21,40.48,17,25,2018,Regular,From
CGY,16,18,51.49,0.00,0,2,66.67,4,2,44.44,4,5,63.16,12,7,35.71,5,9,85.71,6,1,0.00,0,3,CGY,16,18,49.72,50.00,6,6,53.33,40,35,44.93,62,76,50.99,181,174,57.61,53,39,42.86,30,40,44.12,15,19,CGY,16,18,53.91,75.00,6,2,56.25,18,14,48.28,28,30,50.00,82,82,67.50,27,13,45.95,17,20,71.43,10,4,CGY,16,18,53.43,100.00,9,0,64.29,36,20,53.33,40,35,53.85,84,72,48.65,18,19,45.45,15,18,28.57,4,10,2018,Regular,From
CHI,16,16,53.20,50.00,5,5,0.00,0,4,42.86,3,4,44.44,8,10,62.50,5,3,66.67,4,2,88.89,8,1,CHI,16,16,49.59,60.87,42,27,65.08,41,22,40.37,44,65,50.74,172,167,42.00,21,29,41.24,40,57,47.69,31,34,CHI,16,16,48.91,72.97,27,10,48.28,14,15,45.45,15,18,52.38,66,60,41.67,10,14,27.59,8,21,30.00,6,14,CHI,16,16,54.72,77.78,28,8,62.16,23,14,50.82,31,30,55.42,92,74,51.61,16,15,34.78,16,30,55.56,20,16,2018,Regular,From
COL,16,17,47.98,37.50,3,5,66.67,4,2,40.00,4,6,57.14,12,9,35.29,6,11,75.00,3,1,44.44,4,5,COL,16,17,47.05,55.17,32,26,65.96,31,16,50.48,53,52,44.70,97,120,46.81,66,75,35.80,29,52,30.91,17,38,COL,16,17,40.29,36.36,12,21,47.83,11,12,46.81,22,25,39.42,41,63,41.38,24,34,35.29,12,22,25.93,7,20,COL,16,17,47.93,39.47,15,23,76.92,10,3,54.90,28,23,54.24,64,54,49.32,36,37,18.18,4,18,23.53,8,26,2018,Regular,From
DAL,16,18,46.81,100.00,2,0,33.33,2,4,25.00,2,6,50.00,11,11,60.00,9,6,37.50,3,5,40.00,2,3,DAL,16,18,53.47,62.16,23,14,65.79,50,26,50.00,36,36,55.00,132,108,47.25,86,96,37.50,12,20,52.54,31,28,DAL,16,18,53.83,0.00,0,5,55.56,20,16,41.67,15,21,52.81,47,42,53.42,39,34,63.64,14,8,52.38,22,20,DAL,16,18,52.02,62.50,10,6,57.78,26,19,47.62,20,22,50.00,67,67,47.06,40,45,29.63,8,19,58.49,31,22,2018,Regular,From
DET,16,17,49.01,100.00,1,0,50.00,3,3,46.15,6,7,52.63,10,9,50.00,7,7,42.86,3,4,0.00,0,1,DET,16,17,48.89,38.89,7,11,63.01,46,27,49.18,60,62,49.42,171,175,35.63,31,56,51.55,50,47,39.02,16,25,DET,16,17,52.56,76.92,10,3,43.75,14,18,50.00,27,27,55.74,68,54,51.02,25,24,45.45,15,18,41.18,7,10,DET,16,17,49.46,80.00,4,1,70.97,22,9,50.00,29,29,52.42,65,59,36.54,19,33,39.47,15,23,22.22,4,14,2018,Regular,From
EDM,16,13,47.50,50.00,1,1,40.00,2,3,53.33,8,7,46.15,12,14,44.44,4,5,60.00,3,2,0.00,0,1,EDM,16,13,52.12,57.69,45,33,55.74,68,54,60.78,93,60,48.78,160,168,56.48,61,47,50.00,20,20,33.33,1,2,EDM,16,13,57.95,69.70,23,10,63.64,28,16,55.17,32,26,57.26,71,53,54.90,28,23,62.50,10,6,100.00,1,0,EDM,16,13,52.71,71.79,28,11,65.08,41,22,55.26,42,34,56.83,104,79,40.74,22,32,24.00,6,19,0.00,0,4,2018,Regular,From
FLA,16,12,48.32,40.00,2,3,54.55,6,5,57.14,12,9,37.50,9,15,44.44,4,5,60.00,3,2,50.00,4,4,FLA,16,12,48.29,48.39,30,32,52.73,29,26,59.62,127,86,49.30,140,144,33.33,22,44,36.36,20,35,32.50,13,27,FLA,16,12,52.98,62.50,10,6,52.94,18,16,55.29,47,38,57.47,50,37,50.00,14,14,34.78,8,15,40.00,4,6,FLA,16,12,46.44,61.90,13,8,48.15,13,14,55.21,53,43,45.16,56,68,45.71,16,19,40.00,12,18,15.38,2,11,2018,Regular,From
L.A,16,24,56.11,100.00,3,0,66.67,6,3,35.71,5,9,56.00,14,11,46.15,6,7,80.00,4,1,75.00,3,1,L.A,16,24,50.35,41.86,18,25,55.17,32,26,51.20,64,61,53.33,176,154,50.98,52,50,39.13,18,28,40.74,22,32,L.A,16,24,48.45,69.57,16,7,40.00,8,12,39.62,21,32,56.55,82,63,35.48,11,20,32.00,8,17,33.33,9,18,L.A,16,24,49.96,35.00,7,13,42.11,8,11,54.00,27,23,57.58,95,70,46.81,22,25,23.53,8,26,39.29,11,17,2018,Regular,From
MIN,16,16,50.08,100.00,1,0,75.00,3,1,42.86,6,8,52.63,10,9,46.15,6,7,71.43,5,2,30.00,3,7,MIN,16,16,48.26,42.86,3,4,65.85,27,14,68.18,75,35,42.12,155,213,47.86,56,61,33.33,13,26,41.67,20,28,MIN,16,16,49.52,33.33,2,4,60.00,9,6,66.67,38,19,46.32,63,73,30.56,11,25,58.82,10,7,33.33,7,14,MIN,16,16,45.76,50.00,2,2,46.67,7,8,60.71,34,22,45.60,83,99,41.94,26,36,21.74,5,18,24.00,6,19,2018,Regular,From
MTL,16,15,40.89,36.36,4,7,12.50,1,7,33.33,3,6,39.13,9,14,58.33,7,5,42.86,3,4,100.00,3,0,MTL,16,15,53.28,63.16,72,42,57.29,55,41,48.06,62,67,54.89,146,120,58.62,34,24,41.46,34,48,62.96,17,10,MTL,16,15,53.54,65.22,30,16,76.32,29,9,45.45,15,18,50.56,45,44,54.29,19,16,37.50,18,30,57.14,4,3,MTL,16,15,51.51,50.00,19,19,67.65,46,22,58.00,29,21,52.55,72,65,39.47,15,23,42.86,21,28,38.46,5,8,2018,Regular,From
N.J,16,22,51.32,100.00,1,0,57.14,4,3,46.15,6,7,62.96,17,10,23.08,3,10,50.00,3,3,66.67,2,1,N.J,16,22,45.51,48.00,12,13,54.17,26,22,42.31,55,75,47.56,107,118,46.12,95,111,22.81,13,44,45.45,20,24,N.J,16,22,46.23,60.00,6,4,44.44,8,10,45.28,24,29,41.00,41,59,48.08,50,54,42.86,9,12,43.75,7,9,N.J,16,22,47.38,66.67,8,4,59.09,13,9,61.40,35,22,42.74,50,67,41.67,40,56,26.09,6,17,44.44,4,5,2018,Regular,From
NSH,16,20,49.01,0.00,0,2,57.14,4,3,50.00,6,6,53.85,7,6,58.33,7,5,50.00,5,5,0.00,0,3,NSH,16,20,50.36,41.18,14,20,51.35,19,18,61.80,55,34,52.02,129,119,43.33,65,85,43.21,35,46,40.91,9,13,NSH,16,20,53.15,68.75,11,5,54.17,13,11,44.44,20,25,59.48,69,47,48.33,29,31,42.86,15,20,37.50,6,10,NSH,16,20,52.57,66.67,8,4,64.29,18,10,57.14,36,27,49.57,57,58,46.05,35,41,40.00,16,24,61.11,11,7,2018,Regular,From
NYI,16,18,53.94,66.67,4,2,50.00,3,3,69.23,9,4,38.10,8,13,57.14,8,6,57.14,4,3,55.56,5,4,NYI,16,18,49.08,50.00,33,33,55.36,31,25,58.52,103,73,49.47,93,95,36.57,49,85,45.65,21,25,47.06,24,27,NYI,16,18,52.52,52.50,21,19,58.06,18,13,54.67,41,34,55.93,33,26,46.81,22,25,44.44,8,10,50.00,15,15,NYI,16,18,51.20,56.60,30,23,62.50,20,12,58.62,51,36,50.47,54,53,41.56,32,45,51.72,15,14,48.15,13,14,2018,Regular,From
NYR,16,16,46.71,33.33,1,2,70.00,7,3,52.94,9,8,35.48,11,20,53.85,7,6,40.00,2,3,0.00,0,0,NYR,16,16,48.72,51.72,15,14,58.00,58,42,54.97,94,77,50.91,140,135,37.84,42,69,38.46,15,24,40.00,2,3,NYR,16,16,46.61,57.14,12,9,58.33,28,20,63.16,36,21,35.78,39,70,37.78,17,28,52.63,10,9,0.00,0,0,NYR,16,16,47.68,45.45,5,6,62.75,32,19,60.87,42,27,46.04,64,75,27.87,17,44,52.00,13,12,40.00,2,3,2018,Regular,From
OTT,16,21,53.07,33.33,1,2,50.00,2,2,66.67,10,5,56.52,13,10,52.94,9,8,40.00,4,6,42.86,3,4,OTT,16,21,52.40,50.00,5,5,52.94,18,16,56.90,66,50,54.12,151,128,51.82,71,66,30.16,19,44,47.06,32,36,OTT,16,21,48.39,62.50,5,3,63.16,12,7,44.23,23,29,47.01,63,71,52.94,36,32,48.15,13,14,19.23,5,21,OTT,16,21,42.78,80.00,8,2,60.00,15,10,56.25,36,28,43.84,64,82,27.27,24,64,27.78,10,26,25.58,11,32,2018,Regular,From
PHI,16,18,58.48,80.00,4,1,50.00,4,4,45.45,5,6,63.16,12,7,55.56,5,4,50.00,3,3,71.43,5,2,PHI,16,18,49.54,51.52,17,16,58.06,54,39,61.18,52,33,48.02,121,131,43.54,64,83,38.36,28,45,50.00,23,23,PHI,16,18,47.66,100.00,10,0,55.26,21,17,45.16,14,17,47.86,56,61,37.10,23,39,41.18,14,20,36.00,9,16,PHI,16,18,47.91,70.83,17,7,62.50,25,15,65.63,21,11,46.67,70,80,39.47,30,46,28.13,9,23,22.73,5,17,2018,Regular,From
PIT,16,18,34.12,0.00,0,13,40.00,2,3,53.33,8,7,42.86,9,12,30.00,3,7,20.00,1,4,100.00,1,0,PIT,16,18,53.81,55.66,59,47,66.67,30,15,51.35,57,54,55.42,179,144,47.26,69,77,50.00,19,19,66.67,16,8,PIT,16,18,46.19,63.41,26,15,66.67,16,8,45.76,27,32,44.23,46,58,43.10,25,33,26.32,5,14,22.22,2,7,PIT,16,18,45.30,39.22,20,31,40.00,8,12,59.62,31,21,46.05,70,82,47.62,30,33,34.78,8,15,57.14,4,3,2018,Regular,From
S.J,16,20,51.57,0.00,0,0,50.00,2,2,50.00,6,6,52.17,12,11,40.00,4,6,71.43,5,2,50.00,1,1,S.J,16,20,56.06,55.81,24,19,53.85,7,6,63.11,130,76,58.02,123,89,49.17,59,61,42.03,29,40,48.39,15,16,S.J,16,20,54.67,70.00,14,6,71.43,5,2,58.90,43,30,50.00,45,45,58.73,37,26,42.86,12,16,18.18,2,9,S.J,16,20,47.50,76.19,16,5,60.00,9,6,50.83,61,59,43.28,58,76,47.67,41,45,33.33,15,30,42.86,6,8,2018,Regular,From
STL,16,25,62.98,50.00,1,1,50.00,1,1,75.00,6,2,68.42,13,6,72.22,13,5,61.54,8,5,16.67,1,5,STL,16,25,52.75,41.67,5,7,38.10,8,13,55.05,60,49,52.98,151,134,58.33,98,70,32.63,31,64,47.69,31,34,STL,16,25,57.52,100.00,1,0,50.00,2,2,58.18,32,23,61.17,63,40,51.32,39,37,49.02,25,26,46.15,6,7,STL,16,25,49.44,100.00,3,0,16.67,1,5,63.83,30,17,46.25,74,86,45.24,38,46,35.19,19,35,41.38,12,17,2018,Regular,From
T.B,16,26,58.63,0.00,0,0,80.00,4,1,71.43,5,2,57.89,11,8,61.90,13,8,40.00,6,9,66.67,4,2,T.B,16,26,49.51,55.56,5,4,80.00,12,3,58.33,28,20,50.35,142,140,43.98,84,107,33.88,41,80,43.84,32,41,T.B,16,26,56.40,60.00,3,2,77.78,7,2,63.64,21,12,58.72,64,45,56.12,55,43,31.91,15,32,43.75,14,18,T.B,16,26,53.49,87.50,7,1,57.14,4,3,47.83,11,12,49.24,65,67,51.11,46,44,47.06,24,27,40.00,14,21,2018,Regular,From
TOR,16,18,50.51,83.33,5,1,46.67,7,8,28.57,4,10,60.00,15,10,43.75,7,9,50.00,4,4,57.14,4,3,TOR,16,18,48.96,63.27,31,18,65.08,82,44,53.47,54,47,43.78,102,131,42.61,49,66,38.98,23,36,48.57,17,18,TOR,16,18,52.01,59.09,13,9,63.24,43,25,54.55,24,20,47.46,56,62,48.72,19,20,39.13,9,14,52.38,11,10,TOR,16,18,55.23,53.85,14,12,64.62,42,23,65.45,36,19,55.70,83,66,48.00,24,26,42.31,11,15,48.00,12,13,2018,Regular,From
VAN,16,18,56.25,66.67,2,1,50.00,2,2,66.67,6,3,50.00,11,11,54.55,6,5,100.00,3,0,33.33,1,2,VAN,16,18,48.24,65.71,23,12,60.00,18,12,61.74,71,44,45.30,135,163,32.71,35,72,48.21,27,29,40.00,14,21,VAN,16,18,47.07,44.44,8,10,50.00,10,10,56.82,25,19,51.41,73,69,32.35,11,23,32.14,9,19,30.43,7,16,VAN,16,18,52.40,64.29,9,5,63.16,12,7,66.07,37,19,55.00,66,54,39.13,18,28,39.29,11,17,13.33,2,13,2018,Regular,From
VGK,16,21,54.06,0.00,0,1,50.00,2,2,60.00,9,6,58.33,14,10,50.00,8,8,50.00,3,3,50.00,4,4,VGK,16,21,48.13,66.67,4,2,60.71,34,22,54.31,63,53,45.28,120,145,47.37,63,70,39.02,16,25,38.20,34,55,VGK,16,21,52.34,0.00,0,1,70.37,19,8,57.97,40,29,47.22,51,57,47.76,32,35,63.16,12,7,34.15,14,27,VGK,16,21,48.18,50.00,2,2,67.65,23,11,51.28,40,38,43.33,52,68,36.25,29,51,48.28,14,15,47.06,24,27,2018,Regular,From
WPG,16,21,52.02,33.33,2,4,40.00,2,3,40.00,4,6,58.82,10,7,71.43,10,4,36.36,4,7,75.00,3,1,WPG,16,21,46.99,50.85,30,29,100.00,6,0,34.92,22,41,53.10,120,106,34.87,53,99,44.26,54,68,33.33,13,26,WPG,16,21,46.67,47.83,11,12,0.00,0,2,48.57,17,18,43.02,37,49,43.06,31,41,50.00,24,24,42.11,8,11,WPG,16,21,47.94,62.22,28,17,60.00,3,2,67.57,25,12,40.60,54,79,35.29,24,44,42.50,34,46,52.94,9,8,2018,Regular,From
WSH,16,17,52.86,50.00,4,4,62.50,5,3,61.54,8,5,43.48,10,13,62.50,5,3,20.00,1,4,100.00,3,0,WSH,16,17,45.77,59.57,28,19,61.29,38,24,54.82,91,75,43.30,113,148,34.04,32,62,43.33,13,17,28.89,13,32,WSH,16,17,46.15,61.54,16,10,60.71,17,11,47.06,32,36,44.26,54,68,36.96,17,29,50.00,9,9,31.82,7,15,WSH,16,17,53.24,81.82,18,4,61.11,22,14,60.67,54,35,58.18,64,46,32.79,20,41,40.00,6,9,38.89,7,11,2018,Regular,From
ANA,15,15,48.56,57.14,4,3,66.67,4,2,38.46,5,8,38.10,8,13,66.67,6,3,50.00,4,4,50.00,2,2,ANA,15,15,47.41,77.78,21,6,55.26,21,17,52.75,96,86,42.79,92,123,40.15,53,79,36.59,15,26,52.27,23,21,ANA,15,15,47.26,72.73,8,3,56.52,13,10,56.67,51,39,35.79,34,61,50.00,32,32,27.78,5,13,30.77,4,9,ANA,15,15,46.45,77.78,7,2,50.00,12,12,54.35,50,42,44.88,57,70,36.21,21,37,52.63,10,9,36.84,7,12,2018,Regular,From
ARI,15,5,37.83,71.43,5,2,50.00,6,6,30.00,6,14,42.31,11,15,20.00,2,8,0.00,0,3,0.00,0,1,ARI,15,5,47.15,57.33,43,32,48.11,51,55,50.44,57,56,49.81,129,130,39.69,52,79,45.83,22,26,0.00,0,1,ARI,15,5,49.05,68.57,24,11,51.72,30,28,61.11,33,21,46.09,53,62,40.00,22,33,38.10,8,13,0.00,0,1,ARI,15,5,48.24,50.00,19,19,49.06,26,27,52.94,36,32,52.03,64,59,47.22,34,38,47.62,10,11,0.00,0,0,2018,Regular,From
BOS,15,16,43.19,50.00,1,1,50.00,4,4,38.46,5,8,36.36,8,14,44.44,4,5,83.33,5,1,20.00,1,4,BOS,15,16,50.12,58.33,14,10,53.77,57,49,51.28,40,38,52.52,125,113,43.56,44,57,44.62,29,36,46.43,26,30,BOS,15,16,54.77,66.67,6,3,65.00,26,14,51.52,17,16,50.41,62,61,48.72,19,20,55.26,21,17,50.00,17,17,BOS,15,16,54.77,65.00,13,7,61.70,29,18,57.50,23,17,53.38,71,62,50.00,24,24,55.17,16,13,46.43,13,15,2018,Regular,From
BUF,15,12,42.58,50.00,6,6,11.11,1,8,54.55,6,5,50.00,12,12,37.50,3,5,0.00,0,1,33.33,1,2,BUF,15,12,49.37,47.31,44,49,61.54,24,15,57.25,79,59,47.77,107,117,46.99,78,88,50.00,3,3,33.33,3,6,BUF,15,12,44.47,57.45,27,20,21.43,3,11,42.37,25,34,52.44,43,39,41.51,22,31,20.00,2,8,25.00,1,3,BUF,15,12,44.10,52.00,26,24,45.45,10,12,59.46,44,30,38.38,38,61,43.86,25,32,37.50,3,5,50.00,2,2,2018,Regular,From
CAR,15,16,49.05,60.00,3,2,50.00,2,2,57.14,8,6,44.00,11,14,61.54,8,5,16.67,1,5,0.00,0,0,CAR,15,16,56.44,63.64,14,8,73.68,42,15,63.51,94,54,55.75,194,154,53.92,55,47,38.37,33,53,41.18,7,10,CAR,15,16,52.58,40.00,4,6,58.82,10,7,59.46,44,30,56.13,87,68,43.24,16,21,39.39,13,20,0.00,0,8,CAR,15,16,59.36,76.92,10,3,100.00,20,0,71.23,52,21,55.24,116,94,53.97,34,29,43.24,16,21,42.86,3,4,2018,Regular,From
CBJ,15,19,59.29,66.67,2,1,42.86,3,4,60.00,9,6,56.00,14,11,61.54,8,5,62.50,5,3,80.00,4,1,CBJ,15,19,54.56,62.50,20,12,69.23,63,28,61.48,83,52,49.06,131,136,52.73,58,52,48.33,29,31,48.10,38,41,CBJ,15,19,53.82,77.78,7,2,57.89,11,8,57.38,35,26,43.62,41,53,58.54,24,17,50.00,14,14,50.00,17,17,CBJ,15,19,52.99,40.00,4,6,62.16,23,14,56.06,37,29,59.44,85,58,43.59,17,22,34.38,11,21,40.48,17,25,2018,Regular,From
CGY,15,16,47.94,0.00,0,2,66.67,4,2,44.44,4,5,61.11,11,7,30.77,4,9,66.67,2,1,0.00,0,1,CGY,15,16,49.60,50.00,6,6,53.33,40,35,44.93,62,76,51.30,177,168,56.47,48,37,42.50,17,23,45.45,10,12,CGY,15,16,53.72,75.00,6,2,56.25,18,14,48.28,28,30,50.00,80,80,68.42,26,12,50.00,9,9,66.67,6,3,CGY,15,16,53.30,100.00,9,0,64.29,36,20,53.33,40,35,53.85,84,72,47.22,17,19,50.00,9,9,33.33,3,6,2018,Regular,From
CHI,15,16,55.62,44.44,4,5,0.00,0,3,50.00,3,3,47.06,8,9,62.50,5,3,66.67,4,2,88.89,8,1,CHI,15,16,49.03,60.00,36,24,60.61,20,13,38.54,37,59,50.75,170,165,42.00,21,29,41.24,40,57,47.69,31,34,CHI,15,16,49.29,74.19,23,8,44.44,8,10,51.72,15,14,52.00,65,60,41.67,10,14,27.59,8,21,30.00,6,14,CHI,15,16,54.50,75.00,24,8,57.69,15,11,53.45,31,27,55.90,90,71,51.61,16,15,34.78,16,30,55.56,20,16,2018,Regular,From
COL,15,17,48.97,37.50,3,5,66.67,4,2,40.00,4,6,55.00,11,9,40.00,6,9,75.00,3,1,44.44,4,5,COL,15,17,47.64,55.17,32,26,65.96,31,16,50.00,51,51,46.04,93,109,48.39,60,64,35.80,29,52,30.91,17,38,COL,15,17,40.04,36.36,12,21,47.83,11,12,46.81,22,25,39.18,38,59,40.00,22,33,35.29,12,22,25.93,7,20,COL,15,17,47.70,39.47,15,23,76.92,10,3,52.08,25,23,55.14,59,48,53.33,32,28,18.18,4,18,23.53,8,26,2018,Regular,From
DAL,15,16,44.54,100.00,2,0,33.33,2,4,25.00,2,6,47.62,10,11,57.14,8,6,28.57,2,5,40.00,2,3,DAL,15,16,52.90,62.16,23,14,65.79,50,26,50.00,36,36,55.23,132,107,46.24,80,93,33.33,10,20,50.00,20,20,DAL,15,16,52.98,0.00,0,5,55.56,20,16,41.67,15,21,52.81,47,42,52.17,36,33,65.00,13,7,54.55,12,10,DAL,15,16,50.30,62.50,10,6,57.78,26,19,47.62,20,22,50.38,67,66,45.57,36,43,29.63,8,19,55.88,19,15,2018,Regular,From
DET,15,15,49.02,100.00,1,0,50.00,3,3,46.15,6,7,47.06,8,9,53.85,7,6,50.00,3,3,0.00,0,1,DET,15,15,48.46,38.89,7,11,63.01,46,27,49.18,60,62,48.65,162,171,30.65,19,43,52.87,46,41,39.02,16,25,DET,15,15,51.45,76.92,10,3,43.75,14,18,50.00,27,27,54.24,64,54,48.65,18,19,43.33,13,17,41.18,7,10,DET,15,15,50.47,80.00,4,1,70.97,22,9,50.00,29,29,52.46,64,58,45.45,15,18,40.00,14,21,22.22,4,14,2018,Regular,From
EDM,15,13,48.18,50.00,1,1,40.00,2,3,53.85,7,6,48.00,12,13,44.44,4,5,60.00,3,2,0.00,0,1,EDM,15,13,52.72,57.69,45,33,55.74,68,54,62.79,81,48,49.18,150,155,57.01,61,46,50.00,20,20,33.33,1,2,EDM,15,13,57.43,69.70,23,10,63.64,28,16,54.17,26,22,56.52,65,50,53.06,26,23,62.50,10,6,100.00,1,0,EDM,15,13,52.30,71.79,28,11,65.08,41,22,55.07,38,31,55.87,100,79,42.31,22,30,24.00,6,19,0.00,0,4,2018,Regular,From
FLA,15,12,48.44,40.00,2,3,50.00,5,5,57.14,12,9,39.13,9,14,44.44,4,5,60.00,3,2,50.00,4,4,FLA,15,12,48.21,48.39,30,32,50.94,27,26,61.45,110,69,48.93,137,143,33.33,22,44,36.36,20,35,32.50,13,27,FLA,15,12,51.64,62.50,10,6,52.94,18,16,50.00,36,36,57.47,50,37,50.00,14,14,34.78,8,15,40.00,4,6,FLA,15,12,46.03,61.90,13,8,50.00,13,13,54.55,42,35,45.16,56,68,45.71,16,19,40.00,12,18,15.38,2,11,2018,Regular,From
L.A,15,24,58.27,100.00,1,0,85.71,6,1,38.46,5,8,58.33,14,10,46.15,6,7,80.00,4,1,75.00,3,1,L.A,15,24,51.16,50.00,4,4,56.36,31,24,51.20,64,61,53.09,172,152,50.98,52,50,39.13,18,28,40.74,22,32,L.A,15,24,47.91,80.00,4,1,35.29,6,11,39.62,21,32,56.64,81,62,35.48,11,20,32.00,8,17,33.33,9,18,L.A,15,24,50.92,14.29,1,6,47.06,8,9,54.00,27,23,58.39,94,67,46.81,22,25,23.53,8,26,39.29,11,17,2018,Regular,From
MIN,15,14,49.79,100.00,1,0,75.00,3,1,42.86,6,8,50.00,9,9,46.15,6,7,71.43,5,2,30.00,3,7,MIN,15,14,48.71,42.86,3,4,65.85,27,14,68.18,75,35,42.94,146,194,46.46,46,53,33.33,13,26,41.67,20,28,MIN,15,14,49.71,33.33,2,4,60.00,9,6,66.67,38,19,46.15,60,70,27.59,8,21,58.82,10,7,33.33,7,14,MIN,15,14,45.53,50.00,2,2,46.67,7,8,60.71,34,22,45.35,78,94,44.23,23,29,21.74,5,18,24.00,6,19,2018,Regular,From
MTL,15,13,39.61,36.36,4,7,12.50,1,7,33.33,3,6,36.36,8,14,50.00,5,5,60.00,3,2,100.00,3,0,MTL,15,13,53.47,63.16,72,42,57.29,55,41,48.06,62,67,54.23,141,119,58.93,33,23,46.51,20,23,62.96,17,10,MTL,15,13,53.88,65.22,30,16,76.32,29,9,45.45,15,18,49.43,43,44,56.67,17,13,36.67,11,19,57.14,4,3,MTL,15,13,51.91,50.00,19,19,67.65,46,22,58.00,29,21,52.55,72,65,38.24,13,21,53.33,16,14,38.46,5,8,2018,Regular,From
N.J,15,20,51.44,100.00,1,0,57.14,4,3,46.15,6,7,61.54,16,10,23.08,3,10,60.00,3,2,66.67,2,1,N.J,15,20,45.39,48.00,12,13,54.17,26,22,42.31,55,75,47.96,106,115,45.35,78,94,23.64,13,42,45.45,20,24,N.J,15,20,47.52,60.00,6,4,44.44,8,10,45.28,24,29,41.00,41,59,52.75,48,43,42.86,9,12,43.75,7,9,N.J,15,20,46.75,66.67,8,4,59.09,13,9,61.40,35,22,42.74,50,67,41.56,32,45,22.73,5,17,44.44,4,5,2018,Regular,From
NSH,15,18,50.02,0.00,0,2,57.14,4,3,45.45,5,6,50.00,6,6,70.00,7,3,55.56,5,4,0.00,0,3,NSH,15,18,50.25,41.18,14,20,51.35,19,18,60.71,51,33,51.95,120,111,42.75,59,79,44.74,34,42,40.91,9,13,NSH,15,18,53.44,68.75,11,5,54.17,13,11,43.90,18,23,60.20,59,39,49.15,29,30,43.75,14,18,37.50,6,10,NSH,15,18,53.06,66.67,8,4,64.29,18,10,60.34,35,23,48.98,48,50,46.38,32,37,41.67,15,21,61.11,11,7,2018,Regular,From
NYI,15,18,56.53,66.67,4,2,60.00,3,2,75.00,9,3,40.00,8,12,57.14,8,6,57.14,4,3,55.56,5,4,NYI,15,18,49.84,53.19,25,22,57.41,31,23,59.88,100,67,49.20,92,95,36.57,49,85,45.65,21,25,47.06,24,27,NYI,15,18,54.06,55.00,11,9,58.62,17,12,56.34,40,31,55.93,33,26,46.81,22,25,44.44,8,10,50.00,15,15,NYI,15,18,52.55,67.65,23,11,62.50,20,12,60.49,49,32,50.00,53,53,41.56,32,45,51.72,15,14,48.15,13,14,2018,Regular,From
NYR,15,14,47.06,33.33,1,2,66.67,6,3,56.25,9,7,37.93,11,18,50.00,6,6,40.00,2,3,0.00,0,0,NYR,15,14,49.00,51.72,15,14,57.73,56,41,56.88,91,69,50.00,130,130,38.46,40,64,38.46,15,24,40.00,2,3,NYR,15,14,47.38,57.14,12,9,62.22,28,17,64.71,33,18,34.31,35,67,40.48,17,25,52.63,10,9,0.00,0,0,NYR,15,14,48.05,45.45,5,6,61.70,29,18,63.08,41,24,46.83,59,67,28.07,16,41,52.00,13,12,40.00,2,3,2018,Regular,From
OTT,15,19,52.86,33.33,1,2,50.00,2,2,61.54,8,5,59.09,13,9,52.94,9,8,40.00,4,6,42.86,3,4,OTT,15,19,51.88,50.00,5,5,52.94,18,16,55.56,55,44,53.03,140,124,52.24,70,64,30.16,19,44,47.06,32,36,OTT,15,19,48.47,62.50,5,3,63.16,12,7,44.90,22,27,46.46,59,68,52.94,36,32,48.15,13,14,19.23,5,21,OTT,15,19,41.71,80.00,8,2,60.00,15,10,52.94,27,24,42.96,58,77,28.24,24,61,27.78,10,26,25.58,11,32,2018,Regular,From
PHI,15,16,57.58,80.00,4,1,50.00,4,4,45.45,5,6,61.11,11,7,50.00,4,4,40.00,2,3,83.33,5,1,PHI,15,16,50.18,51.52,17,16,58.06,54,39,61.18,52,33,47.98,119,129,43.28,58,76,44.19,19,24,54.05,20,17,PHI,15,16,47.03,100.00,10,0,55.26,21,17,45.16,14,17,48.28,56,60,32.76,19,39,39.13,9,14,36.84,7,12,PHI,15,16,47.66,70.83,17,7,62.50,25,15,65.63,21,11,46.21,67,78,36.99,27,46,28.57,6,15,27.78,5,13,2018,Regular,From
PIT,15,18,35.24,0.00,0,13,40.00,2,3,53.85,7,6,47.37,9,10,33.33,3,6,20.00,1,4,100.00,1,0,PIT,15,18,52.99,55.66,59,47,65.12,28,15,45.74,43,51,54.82,165,136,47.59,69,76,50.00,19,19,66.67,16,8,PIT,15,18,46.03,63.41,26,15,68.18,15,7,42.31,22,30,45.05,41,50,43.10,25,33,26.32,5,14,22.22,2,7,PIT,15,18,45.21,39.22,20,31,40.00,8,12,58.14,25,18,46.94,69,78,48.39,30,32,34.78,8,15,57.14,4,3,2018,Regular,From
S.J,15,18,49.93,0.00,0,0,50.00,2,2,45.45,5,6,50.00,11,11,40.00,4,6,71.43,5,2,50.00,1,1,S.J,15,18,55.87,55.81,24,19,53.85,7,6,63.74,109,62,57.14,116,87,49.14,57,59,42.03,29,40,48.39,15,16,S.J,15,18,56.04,70.00,14,6,71.43,5,2,59.32,35,24,53.75,43,37,59.02,36,25,42.86,12,16,18.18,2,9,S.J,15,18,48.57,76.19,16,5,60.00,9,6,54.46,55,46,43.20,54,71,49.40,41,42,33.33,15,30,42.86,6,8,2018,Regular,From
STL,15,23,63.24,50.00,1,1,50.00,1,1,71.43,5,2,72.22,13,5,70.59,12,5,61.54,8,5,16.67,1,5,STL,15,23,52.12,41.67,5,7,38.10,8,13,55.42,46,37,53.17,151,133,55.26,84,68,32.63,31,64,47.69,31,34,STL,15,23,57.57,100.00,1,0,50.00,2,2,57.14,24,18,60.78,62,40,52.05,38,35,49.02,25,26,46.15,6,7,STL,15,23,49.30,100.00,3,0,16.67,1,5,68.42,26,12,46.25,74,86,45.00,36,44,35.19,19,35,41.38,12,17,2018,Regular,From
T.B,15,24,57.47,0.00,0,0,80.00,4,1,66.67,4,2,58.82,10,7,60.00,12,8,35.71,5,9,66.67,4,2,T.B,15,24,49.92,55.56,5,4,80.00,12,3,60.00,27,18,50.92,138,133,44.62,83,103,33.61,40,79,43.48,20,26,T.B,15,24,56.26,60.00,3,2,77.78,7,2,62.07,18,11,58.49,62,44,56.70,55,42,31.11,14,31,42.11,8,11,T.B,15,24,54.64,87.50,7,1,57.14,4,3,61.11,11,7,48.44,62,66,51.19,43,41,46.00,23,27,54.55,12,10,2018,Regular,From
TOR,15,16,50.66,83.33,5,1,46.67,7,8,28.57,4,10,58.33,14,10,46.15,6,7,50.00,4,4,57.14,4,3,TOR,15,16,49.02,63.27,31,18,65.08,82,44,53.47,54,47,43.27,90,118,43.52,47,61,36.00,18,32,48.57,17,18,TOR,15,16,53.45,59.09,13,9,63.24,43,25,54.55,24,20,49.09,54,56,48.39,15,16,50.00,8,8,52.38,11,10,TOR,15,16,54.42,53.85,14,12,64.62,42,23,65.45,36,19,55.40,77,62,45.83,22,26,38.89,7,11,48.00,12,13,2018,Regular,From
VAN,15,18,56.65,66.67,2,1,66.67,2,1,66.67,6,3,47.62,10,11,54.55,6,5,100.00,3,0,33.33,1,2,VAN,15,18,49.12,70.37,19,8,62.07,18,11,61.74,71,44,46.35,127,147,33.01,34,69,48.21,27,29,40.00,14,21,VAN,15,18,49.21,41.67,5,7,50.00,10,10,56.82,25,19,55.91,71,56,33.33,11,22,32.14,9,19,30.43,7,16,VAN,15,18,52.43,61.54,8,5,61.11,11,7,66.67,36,18,57.01,61,46,38.10,16,26,39.29,11,17,13.33,2,13,2018,Regular,From
VGK,15,19,53.24,0.00,0,1,50.00,2,2,60.00,9,6,56.52,13,10,42.86,6,8,60.00,3,2,50.00,4,4,VGK,15,19,47.78,66.67,4,2,60.71,34,22,54.31,63,53,45.25,119,144,44.07,52,66,39.02,16,25,40.00,30,45,VGK,15,19,52.75,0.00,0,1,70.37,19,8,57.97,40,29,48.11,51,55,46.55,27,31,61.11,11,7,35.29,12,22,VGK,15,19,47.72,50.00,2,2,67.65,23,11,51.28,40,38,42.74,50,67,36.23,25,44,46.15,12,14,50.00,23,23,2018,Regular,From
WPG,15,19,50.83,33.33,2,4,40.00,2,3,33.33,3,6,62.50,10,6,69.23,9,4,30.00,3,7,75.00,3,1,WPG,15,19,47.36,50.85,30,29,100.00,6,0,34.62,18,34,53.52,114,99,34.00,51,99,45.69,53,63,34.21,13,25,WPG,15,19,46.61,47.83,11,12,0.00,0,2,42.86,12,16,45.21,33,40,42.25,30,41,50.00,23,23,42.11,8,11,WPG,15,19,47.56,62.22,28,17,60.00,3,2,65.52,19,10,41.60,52,73,33.33,22,44,43.84,32,41,52.94,9,8,2018,Regular,From
WSH,15,17,54.63,50.00,4,4,62.50,5,3,63.64,7,4,47.62,10,11,62.50,5,3,20.00,1,4,100.00,3,0,WSH,15,17,45.86,59.57,28,19,61.29,38,24,52.82,75,67,44.77,107,132,34.04,32,62,43.33,13,17,28.89,13,32,WSH,15,17,46.30,61.54,16,10,60.71,17,11,46.88,30,34,44.35,51,64,36.96,17,29,50.00,9,9,31.82,7,15,WSH,15,17,52.80,81.82,18,4,61.11,22,14,60.00,48,32,58.82,60,42,32.79,20,41,40.00,6,9,38.89,7,11,2018,Regular,From
ANA,14,14,47.75,57.14,4,3,66.67,4,2,38.46,5,8,36.84,7,12,57.14,4,3,66.67,4,2,50.00,2,2,ANA,14,14,47.00,77.78,21,6,55.26,21,17,52.75,96,86,43.28,87,114,35.51,38,69,40.00,14,21,52.27,23,21,ANA,14,14,45.37,72.73,8,3,56.52,13,10,56.67,51,39,36.67,33,57,43.14,22,29,26.67,4,11,30.77,4,9,ANA,14,14,46.87,77.78,7,2,50.00,12,12,54.35,50,42,45.76,54,64,33.96,18,35,52.94,9,8,36.84,7,12,2018,Regular,From
ARI,14,3,35.73,71.43,5,2,50.00,6,6,30.00,6,14,40.00,10,15,22.22,2,7,0.00,0,3,0.00,0,1,ARI,14,3,47.73,57.33,43,32,48.11,51,55,50.44,57,56,50.00,112,112,42.73,47,63,45.83,22,26,0.00,0,1,ARI,14,3,48.61,68.57,24,11,51.72,30,28,61.11,33,21,44.55,45,56,40.43,19,28,38.10,8,13,0.00,0,1,ARI,14,3,50.43,50.00,19,19,49.06,26,27,52.94,36,32,53.85,56,48,52.54,31,28,47.62,10,11,0.00,0,0,2018,Regular,From
BOS,14,15,43.43,50.00,1,1,50.00,4,4,38.46,5,8,35.00,7,13,50.00,4,4,83.33,5,1,20.00,1,4,BOS,14,15,49.82,58.33,14,10,53.77,57,49,51.28,40,38,51.30,99,94,44.44,44,55,44.62,29,36,46.43,26,30,BOS,14,15,54.52,66.67,6,3,65.00,26,14,51.52,17,16,50.48,53,52,52.78,19,17,55.26,21,17,50.00,17,17,BOS,14,15,55.68,65.00,13,7,61.70,29,18,57.50,23,17,53.98,61,52,54.55,24,20,55.17,16,13,46.43,13,15,2018,Regular,From
BUF,14,10,38.59,50.00,6,6,11.11,1,8,54.55,6,5,45.45,10,12,33.33,2,4,0.00,0,1,33.33,1,2,BUF,14,10,48.71,47.31,44,49,61.54,24,15,57.25,79,59,45.05,91,111,49.30,70,72,50.00,3,3,33.33,3,6,BUF,14,10,43.93,57.45,27,20,21.43,3,11,42.37,25,34,52.00,39,36,40.82,20,29,20.00,2,8,25.00,1,3,BUF,14,10,45.77,52.00,26,24,45.45,10,12,59.46,44,30,37.36,34,57,45.83,22,26,37.50,3,5,50.00,2,2,2018,Regular,From
CAR,14,15,48.45,60.00,3,2,50.00,2,2,57.14,8,6,43.48,10,13,60.00,6,4,20.00,1,4,0.00,0,0,CAR,14,15,55.53,63.64,14,8,73.68,42,15,63.51,94,54,54.52,181,151,50.00,44,44,37.50,24,40,41.18,7,10,CAR,14,15,52.43,40.00,4,6,58.82,10,7,59.46,44,30,56.00,84,66,43.75,14,18,44.00,11,14,0.00,0,8,CAR,14,15,60.99,76.92,10,3,100.00,20,0,71.23,52,21,56.85,112,85,52.73,29,26,48.15,13,14,42.86,3,4,2018,Regular,From
CBJ,14,19,59.19,66.67,2,1,42.86,3,4,64.29,9,5,52.17,12,11,58.33,7,5,71.43,5,2,80.00,4,1,CBJ,14,19,54.66,62.50,20,12,69.23,63,28,60.94,78,50,50.00,126,126,50.51,50,49,49.12,28,29,48.10,38,41,CBJ,14,19,51.78,77.78,7,2,57.89,11,8,55.17,32,26,43.68,38,49,60.00,21,14,44.00,11,14,50.00,17,17,CBJ,14,19,52.18,40.00,4,6,62.16,23,14,54.84,34,28,59.23,77,53,40.00,14,21,35.71,10,18,40.48,17,25,2018,Regular,From
CGY,14,16,48.74,0.00,0,2,66.67,4,2,50.00,4,4,58.82,10,7,33.33,4,8,66.67,2,1,0.00,0,1,CGY,14,16,48.81,50.00,6,6,50.77,33,32,44.44,60,75,50.31,161,159,56.10,46,36,42.50,17,23,45.45,10,12,CGY,14,16,52.05,75.00,6,2,50.00,14,14,48.21,27,29,48.65,72,76,68.42,26,12,50.00,9,9,66.67,6,3,CGY,14,16,54.48,100.00,9,0,71.74,33,13,52.78,38,34,53.38,79,69,43.75,14,18,50.00,9,9,33.33,3,6,2018,Regular,From
CHI,14,16,57.48,44.44,4,5,0.00,0,3,60.00,3,2,50.00,8,8,62.50,5,3,66.67,4,2,88.89,8,1,CHI,14,16,48.08,60.00,36,24,57.14,12,9,40.66,37,54,49.49,145,148,42.00,21,29,41.24,40,57,47.69,31,34,CHI,14,16,47.66,74.19,23,8,25.00,3,9,51.72,15,14,51.33,58,55,41.67,10,14,27.59,8,21,30.00,6,14,CHI,14,16,55.01,75.00,24,8,58.82,10,7,53.45,31,27,56.94,82,62,51.61,16,15,34.78,16,30,55.56,20,16,2018,Regular,From
COL,14,16,50.25,37.50,3,5,66.67,4,2,25.00,2,6,64.71,11,6,42.86,6,8,75.00,3,1,44.44,4,5,COL,14,16,48.23,55.17,32,26,65.96,31,16,53.66,44,38,47.80,87,95,48.39,60,64,35.80,29,52,30.91,17,38,COL,14,16,38.93,36.36,12,21,47.83,11,12,50.00,15,15,37.35,31,52,40.00,22,33,35.29,12,22,25.93,7,20,COL,14,16,47.79,39.47,15,23,76.92,10,3,51.43,18,17,56.99,53,40,53.33,32,28,18.18,4,18,23.53,8,26,2018,Regular,From
DAL,14,16,46.81,100.00,2,0,40.00,2,3,25.00,2,6,50.00,10,10,57.14,8,6,28.57,2,5,40.00,2,3,DAL,14,16,52.57,66.67,20,10,63.83,30,17,49.23,32,33,55.23,132,107,46.24,80,93,33.33,10,20,50.00,20,20,DAL,14,16,54.03,0.00,0,4,66.67,18,9,44.12,15,19,52.81,47,42,52.17,36,33,65.00,13,7,54.55,12,10,DAL,14,16,50.31,69.23,9,4,60.00,15,10,48.78,20,21,50.38,67,66,45.57,36,43,29.63,8,19,55.88,19,15,2018,Regular,From
DET,14,13,46.09,100.00,1,0,50.00,3,3,46.15,6,7,43.75,7,9,50.00,6,6,40.00,2,3,0.00,0,1,DET,14,13,48.06,38.89,7,11,63.01,46,27,49.18,60,62,49.09,161,167,30.51,18,41,51.43,36,34,0.00,0,5,DET,14,13,50.85,76.92,10,3,43.75,14,18,50.00,27,27,55.17,64,52,42.42,14,19,50.00,12,12,0.00,0,1,DET,14,13,52.05,80.00,4,1,70.97,22,9,50.00,29,29,53.33,64,56,46.88,15,17,37.93,11,18,0.00,0,1,2018,Regular,From
EDM,14,11,47.00,50.00,1,1,40.00,2,3,45.45,5,6,50.00,11,11,44.44,4,5,60.00,3,2,0.00,0,1,EDM,14,11,53.47,57.69,45,33,55.74,68,54,64.49,69,38,50.00,138,138,57.01,61,46,50.00,20,20,33.33,1,2,EDM,14,11,57.62,69.70,23,10,63.64,28,16,58.54,24,17,55.14,59,48,53.06,26,23,62.50,10,6,100.00,1,0,EDM,14,11,53.48,71.79,28,11,65.08,41,22,54.10,33,28,56.79,92,70,42.31,22,30,24.00,6,19,0.00,0,4,2018,Regular,From
FLA,14,10,44.62,40.00,2,3,50.00,5,5,55.00,11,9,36.36,8,14,37.50,3,5,50.00,2,2,50.00,4,4,FLA,14,10,47.92,48.39,30,32,50.94,27,26,60.82,104,67,48.84,126,132,33.96,18,35,36.36,20,35,32.50,13,27,FLA,14,10,50.16,62.50,10,6,52.94,18,16,50.00,35,35,56.79,46,35,47.62,10,11,34.78,8,15,40.00,4,6,FLA,14,10,45.80,61.90,13,8,50.00,13,13,52.70,39,35,42.34,47,64,53.57,15,13,40.00,12,18,15.38,2,11,2018,Regular,From
L.A,14,22,59.51,100.00,1,0,80.00,4,1,45.45,5,6,59.09,13,9,46.15,6,7,80.00,4,1,75.00,3,1,L.A,14,22,51.11,50.00,4,4,53.06,26,23,54.00,54,46,52.58,163,147,50.98,52,50,39.13,18,28,40.74,22,32,L.A,14,22,47.36,80.00,4,1,28.57,4,10,45.00,18,22,55.80,77,61,35.48,11,20,32.00,8,17,33.33,9,18,L.A,14,22,50.15,14.29,1,6,46.67,7,8,55.56,25,20,57.89,88,64,46.81,22,25,23.53,8,26,39.29,11,17,2018,Regular,From
MIN,14,12,48.70,100.00,1,0,75.00,3,1,42.86,6,8,50.00,9,9,41.67,5,7,66.67,4,2,30.00,3,7,MIN,14,12,48.96,42.86,3,4,65.85,27,14,68.18,75,35,42.76,127,170,45.56,41,49,36.36,12,21,41.67,20,28,MIN,14,12,47.46,33.33,2,4,60.00,9,6,66.67,38,19,43.36,49,64,28.57,8,20,58.33,7,5,33.33,7,14,MIN,14,12,44.33,50.00,2,2,46.67,7,8,60.71,34,22,43.36,62,81,40.82,20,29,29.41,5,12,24.00,6,19,2018,Regular,From
MTL,14,11,37.16,36.36,4,7,12.50,1,7,33.33,3,6,33.33,7,14,44.44,4,5,60.00,3,2,100.00,3,0,MTL,14,11,54.23,63.16,72,42,57.29,55,41,48.06,62,67,56.88,124,94,54.90,28,23,51.61,16,15,62.96,17,10,MTL,14,11,55.21,65.22,30,16,76.32,29,9,45.45,15,18,50.67,38,37,56.67,17,13,41.67,10,14,57.14,4,3,MTL,14,11,52.87,50.00,19,19,67.65,46,22,58.00,29,21,52.50,63,57,38.24,13,21,57.14,12,9,38.46,5,8,2018,Regular,From
N.J,14,19,52.29,100.00,1,0,57.14,4,3,46.15,6,7,60.87,14,9,27.27,3,8,60.00,3,2,66.67,2,1,N.J,14,19,44.29,48.00,12,13,54.17,26,22,42.31,55,75,46.35,89,103,45.33,68,82,23.64,13,42,45.45,20,24,N.J,14,19,46.89,60.00,6,4,44.44,8,10,45.28,24,29,42.39,39,53,51.19,43,41,42.86,9,12,43.75,7,9,N.J,14,19,46.44,66.67,8,4,59.09,13,9,61.40,35,22,41.00,41,59,42.03,29,40,22.73,5,17,44.44,4,5,2018,Regular,From
NSH,14,16,48.14,0.00,0,2,57.14,4,3,45.45,5,6,40.00,4,6,75.00,6,2,55.56,5,4,0.00,0,3,NSH,14,16,50.33,41.18,14,20,51.35,19,18,60.71,51,33,53.40,110,96,42.86,51,68,44.74,34,42,40.91,9,13,NSH,14,16,53.75,68.75,11,5,54.17,13,11,43.90,18,23,64.29,54,30,49.06,26,27,43.75,14,18,37.50,6,10,NSH,14,16,52.11,66.67,8,4,64.29,18,10,60.34,35,23,46.34,38,44,45.31,29,35,41.67,15,21,61.11,11,7,2018,Regular,From
NYI,14,17,57.86,66.67,4,2,60.00,3,2,72.73,8,3,44.44,8,10,57.14,8,6,57.14,4,3,55.56,5,4,NYI,14,17,48.53,53.19,25,22,57.41,31,23,60.25,97,64,43.97,62,79,36.57,49,85,45.65,21,25,47.06,24,27,NYI,14,17,52.14,55.00,11,9,58.62,17,12,56.34,40,31,52.17,24,22,46.81,22,25,44.44,8,10,50.00,15,15,NYI,14,17,53.25,67.65,23,11,62.50,20,12,60.49,49,32,50.57,44,43,41.56,32,45,51.72,15,14,48.15,13,14,2018,Regular,From
NYR,14,12,46.06,33.33,1,2,66.67,6,3,50.00,7,7,36.00,9,16,60.00,6,4,40.00,2,3,0.00,0,0,NYR,14,12,48.72,51.72,15,14,57.73,56,41,56.67,85,65,48.86,107,112,38.30,36,58,38.46,15,24,40.00,2,3,NYR,14,12,47.43,57.14,12,9,62.22,28,17,64.58,31,17,34.78,32,60,40.00,16,24,52.63,10,9,0.00,0,0,NYR,14,12,49.30,45.45,5,6,61.70,29,18,66.13,41,21,46.30,50,58,28.85,15,37,52.00,13,12,40.00,2,3,2018,Regular,From
OTT,14,17,52.50,33.33,1,2,50.00,2,2,58.33,7,5,52.63,10,9,60.00,9,6,40.00,4,6,42.86,3,4,OTT,14,17,50.36,50.00,5,5,52.94,18,16,55.56,55,44,51.64,126,118,50.00,57,57,30.16,19,44,47.06,32,36,OTT,14,17,46.65,62.50,5,3,63.16,12,7,44.90,22,27,46.02,52,61,50.98,26,25,48.15,13,14,19.23,5,21,OTT,14,17,39.60,80.00,8,2,60.00,15,10,52.94,27,24,41.32,50,71,25.00,18,54,27.78,10,26,25.58,11,32,2018,Regular,From
PHI,14,15,55.91,80.00,4,1,50.00,4,4,25.00,2,6,64.71,11,6,50.00,4,4,40.00,2,3,83.33,5,1,PHI,14,15,49.89,51.52,17,16,58.06,54,39,59.46,44,30,47.51,105,116,43.31,55,72,44.19,19,24,54.05,20,17,PHI,14,15,45.32,100.00,10,0,55.26,21,17,42.86,12,16,46.81,44,50,31.48,17,37,39.13,9,14,36.84,7,12,PHI,14,15,46.93,70.83,17,7,62.50,25,15,64.29,18,10,45.38,59,71,36.23,25,44,28.57,6,15,27.78,5,13,2018,Regular,From
PIT,14,17,33.69,0.00,0,13,40.00,2,3,50.00,6,6,50.00,9,9,33.33,3,6,20.00,1,4,100.00,1,0,PIT,14,17,52.07,55.66,59,47,65.12,28,15,45.74,43,51,53.75,129,111,47.59,69,76,50.00,19,19,66.67,16,8,PIT,14,17,46.20,63.41,26,15,68.18,15,7,43.14,22,29,45.59,31,37,43.10,25,33,26.32,5,14,22.22,2,7,PIT,14,17,47.22,39.22,20,31,40.00,8,12,57.14,24,18,51.22,63,60,48.39,30,32,34.78,8,15,57.14,4,3,2018,Regular,From
S.J,14,16,48.59,0.00,0,0,50.00,2,2,45.45,5,6,47.62,10,11,40.00,4,6,66.67,4,2,50.00,1,1,S.J,14,16,56.59,55.81,24,19,53.85,7,6,63.74,109,62,56.93,115,87,52.22,47,43,47.73,21,23,48.39,15,16,S.J,14,16,55.45,70.00,14,6,71.43,5,2,59.32,35,24,53.75,43,37,58.49,31,22,42.86,9,12,18.18,2,9,S.J,14,16,48.41,76.19,16,5,60.00,9,6,54.46,55,46,43.55,54,70,48.44,31,33,31.58,12,26,42.86,6,8,2018,Regular,From
STL,14,21,65.98,50.00,1,1,50.00,1,1,66.67,4,2,75.00,12,4,68.75,11,5,54.55,6,5,33.33,1,2,STL,14,21,51.53,41.67,5,7,38.10,8,13,54.67,41,34,52.38,143,130,56.08,83,65,32.93,27,55,48.28,28,30,STL,14,21,55.90,100.00,1,0,50.00,2,2,56.76,21,16,59.38,57,39,52.86,37,33,45.24,19,23,41.67,5,7,STL,14,21,46.33,100.00,3,0,16.67,1,5,67.57,25,12,45.39,69,83,46.15,36,42,28.57,12,30,30.43,7,16,2018,Regular,From
T.B,14,22,61.31,0.00,0,0,80.00,4,1,60.00,3,2,60.00,9,6,64.71,11,6,38.46,5,8,66.67,4,2,T.B,14,22,48.80,55.56,5,4,80.00,12,3,59.09,26,18,50.20,124,123,44.51,77,96,33.33,36,72,43.48,20,26,T.B,14,22,55.63,60.00,3,2,77.78,7,2,62.07,18,11,59.60,59,40,54.95,50,41,30.00,12,28,42.11,8,11,T.B,14,22,52.24,87.50,7,1,57.14,4,3,61.11,11,7,47.01,55,62,48.68,37,39,47.50,19,21,54.55,12,10,2018,Regular,From
TOR,14,16,51.17,66.67,2,1,53.85,7,6,30.77,4,9,59.09,13,9,50.00,6,6,50.00,4,4,57.14,4,3,TOR,14,16,49.34,64.29,27,15,64.60,73,40,52.58,51,46,44.16,87,110,44.00,44,56,36.00,18,32,48.57,17,18,TOR,14,16,54.49,61.90,13,8,67.80,40,19,53.66,22,19,50.96,53,51,50.00,13,13,50.00,8,8,52.38,11,10,TOR,14,16,56.86,65.00,13,7,69.81,37,16,64.15,34,19,56.49,74,57,46.81,22,25,38.89,7,11,48.00,12,13,2018,Regular,From
VAN,14,16,56.22,66.67,2,1,66.67,2,1,62.50,5,3,50.00,10,10,50.00,5,5,100.00,3,0,33.33,1,2,VAN,14,16,49.70,70.37,19,8,62.07,18,11,62.50,70,42,47.39,118,131,33.00,33,67,52.17,24,22,40.00,14,21,VAN,14,16,49.56,41.67,5,7,50.00,10,10,56.82,25,19,58.26,67,48,32.26,10,21,37.50,9,15,30.43,7,16,VAN,14,16,52.67,61.54,8,5,61.11,11,7,70.00,35,15,58.59,58,41,38.46,15,24,22.22,4,14,13.33,2,13,2018,Regular,From
VGK,14,19,54.90,0.00,0,1,0.00,0,2,69.23,9,4,59.09,13,9,42.86,6,8,60.00,3,2,50.00,4,4,VGK,14,19,47.32,66.67,4,2,52.94,9,8,54.39,62,52,45.91,118,139,44.07,52,66,39.02,16,25,40.00,30,45,VGK,14,19,51.60,0.00,0,1,88.89,8,1,57.81,37,27,49.04,51,53,46.55,27,31,61.11,11,7,35.29,12,22,VGK,14,19,46.25,50.00,2,2,60.00,9,6,51.35,38,36,42.74,50,67,36.23,25,44,46.15,12,14,50.00,23,23,2018,Regular,From
WPG,14,19,53.23,33.33,2,4,25.00,1,3,42.86,3,4,66.67,10,5,69.23,9,4,30.00,3,7,75.00,3,1,WPG,14,19,46.54,44.44,20,25,100.00,6,0,37.84,14,23,53.55,113,98,34.00,51,99,45.69,53,63,34.21,13,25,WPG,14,19,45.73,37.50,6,10,0.00,0,1,42.11,8,11,43.66,31,40,42.25,30,41,50.00,23,23,42.11,8,11,WPG,14,19,46.39,60.00,24,16,100.00,2,0,66.67,12,6,41.80,51,71,33.33,22,44,43.84,32,41,52.94,9,8,2018,Regular,From
WSH,14,15,54.12,50.00,4,4,57.14,4,3,70.00,7,3,47.37,9,10,62.50,5,3,20.00,1,4,100.00,3,0,WSH,14,15,44.99,59.57,28,19,58.62,34,24,50.83,61,59,44.80,99,122,34.04,32,62,43.33,13,17,28.89,13,32,WSH,14,15,44.88,61.54,16,10,60.71,17,11,46.00,23,27,42.45,45,61,36.96,17,29,50.00,9,9,31.82,7,15,WSH,14,15,53.98,81.82,18,4,60.00,21,14,64.18,43,24,58.33,56,40,32.79,20,41,40.00,6,9,38.89,7,11,2018,Regular,From
ANA,13,13,47.62,57.14,4,3,66.67,4,2,38.46,5,8,33.33,6,12,66.67,4,2,66.67,4,2,50.00,2,2,ANA,13,13,47.80,77.78,21,6,55.26,21,17,52.75,96,86,44.51,81,101,33.33,22,44,40.00,14,21,52.27,23,21,ANA,13,13,45.05,72.73,8,3,56.52,13,10,56.67,51,39,36.47,31,54,40.63,13,19,26.67,4,11,30.77,4,9,ANA,13,13,45.83,77.78,7,2,50.00,12,12,54.35,50,42,44.55,49,61,18.52,5,22,52.94,9,8,36.84,7,12,2018,Regular,From
ARI,13,3,34.48,75.00,3,1,45.45,5,6,31.58,6,13,39.13,9,14,25.00,2,6,0.00,0,3,0.00,0,1,ARI,13,3,47.97,56.06,37,29,48.00,48,52,52.38,55,50,50.25,102,101,42.86,45,60,45.83,22,26,0.00,0,1,ARI,13,3,47.41,67.74,21,10,45.83,22,26,60.78,31,20,44.68,42,52,40.00,18,27,38.10,8,13,0.00,0,1,ARI,13,3,50.08,50.00,17,17,46.67,21,24,51.52,34,32,54.35,50,42,52.63,30,27,47.62,10,11,0.00,0,0,2018,Regular,From
BOS,13,15,44.81,50.00,1,1,42.86,3,4,40.00,4,6,38.89,7,11,50.00,4,4,83.33,5,1,20.00,1,4,BOS,13,15,50.45,58.33,14,10,54.43,43,36,50.00,33,33,53.07,95,84,44.44,44,55,44.62,29,36,46.43,26,30,BOS,13,15,54.85,66.67,6,3,66.67,20,10,53.85,14,12,50.00,50,50,52.78,19,17,55.26,21,17,50.00,17,17,BOS,13,15,55.47,65.00,13,7,64.52,20,11,52.78,19,17,53.92,55,47,54.55,24,20,55.17,16,13,46.43,13,15,2018,Regular,From
BUF,13,10,40.53,50.00,5,5,12.50,1,7,60.00,6,4,47.62,10,11,33.33,2,4,0.00,0,1,33.33,1,2,BUF,13,10,48.79,47.14,33,37,62.16,23,14,56.06,74,58,45.23,90,109,49.30,70,72,50.00,3,3,33.33,3,6,BUF,13,10,44.07,62.50,20,12,23.08,3,10,43.10,25,33,50.70,36,35,40.82,20,29,20.00,2,8,25.00,1,3,BUF,13,10,47.32,68.00,17,8,50.00,10,10,59.46,44,30,35.96,32,57,45.83,22,26,37.50,3,5,50.00,2,2,2018,Regular,From
CAR,13,13,46.57,60.00,3,2,50.00,2,2,53.85,7,6,42.86,9,12,55.56,5,4,20.00,1,4,0.00,0,0,CAR,13,13,55.51,63.64,14,8,73.68,42,15,63.64,84,48,54.37,168,141,50.62,41,40,37.50,24,40,41.18,7,10,CAR,13,13,53.30,40.00,4,6,58.82,10,7,60.29,41,27,58.57,82,58,40.00,12,18,44.00,11,14,0.00,0,8,CAR,13,13,60.78,76.92,10,3,100.00,20,0,72.13,44,17,56.91,107,81,50.00,24,24,48.15,13,14,42.86,3,4,2018,Regular,From
CBJ,13,18,59.58,66.67,2,1,33.33,2,4,63.64,7,4,52.38,11,10,63.64,7,4,71.43,5,2,80.00,4,1,CBJ,13,18,55.24,62.50,20,12,70.00,56,24,61.74,71,44,50.88,116,112,51.02,50,48,49.12,28,29,48.10,38,41,CBJ,13,18,52.54,77.78,7,2,57.14,8,6,59.62,31,21,42.50,34,46,60.00,21,14,44.00,11,14,50.00,17,17,CBJ,13,18,53.48,40.00,4,6,62.96,17,10,59.26,32,22,61.34,73,46,40.00,14,21,35.71,10,18,40.48,17,25,2018,Regular,From
CGY,13,14,49.64,0.00,0,2,66.67,4,2,42.86,3,4,61.54,8,5,40.00,4,6,66.67,2,1,0.00,0,1,CGY,13,14,48.21,50.00,6,6,50.77,33,32,44.26,54,68,49.13,142,147,55.84,43,34,42.50,17,23,45.45,10,12,CGY,13,14,52.09,75.00,6,2,50.00,14,14,50.98,26,25,48.09,63,68,65.71,23,12,50.00,9,9,66.67,6,3,CGY,13,14,55.13,100.00,9,0,71.74,33,13,53.13,34,30,53.85,70,60,45.16,14,17,50.00,9,9,33.33,3,6,2018,Regular,From
CHI,13,14,56.68,44.44,4,5,0.00,0,3,60.00,3,2,50.00,8,8,57.14,4,3,66.67,4,2,88.89,8,1,CHI,13,14,47.26,60.00,36,24,57.14,12,9,40.66,37,54,47.37,117,130,43.48,20,26,41.24,40,57,47.69,31,34,CHI,13,14,46.48,74.19,23,8,25.00,3,9,51.72,15,14,49.44,44,45,43.48,10,13,25.00,7,21,30.00,6,14,CHI,13,14,53.84,75.00,24,8,58.82,10,7,53.45,31,27,54.10,66,56,53.57,15,13,32.56,14,29,55.56,20,16,2018,Regular,From
COL,13,16,51.02,0.00,0,3,60.00,3,2,28.57,2,5,68.75,11,5,42.86,6,8,75.00,3,1,44.44,4,5,COL,13,16,48.20,60.00,18,12,64.10,25,14,53.95,41,35,47.75,85,93,48.39,60,64,35.80,29,52,30.91,17,38,COL,13,16,38.88,36.84,7,12,47.62,10,11,45.83,11,13,37.35,31,52,40.00,22,33,35.29,12,22,25.93,7,20,COL,13,16,48.20,33.33,7,14,66.67,6,3,59.26,16,11,56.52,52,40,53.33,32,28,18.18,4,18,23.53,8,26,2018,Regular,From
DAL,13,14,43.38,100.00,2,0,40.00,2,3,25.00,2,6,47.37,9,10,53.85,7,6,16.67,1,5,33.33,1,2,DAL,13,14,52.56,66.67,20,10,63.83,30,17,49.23,32,33,55.08,130,106,47.31,79,88,32.14,9,19,47.06,8,9,DAL,13,14,53.71,0.00,0,4,66.67,18,9,44.12,15,19,54.12,46,39,51.47,35,33,63.16,12,7,57.14,4,3,DAL,13,14,48.65,69.23,9,4,60.00,15,10,48.78,20,21,51.15,67,64,45.57,36,43,24.00,6,19,33.33,3,6,2018,Regular,From
DET,13,13,47.94,100.00,1,0,50.00,3,3,50.00,6,6,46.67,7,8,50.00,6,6,40.00,2,3,0.00,0,1,DET,13,13,48.38,38.89,7,11,66.10,39,20,50.00,54,54,49.19,151,156,30.51,18,41,51.43,36,34,0.00,0,5,DET,13,13,51.63,76.92,10,3,45.83,11,13,50.00,24,24,55.56,60,48,42.42,14,19,50.00,12,12,0.00,0,1,DET,13,13,50.76,80.00,4,1,68.00,17,8,46.81,22,25,52.68,59,53,46.88,15,17,37.93,11,18,0.00,0,1,2018,Regular,From
EDM,13,9,45.81,50.00,1,1,40.00,2,3,45.45,5,6,45.00,9,11,50.00,4,4,60.00,3,2,0.00,0,1,EDM,13,9,54.73,57.69,45,33,55.74,68,54,64.49,69,38,53.04,122,108,57.43,58,43,50.00,20,20,33.33,1,2,EDM,13,9,58.88,69.70,23,10,63.64,28,16,58.54,24,17,58.51,55,39,53.06,26,23,62.50,10,6,100.00,1,0,EDM,13,9,53.53,71.79,28,11,65.08,41,22,54.10,33,28,57.34,82,61,42.31,22,30,24.00,6,19,0.00,0,4,2018,Regular,From
FLA,13,10,46.47,40.00,2,3,50.00,5,5,57.89,11,8,40.00,8,12,37.50,3,5,50.00,2,2,50.00,4,4,FLA,13,10,48.50,48.39,30,32,50.94,27,26,60.74,99,64,51.20,107,102,33.96,18,35,36.36,20,35,32.50,13,27,FLA,13,10,49.02,62.50,10,6,53.13,17,15,50.77,33,32,53.03,35,31,47.62,10,11,34.78,8,15,40.00,4,6,FLA,13,10,46.43,61.90,13,8,50.00,13,13,50.79,32,31,45.16,42,51,53.57,15,13,40.00,12,18,15.38,2,11,2018,Regular,From
L.A,13,21,62.76,0.00,0,0,100.00,3,0,50.00,5,5,65.00,13,7,46.15,6,7,80.00,4,1,75.00,3,1,L.A,13,21,51.11,0.00,0,0,56.25,18,14,50.00,46,46,53.10,154,136,50.98,52,50,39.13,18,28,40.74,22,32,L.A,13,21,45.75,0.00,0,0,27.27,3,8,40.00,14,21,54.48,73,61,35.48,11,20,32.00,8,17,33.33,9,18,L.A,13,21,51.06,0.00,0,0,45.45,5,6,54.55,24,20,58.00,87,63,46.81,22,25,23.53,8,26,39.29,11,17,2018,Regular,From
MIN,13,12,51.31,100.00,1,0,75.00,3,1,45.45,5,6,56.25,9,7,41.67,5,7,66.67,4,2,30.00,3,7,MIN,13,12,48.00,42.86,3,4,65.63,21,11,69.66,62,27,41.55,118,166,45.56,41,49,36.36,12,21,41.67,20,28,MIN,13,12,46.66,33.33,2,4,50.00,5,5,66.67,32,16,43.93,47,60,28.57,8,20,58.33,7,5,33.33,7,14,MIN,13,12,43.67,50.00,2,2,53.85,7,6,62.79,27,16,41.67,55,77,40.82,20,29,29.41,5,12,24.00,6,19,2018,Regular,From
MTL,13,9,35.94,36.36,4,7,0.00,0,7,25.00,2,6,33.33,7,14,50.00,4,4,60.00,3,2,100.00,3,0,MTL,13,9,53.28,63.16,72,42,56.84,54,41,45.61,52,62,56.28,112,87,50.00,20,20,51.61,16,15,62.96,17,10,MTL,13,9,54.33,65.22,30,16,75.68,28,9,40.74,11,16,49.30,35,36,57.14,12,9,41.67,10,14,57.14,4,3,MTL,13,9,52.59,50.00,19,19,67.16,45,22,60.00,27,18,51.33,58,55,36.67,11,19,57.14,12,9,38.46,5,8,2018,Regular,From
N.J,13,19,53.25,100.00,1,0,57.14,4,3,50.00,6,6,59.09,13,9,30.00,3,7,60.00,3,2,66.67,2,1,N.J,13,19,44.89,48.00,12,13,54.17,26,22,46.49,53,61,46.07,88,103,45.16,56,68,23.64,13,42,45.45,20,24,N.J,13,19,47.10,60.00,6,4,44.44,8,10,44.00,22,28,42.86,39,52,53.52,38,33,42.86,9,12,43.75,7,9,N.J,13,19,46.02,66.67,8,4,59.09,13,9,62.26,33,20,41.00,41,59,40.00,24,36,22.73,5,17,44.44,4,5,2018,Regular,From
NSH,13,14,45.14,0.00,0,2,57.14,4,3,45.45,5,6,25.00,2,6,71.43,5,2,57.14,4,3,0.00,0,2,NSH,13,14,50.47,41.18,14,20,51.35,19,18,60.71,51,33,53.23,99,87,45.95,51,60,42.37,25,34,35.71,5,9,NSH,13,14,55.52,68.75,11,5,54.17,13,11,43.90,18,23,67.50,54,26,52.08,25,23,41.38,12,17,45.45,5,6,NSH,13,14,51.22,66.67,8,4,64.29,18,10,60.34,35,23,46.25,37,43,46.03,29,34,40.63,13,19,45.45,5,6,2018,Regular,From
NYI,13,15,58.16,66.67,4,2,60.00,3,2,72.73,8,3,41.18,7,10,53.85,7,6,66.67,4,2,75.00,3,1,NYI,13,15,48.30,53.19,25,22,57.41,31,23,60.25,97,64,43.80,60,77,35.94,46,82,50.00,19,19,43.48,10,13,NYI,13,15,51.35,55.00,11,9,58.62,17,12,56.34,40,31,52.17,24,22,48.78,20,21,43.75,7,9,37.50,6,10,NYI,13,15,53.02,67.65,23,11,62.50,20,12,60.49,49,32,51.16,44,42,37.68,26,43,60.00,15,10,40.00,4,6,2018,Regular,From
NYR,13,10,44.38,33.33,1,2,66.67,6,3,50.00,7,7,30.43,7,16,60.00,6,4,40.00,2,3,0.00,0,0,NYR,13,10,47.89,51.72,15,14,57.73,56,41,56.67,85,65,46.37,83,96,36.71,29,50,38.46,15,24,40.00,2,3,NYR,13,10,49.03,57.14,12,9,62.22,28,17,64.58,31,17,36.99,27,46,39.47,15,23,52.63,10,9,0.00,0,0,NYR,13,10,49.87,45.45,5,6,61.70,29,18,66.13,41,21,46.74,43,49,28.26,13,33,52.00,13,12,40.00,2,3,2018,Regular,From
OTT,13,17,51.53,0.00,0,2,33.33,1,2,55.56,5,4,55.56,10,8,60.00,9,6,40.00,4,6,42.86,3,4,OTT,13,17,50.73,50.00,5,5,50.00,12,12,53.95,41,35,53.42,125,109,50.00,57,57,30.16,19,44,47.06,32,36,OTT,13,17,46.00,40.00,2,3,73.33,11,4,41.18,14,20,45.05,50,61,50.98,26,25,48.15,13,14,19.23,5,21,OTT,13,17,37.77,80.00,8,2,55.00,11,9,46.88,15,17,40.83,49,71,25.00,18,54,27.78,10,26,25.58,11,32,2018,Regular,From
PHI,13,13,54.26,80.00,4,1,50.00,4,4,25.00,2,6,62.50,10,6,42.86,3,4,40.00,2,3,83.33,5,1,PHI,13,13,50.44,51.52,17,16,58.06,54,39,59.46,44,30,48.02,97,105,44.21,42,53,44.19,19,24,54.05,20,17,PHI,13,13,45.16,100.00,10,0,55.26,21,17,42.86,12,16,45.35,39,47,30.95,13,29,39.13,9,14,36.84,7,12,PHI,13,13,48.26,70.83,17,7,62.50,25,15,64.29,18,10,45.90,56,66,40.68,24,35,28.57,6,15,27.78,5,13,2018,Regular,From
PIT,13,15,33.25,0.00,0,13,40.00,2,3,45.45,5,6,52.94,9,8,33.33,3,6,20.00,1,4,100.00,1,0,PIT,13,15,52.45,55.66,59,47,65.12,28,15,44.71,38,47,53.52,114,99,50.00,69,69,50.00,19,19,66.67,16,8,PIT,13,15,46.05,63.41,26,15,68.18,15,7,40.91,18,26,43.64,24,31,45.28,24,29,26.32,5,14,22.22,2,7,PIT,13,15,46.58,39.22,20,31,40.00,8,12,51.43,18,17,51.82,57,53,49.15,29,30,34.78,8,15,57.14,4,3,2018,Regular,From
S.J,13,16,51.64,0.00,0,0,66.67,2,1,50.00,5,5,47.37,9,10,44.44,4,5,66.67,4,2,50.00,1,1,S.J,13,16,56.63,56.25,9,7,54.55,6,5,63.25,105,61,56.54,108,83,51.72,45,42,47.73,21,23,48.39,15,16,S.J,13,16,56.61,100.00,7,0,80.00,4,1,58.62,34,24,54.55,42,35,61.22,30,19,42.86,9,12,18.18,2,9,S.J,13,16,46.95,62.50,5,3,64.29,9,5,54.74,52,43,44.17,53,67,44.07,26,33,31.58,12,26,42.86,6,8,2018,Regular,From
STL,13,21,68.50,50.00,1,1,50.00,1,1,80.00,4,1,80.00,12,3,68.75,11,5,54.55,6,5,33.33,1,2,STL,13,21,51.13,41.67,5,7,38.10,8,13,51.16,22,21,51.97,132,122,56.08,83,65,32.93,27,55,48.28,28,30,STL,13,21,56.16,100.00,1,0,50.00,2,2,52.00,13,12,61.36,54,34,52.86,37,33,45.24,19,23,41.67,5,7,STL,13,21,44.69,100.00,3,0,16.67,1,5,59.26,16,11,44.44,64,80,46.15,36,42,28.57,12,30,30.43,7,16,2018,Regular,From
T.B,13,21,63.38,0.00,0,0,80.00,4,1,60.00,3,2,69.23,9,4,64.71,11,6,38.46,5,8,66.67,4,2,T.B,13,21,49.39,55.56,5,4,80.00,12,3,62.07,18,11,52.17,108,99,44.51,77,96,33.33,36,72,43.48,20,26,T.B,13,21,54.43,60.00,3,2,77.78,7,2,62.96,17,10,56.25,45,35,54.95,50,41,30.00,12,28,42.11,8,11,T.B,13,21,51.76,87.50,7,1,57.14,4,3,58.33,7,5,45.54,46,55,48.68,37,39,47.50,19,21,54.55,12,10,2018,Regular,From
TOR,13,16,52.86,100.00,1,0,58.33,7,5,30.77,4,9,61.90,13,8,50.00,6,6,50.00,4,4,57.14,4,3,TOR,13,16,48.94,62.96,17,10,64.13,59,33,53.68,51,44,44.39,87,109,44.00,44,56,36.00,18,32,48.57,17,18,TOR,13,16,54.64,75.00,9,3,67.39,31,15,53.66,22,19,50.96,53,51,50.00,13,13,50.00,8,8,52.38,11,10,TOR,13,16,56.04,55.56,5,4,69.05,29,13,64.15,34,19,56.15,73,57,46.81,22,25,38.89,7,11,48.00,12,13,2018,Regular,From
VAN,13,16,56.93,66.67,2,1,50.00,1,1,57.14,4,3,55.56,10,8,50.00,5,5,100.00,3,0,33.33,1,2,VAN,13,16,50.16,70.37,19,8,63.16,12,7,65.52,57,30,48.31,114,122,33.00,33,67,52.17,24,22,40.00,14,21,VAN,13,16,51.21,41.67,5,7,52.94,9,8,62.50,20,12,60.36,67,44,32.26,10,21,37.50,9,15,30.43,7,16,VAN,13,16,50.68,61.54,8,5,60.00,9,6,64.52,20,11,58.76,57,40,38.46,15,24,22.22,4,14,13.33,2,13,2018,Regular,From
VGK,13,18,55.40,0.00,0,1,0.00,0,2,70.00,7,3,61.90,13,8,42.86,6,8,60.00,3,2,50.00,4,4,VGK,13,18,47.02,66.67,4,2,62.50,5,3,53.27,57,50,45.26,105,127,44.07,52,66,39.02,16,25,40.00,30,45,VGK,13,18,50.32,0.00,0,1,100.00,2,0,58.93,33,23,46.88,45,51,46.55,27,31,61.11,11,7,35.29,12,22,VGK,13,18,46.81,50.00,2,2,71.43,5,2,52.78,38,34,42.99,46,61,36.23,25,44,46.15,12,14,50.00,23,23,2018,Regular,From
WPG,13,17,51.51,33.33,2,4,25.00,1,3,42.86,3,4,64.29,9,5,69.23,9,4,22.22,2,7,75.00,3,1,WPG,13,17,46.81,44.44,20,25,100.00,6,0,37.84,14,23,53.55,113,98,33.57,48,95,50.57,44,43,29.03,9,22,WPG,13,17,43.42,37.50,6,10,0.00,0,1,42.11,8,11,43.66,31,40,40.58,28,41,43.24,16,21,38.89,7,11,WPG,13,17,45.62,60.00,24,16,100.00,2,0,66.67,12,6,41.80,51,71,32.31,21,44,43.40,23,30,50.00,7,7,2018,Regular,From
WSH,13,13,52.38,50.00,4,4,57.14,4,3,70.00,7,3,44.44,8,10,50.00,3,3,25.00,1,3,100.00,3,0,WSH,13,13,45.17,59.57,28,19,58.62,34,24,50.83,61,59,44.86,96,118,34.72,25,47,40.00,6,9,28.89,13,32,WSH,13,13,44.75,61.54,16,10,60.71,17,11,46.00,23,27,42.86,45,60,33.33,13,26,58.33,7,5,31.82,7,15,WSH,13,13,55.31,81.82,18,4,60.00,21,14,64.18,43,24,58.33,56,40,36.73,18,31,33.33,3,6,38.89,7,11,2018,Regular,From
ANA,12,13,49.68,50.00,3,3,75.00,3,1,45.45,5,6,35.29,6,11,66.67,4,2,66.67,4,2,50.00,2,2,ANA,12,13,47.02,78.26,18,5,61.11,11,7,50.00,80,80,44.75,81,100,33.33,22,44,40.00,14,21,52.27,23,21,ANA,12,13,45.47,75.00,6,2,58.33,7,5,60.00,45,30,36.90,31,53,40.63,13,19,26.67,4,11,30.77,4,9,ANA,12,13,45.17,71.43,5,2,50.00,6,6,53.16,42,37,44.95,49,60,18.52,5,22,52.94,9,8,36.84,7,12,2018,Regular,From
ARI,12,3,34.68,66.67,2,1,37.50,3,5,37.50,6,10,40.91,9,13,25.00,2,6,0.00,0,3,0.00,0,1,ARI,12,3,48.92,53.97,34,29,54.00,27,23,52.53,52,47,50.50,102,100,42.86,45,60,45.83,22,26,0.00,0,1,ARI,12,3,48.44,66.67,20,10,48.28,14,15,62.00,31,19,45.16,42,51,40.00,18,27,38.10,8,13,0.00,0,1,ARI,12,3,50.04,48.48,16,17,38.46,10,16,52.38,33,30,54.35,50,42,52.63,30,27,47.62,10,11,0.00,0,0,2018,Regular,From
BOS,12,13,40.69,50.00,1,1,42.86,3,4,33.33,3,6,37.50,6,10,33.33,2,4,80.00,4,1,25.00,1,3,BOS,12,13,50.38,58.33,14,10,54.43,43,36,50.82,31,30,52.57,92,83,47.06,40,45,41.51,22,31,44.90,22,27,BOS,12,13,54.48,66.67,6,3,66.67,20,10,52.00,13,12,49.49,49,50,57.69,15,11,55.56,20,16,46.43,13,15,BOS,12,13,54.30,65.00,13,7,64.52,20,11,50.00,17,17,54.00,54,46,48.72,19,20,55.56,15,12,45.83,11,13,2018,Regular,From
BUF,12,8,38.60,50.00,5,5,12.50,1,7,55.56,5,4,47.37,9,10,20.00,1,4,0.00,0,0,0.00,0,0,BUF,12,8,48.20,47.14,33,37,62.16,23,14,55.91,71,56,44.38,79,99,47.76,64,70,0.00,0,0,0.00,0,0,BUF,12,8,44.84,62.50,20,12,23.08,3,10,42.86,24,32,50.00,32,32,41.30,19,27,0.00,0,0,0.00,0,0,BUF,12,8,47.53,68.00,17,8,50.00,10,10,59.72,43,29,33.77,26,51,47.83,22,24,0.00,0,0,0.00,0,0,2018,Regular,From
CAR,12,11,43.51,60.00,3,2,50.00,2,2,53.85,7,6,36.84,7,12,50.00,4,4,20.00,1,4,0.00,0,0,CAR,12,11,55.24,63.64,14,8,73.68,42,15,63.64,84,48,53.08,138,122,52.05,38,35,37.50,24,40,41.18,7,10,CAR,12,11,54.54,40.00,4,6,58.82,10,7,60.29,41,27,62.40,78,47,36.00,9,16,43.48,10,13,0.00,0,8,CAR,12,11,60.84,76.92,10,3,100.00,20,0,72.13,44,17,55.29,94,76,54.05,20,17,48.15,13,14,42.86,3,4,2018,Regular,From
CBJ,12,16,57.97,66.67,2,1,33.33,2,4,60.00,6,4,50.00,9,9,66.67,6,3,66.67,4,2,80.00,4,1,CBJ,12,16,55.21,62.50,20,12,70.00,56,24,61.26,68,43,51.40,110,104,47.73,42,46,47.83,22,24,51.67,31,29,CBJ,12,16,51.82,77.78,7,2,57.14,8,6,57.14,28,21,42.03,29,40,58.62,17,12,40.00,8,12,53.57,15,13,CBJ,12,16,53.01,40.00,4,6,62.96,17,10,59.62,31,21,60.18,68,45,38.24,13,21,33.33,8,16,42.11,16,22,2018,Regular,From
CGY,12,12,49.53,0.00,0,2,66.67,4,2,42.86,3,4,58.33,7,5,44.44,4,5,66.67,2,1,0.00,0,1,CGY,12,12,48.99,50.00,6,6,50.77,33,32,44.26,54,68,51.32,117,111,55.84,43,34,42.50,17,23,45.45,10,12,CGY,12,12,51.49,75.00,6,2,50.00,14,14,50.98,26,25,46.30,50,58,64.71,22,12,50.00,9,9,66.67,6,3,CGY,12,12,53.61,100.00,9,0,71.74,33,13,53.13,34,30,49.06,52,54,46.67,14,16,50.00,9,9,33.33,3,6,2018,Regular,From
CHI,12,12,54.92,44.44,4,5,0.00,0,3,60.00,3,2,50.00,8,8,50.00,3,3,60.00,3,2,88.89,8,1,CHI,12,12,46.68,60.00,36,24,57.14,12,9,40.66,37,54,46.85,104,118,44.44,20,25,37.68,26,43,47.69,31,34,CHI,12,12,46.93,74.19,23,8,25.00,3,9,51.72,15,14,49.43,43,44,43.48,10,13,19.05,4,17,35.29,6,11,CHI,12,12,55.38,75.00,24,8,58.82,10,7,53.45,31,27,55.56,60,48,53.57,15,13,35.14,13,24,60.61,20,13,2018,Regular,From
COL,12,14,52.70,0.00,0,3,60.00,3,2,28.57,2,5,66.67,10,5,54.55,6,5,75.00,3,1,44.44,4,5,COL,12,14,48.49,60.00,18,12,64.10,25,14,53.62,37,32,47.68,72,79,50.44,57,56,35.80,29,52,30.91,17,38,COL,12,14,38.16,36.84,7,12,47.62,10,11,45.00,9,11,34.43,21,40,40.38,21,31,35.29,12,22,25.93,7,20,COL,12,14,48.65,33.33,7,14,66.67,6,3,60.87,14,9,58.44,45,32,55.36,31,25,18.18,4,18,23.53,8,26,2018,Regular,From
DAL,12,14,44.24,100.00,1,0,33.33,1,2,33.33,2,4,47.37,9,10,53.85,7,6,16.67,1,5,33.33,1,2,DAL,12,14,53.39,62.96,17,10,85.00,17,3,48.39,30,32,56.58,129,99,47.31,79,88,32.14,9,19,47.06,8,9,DAL,12,14,54.09,0.00,0,3,69.23,9,4,46.88,15,17,53.75,43,37,51.47,35,33,63.16,12,7,57.14,4,3,DAL,12,14,48.43,70.00,7,3,70.00,7,3,50.00,20,20,50.40,63,62,45.57,36,43,24.00,6,19,33.33,3,6,2018,Regular,From
DET,12,11,44.43,100.00,1,0,50.00,3,3,50.00,6,6,42.86,6,8,33.33,3,6,50.00,1,1,0.00,0,0,DET,12,11,47.02,38.89,7,11,66.10,39,20,50.00,54,54,49.02,150,156,28.30,15,38,35.00,7,13,0.00,0,2,DET,12,11,50.33,76.92,10,3,45.83,11,13,50.00,24,24,55.14,59,48,40.63,13,19,20.00,1,4,0.00,0,0,DET,12,11,50.89,80.00,4,1,68.00,17,8,46.81,22,25,52.68,59,53,44.83,13,16,30.00,3,7,0.00,0,0,2018,Regular,From
EDM,12,9,48.81,50.00,1,1,50.00,2,2,50.00,5,5,47.37,9,10,50.00,4,4,60.00,3,2,0.00,0,1,EDM,12,9,55.39,59.52,25,17,58.10,61,44,64.42,67,37,52.44,118,107,57.43,58,43,50.00,20,20,33.33,1,2,EDM,12,9,59.72,82.35,14,3,60.53,23,15,64.86,24,13,57.61,53,39,53.06,26,23,62.50,10,6,100.00,1,0,EDM,12,9,52.51,68.18,15,7,66.67,38,19,53.33,32,28,56.74,80,61,42.31,22,30,24.00,6,19,0.00,0,4,2018,Regular,From
FLA,12,9,46.06,40.00,2,3,50.00,5,5,52.94,9,8,37.50,6,10,50.00,3,3,50.00,2,2,50.00,4,4,FLA,12,9,48.78,48.39,30,32,50.94,27,26,60.78,93,60,52.98,89,79,32.56,14,29,36.36,20,35,32.50,13,27,FLA,12,9,48.25,62.50,10,6,53.13,17,15,50.79,32,31,50.00,28,28,50.00,9,9,34.78,8,15,40.00,4,6,FLA,12,9,44.86,61.90,13,8,50.00,13,13,48.28,28,30,44.00,33,42,48.00,12,13,40.00,12,18,15.38,2,11,2018,Regular,From
L.A,12,19,61.44,0.00,0,0,100.00,3,0,50.00,5,5,63.16,12,7,46.15,6,7,75.00,3,1,100.00,2,0,L.A,12,19,51.56,0.00,0,0,56.25,18,14,50.00,46,46,52.94,153,136,50.00,50,50,44.00,11,14,43.59,17,22,L.A,12,19,45.61,0.00,0,0,27.27,3,8,40.00,14,21,54.48,73,61,35.48,11,20,33.33,4,8,22.22,4,14,L.A,12,19,52.56,0.00,0,0,45.45,5,6,54.55,24,20,58.39,87,62,46.81,22,25,21.74,5,18,47.06,8,9,2018,Regular,From
MIN,12,12,54.68,0.00,0,0,100.00,3,0,55.56,5,4,57.14,8,6,45.45,5,6,66.67,4,2,30.00,3,7,MIN,12,12,47.96,0.00,0,0,80.00,16,4,69.33,52,23,41.79,117,163,44.71,38,47,36.36,12,21,41.67,20,28,MIN,12,12,47.25,0.00,0,0,50.00,4,4,68.42,26,12,44.34,47,59,29.63,8,19,58.33,7,5,33.33,7,14,MIN,12,12,44.83,0.00,0,0,54.55,6,5,71.05,27,11,41.54,54,76,42.55,20,27,29.41,5,12,24.00,6,19,2018,Regular,From
MTL,12,9,36.45,14.29,1,6,0.00,0,5,28.57,2,5,35.00,7,13,50.00,4,4,60.00,3,2,100.00,3,0,MTL,12,9,53.34,61.80,55,34,58.54,48,34,45.61,52,62,56.70,110,84,50.00,20,20,51.61,16,15,62.96,17,10,MTL,12,9,54.27,65.63,21,11,76.47,26,8,40.74,11,16,50.00,35,35,57.14,12,9,41.67,10,14,57.14,4,3,MTL,12,9,52.43,46.67,14,16,69.49,41,18,60.00,27,18,50.45,56,55,36.67,11,19,57.14,12,9,38.46,5,8,2018,Regular,From
N.J,12,18,52.79,100.00,1,0,57.14,4,3,40.00,4,6,61.11,11,7,33.33,3,6,60.00,3,2,66.67,2,1,N.J,12,18,45.01,48.00,12,13,54.17,26,22,46.79,51,58,47.50,76,84,44.14,49,62,23.64,13,42,45.45,20,24,N.J,12,18,46.97,60.00,6,4,44.44,8,10,46.81,22,25,41.89,31,43,51.52,34,32,42.86,9,12,43.75,7,9,N.J,12,18,45.27,66.67,8,4,59.09,13,9,61.54,32,20,39.02,32,50,38.46,20,32,22.73,5,17,44.44,4,5,2018,Regular,From
NSH,12,12,41.08,0.00,0,2,57.14,4,3,45.45,5,6,14.29,1,6,60.00,3,2,60.00,3,2,0.00,0,1,NSH,12,12,51.17,41.18,14,20,51.35,19,18,60.71,51,33,52.97,98,87,50.56,45,44,38.46,15,24,40.00,4,6,NSH,12,12,55.14,68.75,11,5,54.17,13,11,43.90,18,23,67.09,53,26,48.48,16,17,38.89,7,11,50.00,4,4,NSH,12,12,51.59,66.67,8,4,64.29,18,10,60.34,35,23,45.57,36,43,48.00,24,26,35.00,7,13,55.56,5,4,2018,Regular,From
NYI,12,15,61.54,66.67,4,2,60.00,3,2,70.00,7,3,53.85,7,6,53.85,7,6,66.67,4,2,75.00,3,1,NYI,12,15,46.65,53.19,25,22,57.41,31,23,55.38,72,58,43.31,55,72,35.94,46,82,50.00,19,19,43.48,10,13,NYI,12,15,50.43,55.00,11,9,58.62,17,12,52.83,28,25,52.50,21,19,48.78,20,21,43.75,7,9,37.50,6,10,NYI,12,15,53.64,67.65,23,11,62.50,20,12,62.07,36,22,53.25,41,36,37.68,26,43,60.00,15,10,40.00,4,6,2018,Regular,From
NYR,12,8,42.83,33.33,1,2,66.67,6,3,41.67,5,7,30.00,6,14,62.50,5,3,40.00,2,3,0.00,0,0,NYR,12,8,48.39,51.72,15,14,57.29,55,41,55.71,78,62,48.67,73,77,36.99,27,46,39.47,15,23,40.00,2,3,NYR,12,8,48.29,57.14,12,9,61.36,27,17,62.22,28,17,36.21,21,37,36.11,13,23,52.63,10,9,0.00,0,0,NYR,12,8,49.93,45.45,5,6,63.04,29,17,67.86,38,18,44.87,35,43,27.91,12,31,52.00,13,12,40.00,2,3,2018,Regular,From
OTT,12,15,49.92,0.00,0,2,33.33,1,2,55.56,5,4,52.94,9,8,57.14,8,6,40.00,4,6,42.86,3,4,OTT,12,15,50.24,50.00,5,5,50.00,12,12,53.95,41,35,53.52,114,99,49.00,49,51,24.49,12,37,47.06,32,36,OTT,12,15,44.91,40.00,2,3,73.33,11,4,41.18,14,20,44.66,46,57,51.11,23,22,42.11,8,11,19.23,5,21,OTT,12,15,38.01,80.00,8,2,55.00,11,9,46.88,15,17,41.07,46,66,22.95,14,47,30.00,9,21,25.58,11,32,2018,Regular,From
PHI,12,13,56.53,80.00,4,1,57.14,4,3,28.57,2,5,62.50,10,6,42.86,3,4,40.00,2,3,83.33,5,1,PHI,12,13,50.84,51.52,17,16,61.54,40,25,58.90,43,30,48.02,85,92,44.21,42,53,44.19,19,24,54.05,20,17,PHI,12,13,44.32,100.00,7,0,54.84,17,14,42.86,12,16,45.24,38,46,30.95,13,29,39.13,9,14,36.84,7,12,PHI,12,13,46.73,66.67,14,7,58.82,20,14,64.29,18,10,44.44,48,60,40.68,24,35,28.57,6,15,27.78,5,13,2018,Regular,From
PIT,12,15,37.20,0.00,0,10,50.00,2,2,50.00,5,5,56.25,9,7,33.33,3,6,20.00,1,4,100.00,1,0,PIT,12,15,52.16,51.90,41,38,67.50,27,13,42.86,33,44,53.52,114,99,50.00,69,69,50.00,19,19,66.67,16,8,PIT,12,15,45.82,62.50,15,9,71.43,15,6,42.11,16,22,43.64,24,31,45.28,24,29,26.32,5,14,22.22,2,7,PIT,12,15,47.25,39.02,16,25,38.89,7,11,53.33,16,14,51.82,57,53,49.15,29,30,34.78,8,15,57.14,4,3,2018,Regular,From
S.J,12,14,51.79,0.00,0,0,66.67,2,1,44.44,4,5,50.00,9,9,44.44,4,5,66.67,4,2,50.00,1,1,S.J,12,14,56.12,56.25,9,7,54.55,6,5,64.00,80,45,55.23,95,77,51.72,45,42,47.73,21,23,48.39,15,16,S.J,12,14,57.28,100.00,7,0,80.00,4,1,61.54,24,15,54.17,39,33,61.22,30,19,42.86,9,12,18.18,2,9,S.J,12,14,47.27,62.50,5,3,64.29,9,5,56.52,39,30,44.64,50,62,44.07,26,33,31.58,12,26,42.86,6,8,2018,Regular,From
STL,12,19,67.02,50.00,1,1,50.00,1,1,80.00,4,1,78.57,11,3,61.54,8,5,60.00,6,4,33.33,1,2,STL,12,19,51.14,41.67,5,7,38.10,8,13,51.16,22,21,53.25,123,108,54.62,71,59,33.33,26,52,48.28,28,30,STL,12,19,54.71,100.00,1,0,50.00,2,2,52.00,13,12,60.26,47,31,51.56,33,31,42.50,17,23,41.67,5,7,STL,12,19,44.07,100.00,3,0,16.67,1,5,59.26,16,11,44.78,60,74,43.75,28,36,28.57,12,30,30.43,7,16,2018,Regular,From
T.B,12,19,64.29,0.00,0,0,80.00,4,1,60.00,3,2,63.64,7,4,66.67,10,5,25.00,2,6,100.00,4,0,T.B,12,19,47.71,55.56,5,4,80.00,12,3,62.07,18,11,51.26,102,97,44.64,75,93,26.67,24,66,35.29,12,22,T.B,12,19,54.61,60.00,3,2,77.78,7,2,62.96,17,10,57.14,44,33,53.41,47,41,29.41,10,24,43.75,7,9,T.B,12,19,52.28,87.50,7,1,57.14,4,3,58.33,7,5,46.94,46,52,50.70,36,35,43.75,14,18,56.25,9,7,2018,Regular,From
TOR,12,14,51.49,100.00,1,0,58.33,7,5,30.77,4,9,57.89,11,8,50.00,5,5,50.00,4,4,57.14,4,3,TOR,12,14,48.32,62.96,17,10,64.13,59,33,53.68,51,44,42.44,73,99,42.53,37,50,36.00,18,32,48.57,17,18,TOR,12,14,54.66,75.00,9,3,67.39,31,15,53.66,22,19,52.69,49,44,40.00,8,12,50.00,8,8,52.38,11,10,TOR,12,14,56.31,55.56,5,4,69.05,29,13,64.15,34,19,55.36,62,50,47.37,18,20,43.75,7,9,48.00,12,13,2018,Regular,From
VAN,12,14,54.03,66.67,2,1,50.00,1,1,50.00,3,3,50.00,8,8,50.00,4,4,100.00,3,0,33.33,1,2,VAN,12,14,51.81,70.37,19,8,63.16,12,7,65.12,56,30,49.53,106,108,36.14,30,53,54.55,24,20,40.00,14,21,VAN,12,14,51.15,41.67,5,7,52.94,9,8,62.50,20,12,60.20,59,39,33.33,8,16,36.36,8,14,30.43,7,16,VAN,12,14,50.34,61.54,8,5,60.00,9,6,63.33,19,11,57.61,53,39,40.00,12,18,22.22,4,14,13.33,2,13,2018,Regular,From
VGK,12,16,57.33,0.00,0,1,0.00,0,2,70.00,7,3,60.00,12,8,45.45,5,6,75.00,3,1,57.14,4,3,VGK,12,16,46.42,66.67,4,2,62.50,5,3,53.27,57,50,43.24,96,126,45.26,43,52,38.71,12,19,40.00,30,45,VGK,12,16,50.74,0.00,0,1,100.00,2,0,58.93,33,23,47.87,45,49,46.51,20,23,57.14,8,6,38.71,12,19,VGK,12,16,47.68,50.00,2,2,71.43,5,2,52.78,38,34,43.40,46,60,36.00,18,32,52.38,11,10,50.00,23,23,2018,Regular,From
WPG,12,16,52.39,33.33,2,4,25.00,1,3,33.33,2,4,64.29,9,5,75.00,9,3,25.00,2,6,75.00,3,1,WPG,12,16,48.05,44.44,20,25,100.00,6,0,42.31,11,15,55.21,106,86,33.59,43,85,51.16,44,42,29.03,9,22,WPG,12,16,44.25,37.50,6,10,0.00,0,1,40.00,4,6,44.78,30,37,41.27,26,37,44.44,16,20,38.89,7,11,WPG,12,16,45.84,60.00,24,16,100.00,2,0,71.43,10,4,42.61,49,66,30.00,18,42,44.23,23,29,50.00,7,7,2018,Regular,From
WSH,12,11,49.61,50.00,4,4,57.14,4,3,70.00,7,3,28.57,4,10,60.00,3,2,25.00,1,3,100.00,3,0,WSH,12,11,46.39,59.57,28,19,58.62,34,24,50.83,61,59,44.61,91,113,46.34,19,22,40.00,6,9,28.89,13,32,WSH,12,11,45.16,61.54,16,10,60.71,17,11,46.00,23,27,42.42,42,57,33.33,7,14,58.33,7,5,31.82,7,15,WSH,12,11,55.61,81.82,18,4,60.00,21,14,64.18,43,24,57.47,50,37,30.77,8,18,33.33,3,6,38.89,7,11,2018,Regular,From
ANA,11,13,51.79,50.00,3,3,75.00,3,1,44.44,4,5,40.00,6,9,66.67,4,2,66.67,4,2,50.00,2,2,ANA,11,13,47.41,78.26,18,5,61.11,11,7,50.34,74,73,45.22,71,86,33.33,22,44,40.00,14,21,52.27,23,21,ANA,11,13,45.46,75.00,6,2,58.33,7,5,63.77,44,25,32.88,24,49,40.63,13,19,26.67,4,11,30.77,4,9,ANA,11,13,45.00,71.43,5,2,40.00,4,6,52.86,37,33,46.15,42,49,18.52,5,22,52.94,9,8,36.84,7,12,2018,Regular,From
ARI,11,1,32.21,66.67,2,1,37.50,3,5,37.50,6,10,35.00,7,13,16.67,1,5,0.00,0,2,0.00,0,1,ARI,11,1,48.33,53.97,34,29,54.00,27,23,52.53,52,47,50.25,100,99,42.72,44,59,0.00,0,2,0.00,0,1,ARI,11,1,48.98,66.67,20,10,48.28,14,15,62.00,31,19,46.15,42,49,39.53,17,26,0.00,0,1,0.00,0,1,ARI,11,1,49.95,48.48,16,17,38.46,10,16,52.38,33,30,54.44,49,41,52.63,30,27,100.00,1,0,0.00,0,0,2018,Regular,From
BOS,11,13,42.36,50.00,1,1,33.33,2,4,42.86,3,4,40.00,6,9,33.33,2,4,80.00,4,1,25.00,1,3,BOS,11,13,49.75,58.33,14,10,54.69,35,29,41.03,16,23,52.38,88,80,47.06,40,45,41.51,22,31,44.90,22,27,BOS,11,13,54.59,66.67,6,3,66.67,16,8,55.56,10,8,48.98,48,50,57.69,15,11,55.56,20,16,46.43,13,15,BOS,11,13,53.37,65.00,13,7,68.00,17,8,31.82,7,15,54.00,54,46,48.72,19,20,55.56,15,12,45.83,11,13,2018,Regular,From
BUF,11,8,39.67,50.00,5,5,12.50,1,7,55.56,5,4,50.00,8,8,25.00,1,3,0.00,0,0,0.00,0,0,BUF,11,8,48.49,47.14,33,37,62.16,23,14,53.39,63,55,45.64,68,81,49.23,64,66,0.00,0,0,0.00,0,0,BUF,11,8,44.33,62.50,20,12,23.08,3,10,41.82,23,32,50.00,27,27,41.30,19,27,0.00,0,0,0.00,0,0,BUF,11,8,47.43,68.00,17,8,50.00,10,10,60.00,39,26,31.34,21,46,48.89,22,23,0.00,0,0,0.00,0,0,2018,Regular,From
CAR,11,10,43.34,60.00,3,2,50.00,2,2,50.00,6,6,38.89,7,11,50.00,4,4,20.00,1,4,0.00,0,0,CAR,11,10,54.84,63.64,14,8,73.68,42,15,61.26,68,43,53.33,120,105,52.05,38,35,37.50,24,40,41.18,7,10,CAR,11,10,55.06,40.00,4,6,58.82,10,7,60.00,36,24,64.86,72,39,36.00,9,16,43.48,10,13,0.00,0,8,CAR,11,10,60.48,76.92,10,3,100.00,20,0,70.83,34,14,54.97,83,68,54.05,20,17,48.15,13,14,42.86,3,4,2018,Regular,From
CBJ,11,14,56.42,66.67,2,1,33.33,2,4,60.00,6,4,47.06,8,9,62.50,5,3,75.00,3,1,80.00,4,1,CBJ,11,14,55.10,62.50,20,12,70.00,56,24,61.26,68,43,50.74,103,100,46.84,37,42,52.17,12,11,50.91,28,27,CBJ,11,14,52.30,77.78,7,2,57.14,8,6,57.14,28,21,40.91,27,39,58.33,14,10,53.85,7,6,54.17,13,11,CBJ,11,14,53.12,40.00,4,6,62.96,17,10,59.62,31,21,59.80,61,41,33.33,10,20,45.45,5,6,40.00,14,21,2018,Regular,From
CGY,11,10,48.05,0.00,0,2,66.67,4,2,42.86,3,4,50.00,5,5,50.00,4,4,66.67,2,1,0.00,0,1,CGY,11,10,47.88,50.00,6,6,50.77,33,32,44.26,54,68,50.99,103,99,53.06,26,23,42.50,17,23,45.45,10,12,CGY,11,10,49.29,75.00,6,2,50.00,14,14,50.98,26,25,45.92,45,53,50.00,11,11,50.00,9,9,66.67,6,3,CGY,11,10,53.85,100.00,9,0,71.74,33,13,53.13,34,30,50.50,51,50,41.67,10,14,50.00,9,9,33.33,3,6,2018,Regular,From
CHI,11,12,57.55,33.33,1,2,0.00,0,3,60.00,3,2,53.33,8,7,50.00,3,3,60.00,3,2,88.89,8,1,CHI,11,12,45.89,48.15,13,14,64.29,9,5,40.00,34,51,47.06,104,117,44.44,20,25,37.68,26,43,47.69,31,34,CHI,11,12,44.74,80.00,8,2,25.00,3,9,50.00,12,12,49.43,43,44,43.48,10,13,19.05,4,17,35.29,6,11,CHI,11,12,55.08,72.22,13,5,53.33,8,7,55.36,31,25,56.60,60,46,53.57,15,13,35.14,13,24,60.61,20,13,2018,Regular,From
COL,11,12,51.83,0.00,0,3,60.00,3,2,16.67,1,5,66.67,8,4,55.56,5,4,75.00,3,1,50.00,4,4,COL,11,12,51.51,60.00,18,12,64.10,25,14,59.32,35,24,49.23,64,66,52.48,53,48,43.14,22,29,32.69,17,35,COL,11,12,38.73,36.84,7,12,47.62,10,11,42.11,8,11,36.84,21,36,40.82,20,29,36.00,9,16,26.92,7,19,COL,11,12,49.21,33.33,7,14,66.67,6,3,60.00,12,8,56.72,38,29,55.56,30,24,25.00,4,12,25.81,8,23,2018,Regular,From
DAL,11,12,43.12,100.00,1,0,33.33,1,2,33.33,2,4,44.44,8,10,53.85,7,6,16.67,1,5,33.33,1,2,DAL,11,12,54.35,62.96,17,10,85.00,17,3,48.39,30,32,58.42,118,84,48.30,71,76,32.14,9,19,47.06,8,9,DAL,11,12,55.94,0.00,0,3,69.23,9,4,46.88,15,17,58.57,41,29,52.31,34,31,63.16,12,7,57.14,4,3,DAL,11,12,49.36,70.00,7,3,70.00,7,3,50.00,20,20,52.21,59,54,46.67,35,40,24.00,6,19,33.33,3,6,2018,Regular,From
DET,11,9,42.83,100.00,1,0,50.00,3,3,45.45,5,6,38.46,5,8,37.50,3,5,50.00,1,1,0.00,0,0,DET,11,9,47.18,38.89,7,11,66.10,39,20,50.96,53,51,48.16,131,141,28.57,10,25,35.00,7,13,0.00,0,2,DET,11,9,50.07,76.92,10,3,45.83,11,13,51.11,23,22,53.76,50,43,42.31,11,15,20.00,1,4,0.00,0,0,DET,11,9,49.94,80.00,4,1,68.00,17,8,48.84,21,22,50.00,52,52,42.86,9,12,30.00,3,7,0.00,0,0,2018,Regular,From
EDM,11,7,45.22,50.00,1,1,50.00,2,2,50.00,5,5,44.44,8,10,40.00,2,3,50.00,1,1,0.00,0,0,EDM,11,7,55.07,59.52,25,17,58.10,61,44,64.42,67,37,52.23,117,107,57.58,38,28,53.85,7,6,0.00,0,0,EDM,11,7,57.76,82.35,14,3,60.53,23,15,64.86,24,13,55.29,47,38,46.15,18,21,83.33,5,1,0.00,0,0,EDM,11,7,53.81,68.18,15,7,66.67,38,19,53.33,32,28,56.52,78,60,44.44,16,20,0.00,0,10,0.00,0,0,2018,Regular,From
FLA,11,9,48.31,40.00,2,3,55.56,5,4,53.33,8,7,38.46,5,8,60.00,3,2,50.00,2,2,50.00,4,4,FLA,11,9,49.27,41.86,18,25,52.38,22,20,63.64,91,52,52.60,81,73,33.33,13,26,36.36,20,35,32.50,13,27,FLA,11,9,49.22,60.00,6,4,55.56,15,12,52.63,30,27,48.89,22,23,60.00,9,6,34.78,8,15,40.00,4,6,FLA,11,9,45.34,58.82,10,7,50.00,11,11,49.12,28,29,46.38,32,37,47.83,11,12,40.00,12,18,15.38,2,11,2018,Regular,From
L.A,11,19,66.36,0.00,0,0,100.00,2,0,71.43,5,2,66.67,12,6,46.15,6,7,75.00,3,1,100.00,2,0,L.A,11,19,51.78,0.00,0,0,53.57,15,13,54.05,40,34,52.26,139,127,50.00,50,50,44.00,11,14,43.59,17,22,L.A,11,19,47.22,0.00,0,0,33.33,3,6,41.38,12,17,56.45,70,54,35.48,11,20,33.33,4,8,22.22,4,14,L.A,11,19,53.01,0.00,0,0,45.45,5,6,60.00,18,12,58.27,81,58,46.81,22,25,21.74,5,18,47.06,8,9,2018,Regular,From
MIN,11,12,55.83,0.00,0,0,100.00,3,0,62.50,5,3,57.14,8,6,45.45,5,6,66.67,4,2,30.00,3,7,MIN,11,12,48.60,0.00,0,0,80.00,16,4,69.01,49,22,42.31,99,135,44.71,38,47,36.36,12,21,41.67,20,28,MIN,11,12,48.01,0.00,0,0,57.14,4,3,67.57,25,12,45.12,37,45,29.63,8,19,58.33,7,5,33.33,7,14,MIN,11,12,46.47,0.00,0,0,62.50,5,3,71.43,25,10,44.44,48,60,42.55,20,27,29.41,5,12,24.00,6,19,2018,Regular,From
MTL,11,7,28.75,14.29,1,6,0.00,0,5,28.57,2,5,33.33,6,12,33.33,2,4,50.00,2,2,100.00,1,0,MTL,11,7,53.64,61.80,55,34,58.54,48,34,45.13,51,62,57.37,109,81,58.06,18,13,50.00,12,12,66.67,12,6,MTL,11,7,54.20,65.63,21,11,76.47,26,8,38.46,10,16,50.72,35,34,43.75,7,9,50.00,7,7,75.00,3,1,MTL,11,7,52.07,46.67,14,16,69.49,41,18,58.54,24,17,50.00,54,54,33.33,8,16,50.00,6,6,75.00,3,1,2018,Regular,From
N.J,11,18,56.36,0.00,0,0,75.00,3,1,42.86,3,4,64.71,11,6,33.33,3,6,60.00,3,2,66.67,2,1,N.J,11,18,45.43,45.45,10,12,57.14,12,9,48.65,36,38,47.80,76,83,44.14,49,62,23.64,13,42,45.45,20,24,N.J,11,18,49.76,66.67,6,3,37.50,3,5,54.05,20,17,44.78,30,37,51.52,34,32,42.86,9,12,43.75,7,9,N.J,11,18,42.92,50.00,4,4,57.14,4,3,61.11,22,14,39.24,31,48,38.46,20,32,22.73,5,17,44.44,4,5,2018,Regular,From
NSH,11,12,43.40,0.00,0,2,60.00,3,2,50.00,5,5,16.67,1,5,60.00,3,2,60.00,3,2,0.00,0,1,NSH,11,12,51.07,43.75,14,18,46.67,14,16,61.54,48,30,52.49,95,86,50.56,45,44,38.46,15,24,40.00,4,6,NSH,11,12,56.09,68.75,11,5,55.56,10,8,46.15,18,21,67.53,52,25,48.48,16,17,38.89,7,11,50.00,4,4,NSH,11,12,49.24,55.56,5,4,61.11,11,7,57.45,27,20,44.16,34,43,48.00,24,26,35.00,7,13,55.56,5,4,2018,Regular,From
NYI,11,13,58.42,66.67,4,2,60.00,3,2,66.67,6,3,53.85,7,6,50.00,6,6,60.00,3,2,66.67,2,1,NYI,11,13,47.14,53.19,25,22,57.41,31,23,58.49,62,44,43.22,51,67,35.71,45,81,52.94,18,16,42.11,8,11,NYI,11,13,51.19,55.00,11,9,58.62,17,12,58.54,24,17,51.43,18,17,48.78,20,21,43.75,7,9,33.33,5,10,NYI,11,13,54.38,67.65,23,11,62.50,20,12,62.75,32,19,54.29,38,32,39.06,25,39,61.90,13,8,33.33,2,4,2018,Regular,From
NYR,11,8,43.35,33.33,1,2,66.67,4,2,40.00,4,6,33.33,6,12,62.50,5,3,40.00,2,3,0.00,0,0,NYR,11,8,49.69,60.87,14,9,59.74,46,31,55.30,73,59,51.08,71,68,36.99,27,46,39.47,15,23,40.00,2,3,NYR,11,8,48.06,64.71,11,6,59.46,22,15,60.00,24,16,36.54,19,33,36.11,13,23,52.63,10,9,0.00,0,0,NYR,11,8,48.57,50.00,5,5,62.50,25,15,63.04,29,17,44.93,31,38,27.91,12,31,52.00,13,12,40.00,2,3,2018,Regular,From
OTT,11,15,55.02,0.00,0,0,50.00,1,1,71.43,5,2,53.33,8,7,57.14,8,6,40.00,4,6,42.86,3,4,OTT,11,15,50.14,100.00,1,0,52.94,9,8,50.75,34,33,53.11,111,98,49.49,49,50,24.49,12,37,47.06,32,36,OTT,11,15,44.90,0.00,0,2,80.00,4,1,48.28,14,15,44.12,45,57,52.27,23,21,42.11,8,11,19.23,5,21,OTT,11,15,37.29,100.00,1,0,72.73,8,3,46.15,12,14,41.28,45,64,22.81,13,44,30.00,9,21,25.58,11,32,2018,Regular,From
PHI,11,12,58.49,80.00,4,1,50.00,3,3,20.00,1,4,71.43,10,4,42.86,3,4,40.00,2,3,83.33,5,1,PHI,11,12,51.46,51.52,17,16,84.21,16,3,59.15,42,29,48.28,84,90,44.21,42,53,44.19,19,24,54.05,20,17,PHI,11,12,42.87,100.00,7,0,45.45,5,6,42.31,11,15,43.90,36,46,30.95,13,29,39.13,9,14,36.84,7,12,PHI,11,12,46.56,66.67,14,7,64.29,9,5,64.29,18,10,44.34,47,59,40.68,24,35,28.57,6,15,27.78,5,13,2018,Regular,From
PIT,11,15,38.52,0.00,0,10,50.00,2,2,50.00,5,5,60.00,9,6,37.50,3,5,20.00,1,4,100.00,1,0,PIT,11,15,52.08,51.90,41,38,67.50,27,13,41.94,26,36,52.20,95,87,50.74,69,67,50.00,19,19,66.67,16,8,PIT,11,15,44.29,62.50,15,9,71.43,15,6,38.89,14,22,39.53,17,26,44.23,23,29,26.32,5,14,22.22,2,7,PIT,11,15,45.19,39.02,16,25,38.89,7,11,51.85,14,13,47.83,44,48,48.28,28,30,34.78,8,15,57.14,4,3,2018,Regular,From
S.J,11,12,49.25,0.00,0,0,66.67,2,1,44.44,4,5,47.06,8,9,37.50,3,5,75.00,3,1,50.00,1,1,S.J,11,12,56.52,56.25,9,7,54.55,6,5,64.00,80,45,55.95,94,74,51.85,42,39,51.35,19,18,44.83,13,16,S.J,11,12,56.90,100.00,7,0,80.00,4,1,61.54,24,15,54.29,38,32,59.57,28,19,40.00,6,9,18.18,2,9,S.J,11,12,49.05,62.50,5,3,64.29,9,5,56.52,39,30,45.45,50,60,47.92,23,25,32.14,9,19,54.55,6,5,2018,Regular,From
STL,11,17,65.09,50.00,1,1,50.00,1,1,80.00,4,1,76.92,10,3,58.33,7,5,50.00,4,4,50.00,1,1,STL,11,17,50.63,41.67,5,7,38.10,8,13,51.16,22,21,52.36,111,101,53.23,66,58,32.69,17,35,47.73,21,23,STL,11,17,53.84,100.00,1,0,50.00,2,2,52.00,13,12,56.34,40,31,51.61,32,30,42.42,14,19,50.00,5,5,STL,11,17,43.72,100.00,3,0,16.67,1,5,59.26,16,11,44.09,56,71,43.55,27,35,29.41,10,24,25.00,5,15,2018,Regular,From
T.B,11,19,66.76,0.00,0,0,100.00,3,0,75.00,3,1,63.64,7,4,66.67,10,5,25.00,2,6,100.00,4,0,T.B,11,19,46.75,0.00,0,0,90.91,10,1,60.00,15,10,49.44,89,91,44.64,75,93,26.67,24,66,35.29,12,22,T.B,11,19,53.63,0.00,0,0,77.78,7,2,65.38,17,9,53.03,35,31,53.41,47,41,29.41,10,24,43.75,7,9,T.B,11,19,53.53,0.00,0,0,60.00,3,2,58.33,7,5,51.85,42,39,50.70,36,35,43.75,14,18,56.25,9,7,2018,Regular,From
TOR,11,14,51.67,100.00,1,0,54.55,6,5,33.33,4,8,55.56,10,8,55.56,5,4,50.00,4,4,57.14,4,3,TOR,11,14,49.73,62.96,17,10,64.13,59,33,54.88,45,37,45.75,70,83,42.47,31,42,36.00,18,32,48.57,17,18,TOR,11,14,54.52,75.00,9,3,66.67,30,15,52.94,18,16,51.81,43,40,41.18,7,10,50.00,8,8,52.38,11,10,TOR,11,14,55.73,55.56,5,4,66.67,26,13,62.50,30,18,56.18,50,39,44.44,12,15,43.75,7,9,48.00,12,13,2018,Regular,From
VAN,11,14,56.90,66.67,2,1,50.00,1,1,60.00,3,2,53.33,8,7,50.00,4,4,100.00,3,0,33.33,1,2,VAN,11,14,51.13,70.37,19,8,63.16,12,7,63.33,38,22,49.47,94,96,36.14,30,53,54.55,24,20,40.00,14,21,VAN,11,14,48.64,41.67,5,7,52.94,9,8,53.33,8,7,58.43,52,37,33.33,8,16,36.36,8,14,30.43,7,16,VAN,11,14,48.52,61.54,8,5,64.29,9,5,64.71,11,6,55.00,44,36,40.00,12,18,22.22,4,14,13.33,2,13,2018,Regular,From
VGK,11,16,58.76,0.00,0,1,0.00,0,2,66.67,6,3,66.67,12,6,45.45,5,6,75.00,3,1,57.14,4,3,VGK,11,16,46.42,66.67,4,2,62.50,5,3,53.41,47,41,43.01,83,110,45.26,43,52,38.71,12,19,40.00,30,45,VGK,11,16,52.26,0.00,0,1,100.00,2,0,60.00,30,20,51.22,42,40,46.51,20,23,57.14,8,6,38.71,12,19,VGK,11,16,49.16,50.00,2,2,71.43,5,2,52.31,34,31,47.56,39,43,36.00,18,32,52.38,11,10,50.00,23,23,2018,Regular,From
WPG,11,14,51.09,33.33,2,4,25.00,1,3,33.33,2,4,64.29,9,5,70.00,7,3,16.67,1,5,100.00,3,0,WPG,11,14,47.13,44.44,20,25,100.00,6,0,42.31,11,15,53.80,99,85,33.60,42,83,50.85,30,29,32.14,9,19,WPG,11,14,43.57,37.50,6,10,0.00,0,1,40.00,4,6,45.16,28,34,39.34,24,37,50.00,11,11,35.29,6,11,WPG,11,14,45.57,60.00,24,16,100.00,2,0,71.43,10,4,43.12,47,62,28.81,17,42,43.24,16,21,54.55,6,5,2018,Regular,From
WSH,11,11,50.70,50.00,4,4,57.14,4,3,66.67,6,3,33.33,4,8,60.00,3,2,25.00,1,3,100.00,3,0,WSH,11,11,47.05,59.57,28,19,58.62,34,24,54.35,50,42,44.38,79,99,46.34,19,22,40.00,6,9,28.89,13,32,WSH,11,11,47.04,61.54,16,10,60.71,17,11,57.89,22,16,41.57,37,52,33.33,7,14,58.33,7,5,31.82,7,15,WSH,11,11,55.76,81.82,18,4,60.00,21,14,67.21,41,20,56.10,46,36,30.77,8,18,33.33,3,6,38.89,7,11,2018,Regular,From
ANA,10,11,50.79,50.00,3,3,75.00,3,1,37.50,3,5,38.46,5,8,75.00,3,1,66.67,4,2,50.00,2,2,ANA,10,11,48.14,78.26,18,5,61.11,11,7,49.23,64,66,47.14,66,74,32.65,16,33,40.00,14,21,52.27,23,21,ANA,10,11,46.92,75.00,6,2,58.33,7,5,61.67,37,23,37.10,23,39,47.06,8,9,26.67,4,11,30.77,4,9,ANA,10,11,46.93,71.43,5,2,40.00,4,6,51.61,32,30,50.62,41,40,16.67,3,15,52.94,9,8,36.84,7,12,2018,Regular,From
ARI,10,1,30.36,66.67,2,1,37.50,3,5,33.33,5,10,33.33,6,12,16.67,1,5,0.00,0,2,0.00,0,1,ARI,10,1,47.27,53.97,34,29,54.00,27,23,51.58,49,46,49.40,82,84,40.43,38,56,0.00,0,2,0.00,0,1,ARI,10,1,48.70,66.67,20,10,48.28,14,15,61.70,29,18,45.57,36,43,39.02,16,25,0.00,0,1,0.00,0,1,ARI,10,1,48.94,48.48,16,17,38.46,10,16,50.85,30,29,53.33,40,35,52.83,28,25,100.00,1,0,0.00,0,0,2018,Regular,From
BOS,10,11,40.58,50.00,1,1,33.33,2,4,42.86,3,4,30.77,4,9,40.00,2,3,80.00,4,1,25.00,1,3,BOS,10,11,49.32,58.33,14,10,54.69,35,29,41.03,16,23,51.80,72,67,46.97,31,35,41.51,22,31,44.90,22,27,BOS,10,11,53.51,66.67,6,3,66.67,16,8,55.56,10,8,45.35,39,47,60.00,12,8,55.56,20,16,46.43,13,15,BOS,10,11,51.72,65.00,13,7,68.00,17,8,31.82,7,15,48.68,37,39,50.00,16,16,55.56,15,12,45.83,11,13,2018,Regular,From
BUF,10,8,42.66,57.14,4,3,14.29,1,6,62.50,5,3,50.00,8,8,25.00,1,3,0.00,0,0,0.00,0,0,BUF,10,8,48.60,48.15,26,28,63.89,23,13,51.72,45,42,45.26,62,75,49.23,64,66,0.00,0,0,0.00,0,0,BUF,10,8,44.71,69.23,18,8,25.00,3,9,39.13,18,28,50.00,25,25,41.30,19,27,0.00,0,0,0.00,0,0,BUF,10,8,47.59,70.00,14,6,50.00,10,10,61.11,33,21,32.31,21,44,48.89,22,23,0.00,0,0,0.00,0,0,2018,Regular,From
CAR,10,10,43.67,50.00,2,2,50.00,2,2,50.00,5,5,40.00,6,9,57.14,4,3,20.00,1,4,0.00,0,0,CAR,10,10,52.51,57.89,11,8,70.37,19,8,60.61,60,39,52.45,107,97,47.62,30,33,37.50,24,40,41.18,7,10,CAR,10,10,54.03,33.33,3,6,50.00,4,4,59.65,34,23,63.55,68,39,37.50,9,15,43.48,10,13,0.00,0,8,CAR,10,10,60.79,70.00,7,3,100.00,14,0,71.74,33,13,56.74,80,61,55.88,19,15,48.15,13,14,42.86,3,4,2018,Regular,From
CBJ,10,14,60.67,50.00,1,1,50.00,2,2,66.67,6,3,50.00,8,8,62.50,5,3,75.00,3,1,80.00,4,1,CBJ,10,14,56.38,72.22,13,5,72.22,39,15,63.81,67,38,52.17,96,88,46.84,37,42,52.17,12,11,50.91,28,27,CBJ,10,14,53.97,71.43,5,2,57.14,4,3,57.45,27,20,45.76,27,32,58.33,14,10,53.85,7,6,54.17,13,11,CBJ,10,14,53.28,42.86,3,4,57.89,11,8,60.00,30,20,61.05,58,37,33.33,10,20,45.45,5,6,40.00,14,21,2018,Regular,From
CGY,10,10,46.63,0.00,0,2,66.67,4,2,42.86,3,4,44.44,4,5,50.00,4,4,66.67,2,1,0.00,0,1,CGY,10,10,46.91,50.00,6,6,50.77,33,32,42.37,50,68,51.83,85,79,47.73,21,23,42.50,17,23,45.45,10,12,CGY,10,10,49.20,75.00,6,2,50.00,14,14,50.00,24,24,44.58,37,46,55.56,10,8,50.00,9,9,66.67,6,3,CGY,10,10,53.48,100.00,9,0,71.74,33,13,51.67,31,29,50.00,40,40,36.84,7,12,50.00,9,9,33.33,3,6,2018,Regular,From
CHI,10,12,58.69,33.33,1,2,0.00,0,3,60.00,3,2,53.33,8,7,60.00,3,2,60.00,3,2,88.89,8,1,CHI,10,12,45.35,48.15,13,14,64.29,9,5,38.71,24,38,45.13,88,107,44.44,20,25,37.68,26,43,47.69,31,34,CHI,10,12,43.92,80.00,8,2,25.00,3,9,50.00,10,10,48.10,38,41,43.48,10,13,19.05,4,17,35.29,6,11,CHI,10,12,54.83,72.22,13,5,53.33,8,7,57.14,24,18,54.74,52,43,53.57,15,13,35.14,13,24,60.61,20,13,2018,Regular,From
COL,10,10,49.94,0.00,0,3,60.00,3,2,16.67,1,5,63.64,7,4,55.56,5,4,75.00,3,1,50.00,1,1,COL,10,10,52.32,60.00,18,12,64.10,25,14,59.32,35,24,48.84,63,66,52.63,50,45,40.91,18,26,36.84,7,12,COL,10,10,39.05,36.84,7,12,47.62,10,11,42.11,8,11,36.84,21,36,40.91,18,26,36.00,9,16,20.00,1,4,COL,10,10,50.10,33.33,7,14,66.67,6,3,60.00,12,8,55.38,36,29,53.85,28,24,28.57,4,10,29.41,5,12,2018,Regular,From
DAL,10,10,44.00,100.00,1,0,33.33,1,2,33.33,2,4,47.06,8,9,53.85,7,6,16.67,1,5,33.33,1,2,DAL,10,10,55.58,62.96,17,10,85.00,17,3,52.63,30,27,59.76,98,66,49.65,71,72,32.14,9,19,47.06,8,9,DAL,10,10,56.64,0.00,0,3,69.23,9,4,42.86,12,16,61.82,34,21,53.23,33,29,63.16,12,7,57.14,4,3,DAL,10,10,50.10,70.00,7,3,70.00,7,3,51.43,18,17,53.26,49,43,47.89,34,37,24.00,6,19,33.33,3,6,2018,Regular,From
DET,10,9,43.99,100.00,1,0,50.00,3,3,50.00,5,5,38.46,5,8,37.50,3,5,50.00,1,1,0.00,0,0,DET,10,9,47.51,38.89,7,11,66.10,39,20,50.55,46,45,49.14,114,118,28.57,10,25,35.00,7,13,0.00,0,2,DET,10,9,52.26,76.92,10,3,43.48,10,13,54.76,23,19,57.83,48,35,42.31,11,15,20.00,1,4,0.00,0,0,DET,10,9,51.09,80.00,4,1,66.67,16,8,48.72,19,20,52.69,49,44,42.86,9,12,30.00,3,7,0.00,0,0,2018,Regular,From
EDM,10,7,44.89,50.00,1,1,50.00,2,2,50.00,5,5,41.18,7,10,50.00,2,2,50.00,1,1,0.00,0,0,EDM,10,7,55.18,59.52,25,17,58.10,61,44,61.86,60,37,53.30,105,92,59.65,34,23,53.85,7,6,0.00,0,0,EDM,10,7,58.44,82.35,14,3,60.53,23,15,62.50,20,12,56.94,41,31,46.88,15,17,83.33,5,1,0.00,0,0,EDM,10,7,54.55,68.18,15,7,66.67,38,19,52.63,30,27,56.80,71,54,51.72,15,14,0.00,0,10,0.00,0,0,2018,Regular,From
FLA,10,9,50.04,0.00,0,3,75.00,3,1,53.85,7,6,45.45,5,6,60.00,3,2,50.00,2,2,50.00,4,4,FLA,10,9,51.07,45.16,14,17,66.67,16,8,63.77,88,50,54.11,79,67,33.33,13,26,36.36,20,35,32.50,13,27,FLA,10,9,49.27,57.14,4,3,52.38,11,10,55.56,30,24,47.62,20,22,60.00,9,6,34.78,8,15,40.00,4,6,FLA,10,9,44.43,63.64,7,4,57.14,8,6,46.15,24,28,43.94,29,37,47.83,11,12,40.00,12,18,15.38,2,11,2018,Regular,From
L.A,10,17,66.40,0.00,0,0,100.00,2,0,66.67,4,2,68.75,11,5,46.15,6,7,75.00,3,1,100.00,2,0,L.A,10,17,52.69,0.00,0,0,53.57,15,13,54.79,40,33,54.13,118,100,50.00,50,50,44.00,11,14,43.59,17,22,L.A,10,17,48.17,0.00,0,0,33.33,3,6,42.31,11,15,60.00,60,40,35.48,11,20,33.33,4,8,22.22,4,14,L.A,10,17,51.65,0.00,0,0,45.45,5,6,60.00,18,12,56.52,65,50,46.81,22,25,21.74,5,18,47.06,8,9,2018,Regular,From
MIN,10,10,53.60,0.00,0,0,100.00,3,0,62.50,5,3,53.85,7,6,40.00,4,6,50.00,2,2,33.33,2,4,MIN,10,10,48.70,0.00,0,0,80.00,16,4,69.01,49,22,41.92,96,133,44.71,38,47,25.00,5,15,52.17,12,11,MIN,10,10,48.33,0.00,0,0,57.14,4,3,67.57,25,12,44.44,36,45,29.63,8,19,66.67,6,3,28.57,2,5,MIN,10,10,46.61,0.00,0,0,62.50,5,3,71.43,25,10,45.28,48,58,42.55,20,27,11.11,1,8,17.65,3,14,2018,Regular,From
MTL,10,5,23.54,14.29,1,6,0.00,0,5,28.57,2,5,25.00,4,12,25.00,1,3,100.00,1,0,100.00,1,0,MTL,10,5,52.58,61.80,55,34,58.54,48,34,45.13,51,62,55.87,100,79,65.22,15,8,40.00,2,3,58.33,7,5,MTL,10,5,54.79,65.63,21,11,76.47,26,8,38.46,10,16,49.21,31,32,54.55,6,5,71.43,5,2,0.00,0,0,MTL,10,5,53.54,46.67,14,16,69.49,41,18,58.54,24,17,49.49,49,50,50.00,7,7,66.67,4,2,66.67,2,1,2018,Regular,From
N.J,10,16,54.24,0.00,0,0,75.00,3,1,42.86,3,4,62.50,10,6,25.00,2,6,60.00,3,2,66.67,2,1,N.J,10,16,45.83,45.45,10,12,57.14,12,9,48.65,36,38,47.41,64,71,48.24,41,44,23.64,13,42,45.45,20,24,N.J,10,16,52.41,66.67,6,3,37.50,3,5,54.05,20,17,48.28,28,30,59.18,29,20,42.86,9,12,43.75,7,9,N.J,10,16,43.77,50.00,4,4,57.14,4,3,61.11,22,14,41.79,28,39,38.46,15,24,19.05,4,17,44.44,4,5,2018,Regular,From
NSH,10,12,46.53,0.00,0,1,75.00,3,1,50.00,4,4,16.67,1,5,60.00,3,2,60.00,3,2,0.00,0,1,NSH,10,12,50.78,33.33,8,16,48.28,14,15,63.79,37,21,52.30,91,83,50.56,45,44,38.46,15,24,40.00,4,6,NSH,10,12,58.42,77.78,7,2,55.56,10,8,55.17,16,13,67.53,52,25,48.48,16,17,38.89,7,11,50.00,4,4,NSH,10,12,48.78,42.86,3,4,61.11,11,7,58.82,20,14,44.00,33,42,48.00,24,26,35.00,7,13,55.56,5,4,2018,Regular,From
NYI,10,11,56.64,66.67,4,2,60.00,3,2,66.67,6,3,53.85,7,6,50.00,5,5,50.00,2,2,50.00,1,1,NYI,10,11,47.27,53.19,25,22,57.41,31,23,58.49,62,44,43.24,48,63,33.96,36,70,51.52,17,16,54.55,6,5,NYI,10,11,49.41,55.00,11,9,58.62,17,12,58.54,24,17,51.43,18,17,38.71,12,19,43.75,7,9,25.00,2,6,NYI,10,11,55.00,67.65,23,11,62.50,20,12,62.75,32,19,54.41,37,31,37.25,19,32,61.90,13,8,50.00,2,2,2018,Regular,From
NYR,10,6,37.21,33.33,1,2,66.67,4,2,40.00,4,6,29.41,5,12,50.00,3,3,0.00,0,2,0.00,0,0,NYR,10,6,49.15,60.87,14,9,59.74,46,31,55.30,73,59,49.61,64,65,37.14,26,44,20.00,2,8,0.00,0,0,NYR,10,6,45.69,64.71,11,6,59.46,22,15,60.00,24,16,32.65,16,33,35.29,12,22,33.33,2,4,0.00,0,0,NYR,10,6,47.82,50.00,5,5,62.50,25,15,63.04,29,17,46.15,30,35,27.50,11,29,38.46,5,8,0.00,0,0,2018,Regular,From
OTT,10,14,54.78,0.00,0,0,0.00,0,1,80.00,4,1,53.85,7,6,53.85,7,6,44.44,4,5,42.86,3,4,OTT,10,14,49.63,100.00,1,0,38.46,5,8,51.72,30,28,54.08,106,90,46.51,40,46,24.49,12,37,47.06,32,36,OTT,10,14,44.84,0.00,0,2,80.00,4,1,47.62,10,11,43.75,42,54,54.05,20,17,44.44,8,10,19.23,5,21,OTT,10,14,35.90,100.00,1,0,57.14,4,3,40.00,8,12,40.38,42,62,24.00,12,38,30.00,9,21,25.58,11,32,2018,Regular,From
PHI,10,10,58.16,80.00,4,1,50.00,3,3,0.00,0,4,75.00,9,3,33.33,2,4,50.00,2,2,83.33,5,1,PHI,10,10,51.50,51.52,17,16,84.21,16,3,58.57,41,29,49.10,82,85,40.24,33,49,52.63,10,9,54.05,20,17,PHI,10,10,43.49,100.00,7,0,45.45,5,6,44.00,11,14,42.11,32,44,33.33,13,26,57.14,4,3,36.84,7,12,PHI,10,10,47.15,66.67,14,7,64.29,9,5,64.29,18,10,43.00,43,57,41.51,22,31,36.36,4,7,27.78,5,13,2018,Regular,From
PIT,10,13,36.83,0.00,0,10,50.00,2,2,50.00,5,5,53.85,7,6,42.86,3,4,20.00,1,4,100.00,1,0,PIT,10,13,52.52,51.90,41,38,67.50,27,13,41.94,26,36,54.35,75,63,50.39,65,64,50.00,19,19,66.67,16,8,PIT,10,13,42.78,62.50,15,9,71.43,15,6,38.89,14,22,32.14,9,19,41.67,20,28,26.32,5,14,22.22,2,7,PIT,10,13,43.73,39.02,16,25,38.89,7,11,51.85,14,13,44.12,30,38,48.15,26,28,34.78,8,15,57.14,4,3,2018,Regular,From
S.J,10,10,49.02,0.00,0,0,66.67,2,1,37.50,3,5,50.00,8,8,28.57,2,5,100.00,3,0,50.00,1,1,S.J,10,10,55.34,56.25,9,7,54.55,6,5,64.86,72,39,52.35,78,71,51.47,35,33,51.35,19,18,44.83,13,16,S.J,10,10,58.49,100.00,7,0,80.00,4,1,61.11,22,14,56.67,34,26,62.50,25,15,42.86,6,8,18.18,2,9,S.J,10,10,50.55,62.50,5,3,64.29,9,5,58.62,34,24,44.83,39,48,51.16,22,21,36.00,9,16,54.55,6,5,2018,Regular,From
STL,10,15,64.86,50.00,1,1,50.00,1,1,80.00,4,1,72.73,8,3,63.64,7,4,50.00,4,4,50.00,1,1,STL,10,15,49.97,41.67,5,7,38.10,8,13,51.16,22,21,51.53,84,79,53.04,61,54,32.69,17,35,47.73,21,23,STL,10,15,52.62,100.00,1,0,50.00,2,2,52.00,13,12,55.10,27,22,50.00,28,28,42.42,14,19,50.00,5,5,STL,10,15,43.86,100.00,3,0,16.67,1,5,59.26,16,11,44.44,36,45,44.07,26,33,29.41,10,24,25.00,5,15,2018,Regular,From
T.B,10,17,65.94,0.00,0,0,100.00,3,0,75.00,3,1,63.64,7,4,64.29,9,5,25.00,2,6,100.00,4,0,T.B,10,17,45.70,0.00,0,0,90.91,10,1,60.00,15,10,47.14,66,74,44.52,69,86,26.67,24,66,35.29,12,22,T.B,10,17,51.99,0.00,0,0,77.78,7,2,65.38,17,9,48.21,27,29,51.76,44,41,30.30,10,23,43.75,7,9,T.B,10,17,52.71,0.00,0,0,60.00,3,2,58.33,7,5,48.57,34,36,50.75,34,33,45.16,14,17,56.25,9,7,2018,Regular,From
TOR,10,14,52.71,100.00,1,0,50.00,5,5,36.36,4,7,56.25,9,7,62.50,5,3,50.00,4,4,57.14,4,3,TOR,10,14,49.81,62.96,17,10,64.71,44,24,59.42,41,28,44.52,65,81,43.06,31,41,36.00,18,32,48.57,17,18,TOR,10,14,53.63,75.00,9,3,65.52,19,10,48.39,15,16,53.25,41,36,37.50,6,10,50.00,8,8,52.38,11,10,TOR,10,14,55.31,55.56,5,4,62.07,18,11,61.90,26,16,57.83,48,35,44.44,12,15,43.75,7,9,48.00,12,13,2018,Regular,From
VAN,10,13,58.38,66.67,2,1,50.00,1,1,60.00,3,2,57.14,8,6,50.00,4,4,100.00,3,0,33.33,1,2,VAN,10,13,50.47,70.37,19,8,63.16,12,7,65.00,26,14,48.17,79,85,36.14,30,53,54.55,24,20,40.00,14,21,VAN,10,13,46.75,41.67,5,7,52.94,9,8,50.00,6,6,55.70,44,35,33.33,8,16,36.36,8,14,30.43,7,16,VAN,10,13,46.69,61.54,8,5,64.29,9,5,61.54,8,5,52.94,36,32,40.00,12,18,22.22,4,14,13.33,2,13,2018,Regular,From
VGK,10,16,61.16,0.00,0,1,0.00,0,2,71.43,5,2,66.67,10,5,55.56,5,4,75.00,3,1,57.14,4,3,VGK,10,16,45.24,66.67,4,2,57.14,4,3,52.44,43,39,39.02,64,100,47.06,40,45,40.00,12,18,40.00,30,45,VGK,10,16,53.20,0.00,0,1,100.00,2,0,62.50,30,18,49.25,33,34,50.00,20,20,61.54,8,5,38.71,12,19,VGK,10,16,49.00,50.00,2,2,71.43,5,2,51.61,32,30,48.53,33,35,34.09,15,29,50.00,10,10,50.00,23,23,2018,Regular,From
WPG,10,12,49.90,33.33,2,4,25.00,1,3,33.33,2,4,61.54,8,5,66.67,6,3,20.00,1,4,100.00,3,0,WPG,10,12,47.70,44.44,20,25,100.00,6,0,42.31,11,15,53.04,96,85,34.69,34,64,51.72,30,28,32.14,9,19,WPG,10,12,45.80,37.50,6,10,0.00,0,1,40.00,4,6,45.16,28,34,48.78,20,21,50.00,10,10,35.29,6,11,WPG,10,12,46.74,60.00,24,16,100.00,2,0,71.43,10,4,42.31,44,60,30.77,12,27,44.12,15,19,54.55,6,5,2018,Regular,From
WSH,10,9,47.23,50.00,4,4,50.00,3,3,71.43,5,2,30.00,3,7,50.00,2,2,0.00,0,3,100.00,3,0,WSH,10,9,47.50,59.57,28,19,56.60,30,23,57.14,44,33,44.97,67,82,46.88,15,17,40.00,6,9,28.89,13,32,WSH,10,9,46.34,61.54,16,10,62.96,17,10,51.72,15,14,41.77,33,46,33.33,6,12,54.55,6,5,31.82,7,15,WSH,10,9,58.12,81.82,18,4,58.82,20,14,66.67,34,17,60.00,45,30,35.71,5,9,37.50,3,5,38.89,7,11,2018,Regular,From
ANA,9,9,49.28,50.00,3,3,75.00,3,1,37.50,3,5,38.46,5,8,66.67,2,1,75.00,3,1,50.00,2,2,ANA,9,9,48.96,78.26,18,5,61.11,11,7,49.23,64,66,49.59,60,61,33.33,15,30,38.71,12,19,54.29,19,16,ANA,9,9,48.47,75.00,6,2,58.33,7,5,61.67,37,23,41.18,21,30,43.75,7,9,26.67,4,11,25.00,2,6,ANA,9,9,45.37,71.43,5,2,40.00,4,6,51.61,32,30,43.75,28,36,16.67,3,15,53.33,8,7,54.55,6,5,2018,Regular,From
ARI,9,1,32.58,66.67,2,1,40.00,2,3,38.46,5,8,35.29,6,11,16.67,1,5,0.00,0,2,0.00,0,1,ARI,9,1,47.50,53.45,31,27,54.55,12,10,51.09,47,45,50.64,79,77,40.43,38,56,0.00,0,2,0.00,0,1,ARI,9,1,50.48,66.67,20,10,56.25,9,7,62.22,28,17,47.37,36,40,39.02,16,25,0.00,0,1,0.00,0,1,ARI,9,1,49.38,46.43,13,15,42.86,6,8,50.00,28,28,52.11,37,34,52.83,28,25,100.00,1,0,0.00,0,0,2018,Regular,From
BOS,9,10,42.61,50.00,1,1,25.00,1,3,50.00,3,3,33.33,4,8,40.00,2,3,80.00,4,1,25.00,1,3,BOS,9,10,50.05,63.16,12,7,53.66,22,19,40.00,12,18,53.13,68,60,46.97,31,35,41.51,22,31,44.90,22,27,BOS,9,10,53.52,80.00,4,1,58.82,10,7,61.54,8,5,45.78,38,45,60.00,12,8,55.56,20,16,46.43,13,15,BOS,9,10,52.33,70.59,12,5,58.33,7,5,33.33,6,12,50.77,33,32,50.00,16,16,55.56,15,12,45.83,11,13,2018,Regular,From
BUF,9,6,41.28,57.14,4,3,14.29,1,6,62.50,5,3,46.67,7,8,25.00,1,3,0.00,0,0,0.00,0,0,BUF,9,6,48.41,48.15,26,28,63.89,23,13,51.72,45,42,43.52,47,61,50.48,53,52,0.00,0,0,0.00,0,0,BUF,9,6,44.41,69.23,18,8,25.00,3,9,39.13,18,28,48.89,22,23,42.11,16,22,0.00,0,0,0.00,0,0,BUF,9,6,47.81,70.00,14,6,50.00,10,10,61.11,33,21,33.33,20,40,47.37,18,20,0.00,0,0,0.00,0,0,2018,Regular,From
CAR,9,9,44.24,50.00,2,2,50.00,2,2,50.00,4,4,38.46,5,8,66.67,4,2,20.00,1,4,0.00,0,0,CAR,9,9,51.77,57.89,11,8,70.37,19,8,59.76,49,33,50.80,95,92,50.00,23,23,37.50,24,40,41.18,7,10,CAR,9,9,52.59,33.33,3,6,50.00,4,4,57.14,24,18,60.42,58,38,46.67,7,8,43.48,10,13,0.00,0,8,CAR,9,9,59.75,70.00,7,3,100.00,14,0,70.27,26,11,54.20,71,60,61.54,16,10,48.15,13,14,42.86,3,4,2018,Regular,From
CBJ,9,12,60.35,50.00,1,1,50.00,2,2,62.50,5,3,50.00,7,7,62.50,5,3,75.00,3,1,80.00,4,1,CBJ,9,12,57.23,72.22,13,5,72.22,39,15,63.51,47,27,54.88,90,74,46.84,37,42,52.17,12,11,50.91,28,27,CBJ,9,12,53.39,71.43,5,2,57.14,4,3,53.33,16,14,45.28,24,29,58.33,14,10,53.85,7,6,54.17,13,11,CBJ,9,12,52.90,42.86,3,4,57.89,11,8,59.46,22,15,61.36,54,34,33.33,10,20,45.45,5,6,40.00,14,21,2018,Regular,From
CGY,9,10,48.11,0.00,0,2,75.00,3,1,50.00,3,3,37.50,3,5,57.14,4,3,66.67,2,1,0.00,0,1,CGY,9,10,46.76,50.00,6,6,51.61,32,30,44.90,44,54,50.00,78,78,42.86,15,20,42.50,17,23,45.45,10,12,CGY,9,10,48.84,75.00,6,2,52.00,13,12,47.22,17,19,44.87,35,43,50.00,7,7,50.00,9,9,66.67,6,3,CGY,9,10,53.96,100.00,9,0,69.23,27,12,50.00,25,25,52.00,39,36,42.86,6,8,50.00,9,9,33.33,3,6,2018,Regular,From
CHI,9,12,60.64,0.00,0,2,0.00,0,3,75.00,3,1,57.14,8,6,60.00,3,2,60.00,3,2,88.89,8,1,CHI,9,12,44.86,40.00,8,12,66.67,2,1,30.23,13,30,46.28,87,101,44.44,20,25,37.68,26,43,47.69,31,34,CHI,9,12,44.40,71.43,5,2,28.57,2,5,50.00,7,7,49.35,38,39,43.48,10,13,19.05,4,17,35.29,6,11,CHI,9,12,55.64,81.82,9,2,71.43,5,2,53.33,16,14,55.43,51,41,53.57,15,13,35.14,13,24,60.61,20,13,2018,Regular,From
COL,9,10,59.61,0.00,0,0,75.00,3,1,20.00,1,4,70.00,7,3,55.56,5,4,75.00,3,1,50.00,1,1,COL,9,10,50.75,45.45,5,6,64.10,25,14,59.32,35,24,44.55,49,61,52.63,50,45,40.91,18,26,36.84,7,12,COL,9,10,40.53,44.44,4,5,50.00,10,10,42.11,8,11,37.50,18,30,40.91,18,26,36.00,9,16,20.00,1,4,COL,9,10,50.39,14.29,1,6,66.67,6,3,60.00,12,8,53.57,30,26,53.85,28,24,28.57,4,10,29.41,5,12,2018,Regular,From
DAL,9,10,47.83,100.00,1,0,33.33,1,2,20.00,1,4,61.54,8,5,58.33,7,5,16.67,1,5,33.33,1,2,DAL,9,10,57.07,62.96,17,10,85.00,17,3,54.55,30,25,63.08,82,48,51.08,71,68,32.14,9,19,47.06,8,9,DAL,9,10,57.87,0.00,0,3,69.23,9,4,43.48,10,13,67.50,27,13,52.46,32,29,63.16,12,7,57.14,4,3,DAL,9,10,52.11,70.00,7,3,70.00,7,3,53.33,16,14,61.02,36,23,47.89,34,37,24.00,6,19,33.33,3,6,2018,Regular,From
DET,9,9,45.12,100.00,1,0,50.00,3,3,50.00,5,5,41.67,5,7,37.50,3,5,50.00,1,1,0.00,0,0,DET,9,9,47.18,38.89,7,11,66.10,39,20,48.48,32,34,49.26,100,103,28.57,10,25,35.00,7,13,0.00,0,2,DET,9,9,52.32,76.92,10,3,43.48,10,13,52.94,18,16,58.97,46,32,42.31,11,15,20.00,1,4,0.00,0,0,DET,9,9,50.77,80.00,4,1,66.67,16,8,50.00,16,16,51.14,45,43,42.86,9,12,30.00,3,7,0.00,0,0,2018,Regular,From
EDM,9,7,48.36,50.00,1,1,66.67,2,1,55.56,5,4,40.00,6,9,50.00,1,1,100.00,1,0,0.00,0,0,EDM,9,7,55.06,59.52,25,17,58.10,61,44,62.50,55,33,52.38,88,80,59.52,25,17,75.00,6,2,0.00,0,0,EDM,9,7,60.06,82.35,14,3,62.16,23,14,62.07,18,11,56.45,35,27,56.52,13,10,80.00,4,1,0.00,0,0,EDM,9,7,53.78,68.18,15,7,66.07,37,19,46.67,21,24,55.08,65,53,63.16,12,7,0.00,0,9,0.00,0,0,2018,Regular,From
FLA,9,8,51.13,0.00,0,3,75.00,3,1,50.00,6,6,50.00,5,5,75.00,3,1,50.00,2,2,50.00,4,4,FLA,9,8,50.61,45.16,14,17,66.67,16,8,62.50,75,45,57.14,64,48,28.57,10,25,36.36,20,35,32.50,13,27,FLA,9,8,49.57,57.14,4,3,52.38,11,10,54.17,26,22,53.57,15,13,58.33,7,5,34.78,8,15,40.00,4,6,FLA,9,8,44.97,63.64,7,4,57.14,8,6,45.45,20,24,48.28,28,30,42.11,8,11,40.00,12,18,15.38,2,11,2018,Regular,From
L.A,9,15,62.61,0.00,0,0,100.00,2,0,66.67,4,2,66.67,10,5,41.67,5,7,66.67,2,1,100.00,1,0,L.A,9,15,52.94,0.00,0,0,53.57,15,13,54.79,40,33,55.72,112,89,50.00,50,50,23.08,3,10,43.75,7,9,L.A,9,15,49.54,0.00,0,0,33.33,3,6,42.31,11,15,61.05,58,37,35.48,11,20,33.33,3,6,22.22,2,7,L.A,9,15,50.43,0.00,0,0,45.45,5,6,60.00,18,12,54.00,54,46,46.81,22,25,14.29,2,12,44.44,4,5,2018,Regular,From
MIN,9,10,55.35,0.00,0,0,100.00,2,0,71.43,5,2,58.33,7,5,40.00,4,6,50.00,2,2,33.33,2,4,MIN,9,10,47.79,0.00,0,0,78.95,15,4,68.18,30,14,42.48,96,130,44.71,38,47,25.00,5,15,52.17,12,11,MIN,9,10,44.58,0.00,0,0,60.00,3,2,52.94,9,8,44.44,36,45,29.63,8,19,66.67,6,3,28.57,2,5,MIN,9,10,44.02,0.00,0,0,60.00,3,2,66.67,10,5,45.54,46,55,42.55,20,27,11.11,1,8,17.65,3,14,2018,Regular,From
MTL,9,5,26.22,16.67,1,5,0.00,0,4,33.33,2,4,26.67,4,11,25.00,1,3,100.00,1,0,100.00,1,0,MTL,9,5,52.96,63.64,42,24,62.86,44,26,45.13,51,62,54.94,89,73,65.22,15,8,40.00,2,3,58.33,7,5,MTL,9,5,53.53,60.87,14,9,77.42,24,7,38.46,10,16,48.28,28,30,54.55,6,5,71.43,5,2,0.00,0,0,MTL,9,5,55.47,45.45,10,12,70.00,35,15,58.54,24,17,53.57,45,39,50.00,7,7,66.67,4,2,66.67,2,1,2018,Regular,From
N.J,9,14,55.71,0.00,0,0,75.00,3,1,42.86,3,4,64.29,9,5,28.57,2,5,60.00,3,2,66.67,2,1,N.J,9,14,46.41,45.45,10,12,57.14,12,9,50.77,33,32,48.04,49,53,49.38,40,41,23.64,13,42,45.45,20,24,N.J,9,14,52.89,66.67,6,3,37.50,3,5,54.29,19,16,47.83,22,24,60.87,28,18,42.86,9,12,43.75,7,9,N.J,9,14,44.43,50.00,4,4,57.14,4,3,62.50,20,12,42.31,22,30,40.00,14,21,19.05,4,17,44.44,4,5,2018,Regular,From
NSH,9,10,44.84,0.00,0,1,75.00,3,1,42.86,3,4,16.67,1,5,60.00,3,2,60.00,3,2,0.00,0,1,NSH,9,10,51.03,33.33,8,16,48.28,14,15,63.79,37,21,54.73,81,67,48.48,32,34,38.46,15,24,40.00,4,6,NSH,9,10,59.45,77.78,7,2,55.56,10,8,55.17,16,13,71.01,49,20,48.28,14,15,38.89,7,11,50.00,4,4,NSH,9,10,49.65,42.86,3,4,61.11,11,7,58.82,20,14,46.88,30,34,47.22,17,19,35.00,7,13,55.56,5,4,2018,Regular,From
NYI,9,11,58.98,0.00,0,1,75.00,3,1,75.00,6,2,58.33,7,5,50.00,5,5,50.00,2,2,50.00,1,1,NYI,9,11,46.88,57.69,15,11,48.72,19,20,58.65,61,43,44.04,48,61,33.96,36,70,51.52,17,16,54.55,6,5,NYI,9,11,49.27,46.15,6,7,60.87,14,9,58.54,24,17,52.94,18,16,38.71,12,19,43.75,7,9,25.00,2,6,NYI,9,11,52.70,52.94,9,8,53.85,14,12,64.00,32,18,54.41,37,31,37.25,19,32,61.90,13,8,50.00,2,2,2018,Regular,From
NYR,9,6,39.99,0.00,0,1,80.00,4,1,44.44,4,5,31.25,5,11,50.00,3,3,0.00,0,2,0.00,0,0,NYR,9,6,48.84,54.55,6,5,61.29,38,24,56.10,69,54,48.82,62,65,37.14,26,44,20.00,2,8,0.00,0,0,NYR,9,6,44.05,50.00,5,5,59.38,19,13,60.53,23,15,32.65,16,33,35.29,12,22,33.33,2,4,0.00,0,0,NYR,9,6,47.80,40.00,2,3,61.76,21,13,65.91,29,15,46.03,29,34,27.50,11,29,38.46,5,8,0.00,0,0,2018,Regular,From
OTT,9,12,55.84,0.00,0,0,0.00,0,1,80.00,4,1,53.85,7,6,45.45,5,6,50.00,3,3,60.00,3,2,OTT,9,12,49.89,100.00,1,0,38.46,5,8,51.72,30,28,54.08,106,90,45.71,32,38,28.21,11,28,45.65,21,25,OTT,9,12,45.23,0.00,0,2,80.00,4,1,47.62,10,11,43.75,42,54,54.55,18,15,46.15,6,7,21.74,5,18,OTT,9,12,35.04,100.00,1,0,57.14,4,3,40.00,8,12,40.38,42,62,21.43,9,33,28.57,6,15,20.00,6,24,2018,Regular,From
PHI,9,10,59.37,66.67,2,1,33.33,1,2,0.00,0,2,75.00,9,3,33.33,2,4,50.00,2,2,83.33,5,1,PHI,9,10,51.35,54.55,6,5,77.78,7,2,61.11,33,21,49.10,82,85,40.24,33,49,52.63,10,9,54.05,20,17,PHI,9,10,42.27,100.00,4,0,33.33,2,4,42.86,9,12,42.11,32,44,33.33,13,26,57.14,4,3,36.84,7,12,PHI,9,10,45.69,75.00,6,2,60.00,3,2,65.00,13,7,43.00,43,57,41.51,22,31,36.36,4,7,27.78,5,13,2018,Regular,From
PIT,9,11,34.93,0.00,0,10,50.00,2,2,50.00,5,5,45.45,5,6,50.00,3,3,20.00,1,4,100.00,1,0,PIT,9,11,51.73,51.90,41,38,67.50,27,13,41.94,26,36,53.26,49,43,49.12,56,58,50.00,19,19,66.67,16,8,PIT,9,11,44.38,62.50,15,9,71.43,15,6,38.89,14,22,38.10,8,13,43.48,20,26,26.32,5,14,22.22,2,7,PIT,9,11,45.01,39.02,16,25,38.89,7,11,51.85,14,13,52.27,23,21,47.83,22,24,34.78,8,15,57.14,4,3,2018,Regular,From
S.J,9,8,46.20,0.00,0,0,66.67,2,1,28.57,2,5,46.15,6,7,28.57,2,5,100.00,3,0,50.00,1,1,S.J,9,8,55.34,56.25,9,7,54.55,6,5,63.55,68,39,50.00,60,60,57.63,34,25,51.35,19,18,44.83,13,16,S.J,9,8,59.35,100.00,7,0,80.00,4,1,61.11,22,14,58.00,29,21,64.10,25,14,42.86,6,8,18.18,2,9,S.J,9,8,50.49,62.50,5,3,64.29,9,5,57.89,33,24,44.16,34,43,52.78,19,17,36.00,9,16,54.55,6,5,2018,Regular,From
STL,9,13,65.18,50.00,1,1,50.00,1,1,75.00,3,1,80.00,8,2,60.00,6,4,50.00,3,3,50.00,1,1,STL,9,13,49.81,41.67,5,7,38.10,8,13,55.88,19,15,53.55,83,72,49.47,47,48,30.61,15,34,47.73,21,23,STL,9,13,53.36,100.00,1,0,50.00,2,2,57.14,12,9,54.55,24,20,52.27,23,21,40.00,12,18,50.00,5,5,STL,9,13,43.01,100.00,3,0,16.67,1,5,54.55,12,10,42.11,32,44,44.90,22,27,33.33,9,18,25.00,5,15,2018,Regular,From
T.B,9,15,63.52,0.00,0,0,100.00,3,0,75.00,3,1,63.64,7,4,58.33,7,5,16.67,1,5,100.00,3,0,T.B,9,15,45.57,0.00,0,0,90.91,10,1,60.00,15,10,46.51,60,69,43.80,60,77,25.00,18,54,37.50,12,20,T.B,9,15,54.85,0.00,0,0,77.78,7,2,65.38,17,9,57.45,27,20,55.41,41,33,25.93,7,20,35.71,5,9,T.B,9,15,55.38,0.00,0,0,60.00,3,2,58.33,7,5,47.62,30,33,53.33,32,28,58.33,14,10,60.00,9,6,2018,Regular,From
TOR,9,14,56.68,100.00,1,0,42.86,3,4,42.86,3,4,64.29,9,5,62.50,5,3,50.00,4,4,57.14,4,3,TOR,9,14,50.60,68.18,15,7,73.33,33,12,65.22,30,16,43.28,58,76,43.06,31,41,36.00,18,32,48.57,17,18,TOR,9,14,55.48,57.14,4,3,76.47,13,4,54.55,12,10,55.71,39,31,37.50,6,10,50.00,8,8,52.38,11,10,TOR,9,14,57.41,50.00,3,3,65.22,15,8,70.37,19,8,60.26,47,31,44.44,12,15,43.75,7,9,48.00,12,13,2018,Regular,From
VAN,9,11,57.35,66.67,2,1,50.00,1,1,60.00,3,2,53.85,7,6,50.00,4,4,100.00,2,0,0.00,0,0,VAN,9,11,50.33,70.37,19,8,63.16,12,7,65.00,26,14,46.79,73,83,36.59,30,52,52.38,22,20,50.00,6,6,VAN,9,11,46.69,41.67,5,7,52.94,9,8,50.00,6,6,56.52,39,30,33.33,8,16,33.33,7,14,27.27,3,8,VAN,9,11,48.24,61.54,8,5,64.29,9,5,61.54,8,5,53.13,34,30,37.93,11,18,23.53,4,13,16.67,1,5,2018,Regular,From
VGK,9,16,67.50,0.00,0,0,0.00,0,1,83.33,5,1,66.67,10,5,62.50,5,3,75.00,3,1,57.14,4,3,VGK,9,16,43.77,100.00,2,0,33.33,1,2,52.50,42,38,38.06,59,96,42.62,26,35,40.00,12,18,40.00,30,45,VGK,9,16,52.75,0.00,0,0,100.00,2,0,62.50,30,18,50.00,31,31,42.86,12,16,61.54,8,5,38.71,12,19,VGK,9,16,48.41,0.00,0,0,100.00,3,0,49.12,28,29,47.54,29,32,32.43,12,25,50.00,10,10,50.00,23,23,2018,Regular,From
WPG,9,10,41.64,33.33,2,4,25.00,1,3,33.33,2,4,58.33,7,5,62.50,5,3,0.00,0,4,0.00,0,0,WPG,9,10,48.16,44.44,20,25,100.00,6,0,42.31,11,15,53.04,96,85,34.44,31,59,50.91,28,27,0.00,0,1,WPG,9,10,44.79,37.50,6,10,0.00,0,1,40.00,4,6,45.16,28,34,45.71,16,19,47.37,9,10,0.00,0,0,WPG,9,10,45.36,60.00,24,16,100.00,2,0,71.43,10,4,42.31,44,60,26.47,9,25,43.75,14,18,0.00,0,1,2018,Regular,From
WSH,9,9,48.97,40.00,2,3,60.00,3,2,71.43,5,2,33.33,3,6,50.00,2,2,0.00,0,3,100.00,3,0,WSH,9,9,47.46,54.17,13,11,58.82,30,21,56.58,43,33,46.10,65,76,46.88,15,17,40.00,6,9,28.89,13,32,WSH,9,9,45.55,57.14,8,6,65.38,17,9,51.72,15,14,40.58,28,41,33.33,6,12,54.55,6,5,31.82,7,15,WSH,9,9,57.29,76.92,10,3,57.58,19,14,68.00,34,16,60.56,43,28,35.71,5,9,37.50,3,5,38.89,7,11,2018,Regular,From
ANA,8,9,55.15,100.00,1,0,100.00,2,0,42.86,3,4,41.67,5,7,66.67,2,1,75.00,3,1,50.00,2,2,ANA,8,9,47.62,100.00,1,0,66.67,10,5,48.39,60,64,49.59,60,61,33.33,15,30,38.71,12,19,54.29,19,16,ANA,8,9,48.49,100.00,1,0,54.55,6,5,64.81,35,19,42.00,21,29,43.75,7,9,26.67,4,11,25.00,2,6,ANA,8,9,44.34,0.00,0,0,37.50,3,5,50.82,31,30,43.75,28,36,16.67,3,15,53.33,8,7,54.55,6,5,2018,Regular,From
ARI,8,1,32.73,66.67,2,1,40.00,2,3,30.00,3,7,40.00,6,9,20.00,1,4,0.00,0,2,0.00,0,1,ARI,8,1,46.13,53.45,31,27,54.55,12,10,46.84,37,42,48.23,68,73,42.31,33,45,0.00,0,2,0.00,0,1,ARI,8,1,49.52,66.67,20,10,60.00,9,6,60.00,24,16,47.14,33,37,35.14,13,24,0.00,0,1,0.00,0,1,ARI,8,1,50.05,46.43,13,15,42.86,6,8,48.94,23,24,56.67,34,26,52.27,23,21,100.00,1,0,0.00,0,0,2018,Regular,From
BOS,8,9,43.30,50.00,1,1,25.00,1,3,50.00,3,3,30.00,3,7,50.00,2,2,80.00,4,1,25.00,1,3,BOS,8,9,49.01,63.16,12,7,53.66,22,19,40.00,12,18,51.25,41,39,46.15,30,35,41.51,22,31,44.90,22,27,BOS,8,9,52.58,80.00,4,1,58.82,10,7,61.54,8,5,40.68,24,35,58.82,10,7,55.56,20,16,46.43,13,15,BOS,8,9,54.98,70.59,12,5,58.33,7,5,33.33,6,12,60.98,25,16,50.00,16,16,55.56,15,12,45.83,11,13,2018,Regular,From
BUF,8,4,37.32,40.00,2,3,0.00,0,4,57.14,4,3,46.15,6,7,25.00,1,3,0.00,0,0,0.00,0,0,BUF,8,4,46.88,47.62,20,22,50.00,9,9,51.28,40,38,41.11,37,53,50.48,53,52,0.00,0,0,0.00,0,0,BUF,8,4,45.93,77.27,17,5,40.00,2,3,38.64,17,27,46.15,18,21,42.11,16,22,0.00,0,0,0.00,0,0,BUF,8,4,47.19,71.43,10,4,50.00,6,6,59.57,28,19,32.00,16,34,47.37,18,20,0.00,0,0,0.00,0,0,2018,Regular,From
CAR,8,9,45.23,50.00,2,2,50.00,2,2,42.86,3,4,45.45,5,6,66.67,4,2,20.00,1,4,0.00,0,0,CAR,8,9,52.93,57.89,11,8,70.37,19,8,61.64,45,28,52.90,73,65,50.00,23,23,37.50,24,40,41.18,7,10,CAR,8,9,54.90,33.33,3,6,50.00,4,4,61.11,22,14,66.22,49,25,46.67,7,8,43.48,10,13,0.00,0,8,CAR,8,9,60.44,70.00,7,3,100.00,14,0,70.59,24,10,52.94,45,40,61.54,16,10,48.15,13,14,42.86,3,4,2018,Regular,From
CBJ,8,10,57.22,50.00,1,1,50.00,2,2,62.50,5,3,50.00,7,7,57.14,4,3,66.67,2,1,100.00,2,0,CBJ,8,10,57.96,72.22,13,5,72.22,39,15,63.51,47,27,55.26,84,68,50.00,24,24,50.00,11,11,48.72,19,20,CBJ,8,10,52.55,71.43,5,2,57.14,4,3,53.33,16,14,44.90,22,27,66.67,10,5,50.00,6,6,50.00,9,9,CBJ,8,10,52.78,42.86,3,4,57.89,11,8,59.46,22,15,60.47,52,34,26.32,5,14,45.45,5,6,40.00,12,18,2018,Regular,From
CGY,8,8,44.92,0.00,0,2,66.67,2,1,40.00,2,3,37.50,3,5,57.14,4,3,66.67,2,1,0.00,0,1,CGY,8,8,46.62,50.00,6,6,46.43,13,15,44.90,44,54,50.72,70,68,42.86,15,20,42.50,17,23,45.45,10,12,CGY,8,8,47.66,75.00,6,2,28.57,4,10,47.22,17,19,45.83,33,39,50.00,7,7,50.00,9,9,66.67,6,3,CGY,8,8,53.85,100.00,9,0,75.00,15,5,53.19,25,22,50.00,36,36,42.86,6,8,50.00,9,9,33.33,3,6,2018,Regular,From
CHI,8,10,60.52,0.00,0,2,0.00,0,3,75.00,3,1,54.55,6,5,66.67,2,1,60.00,3,2,88.89,8,1,CHI,8,10,43.99,40.00,8,12,66.67,2,1,30.23,13,30,45.33,68,82,43.59,17,22,36.36,24,42,47.69,31,34,CHI,8,10,43.07,71.43,5,2,28.57,2,5,50.00,7,7,43.64,24,31,61.54,8,5,20.00,4,16,35.29,6,11,CHI,8,10,55.29,81.82,9,2,71.43,5,2,53.33,16,14,56.94,41,31,45.00,9,11,35.14,13,24,60.61,20,13,2018,Regular,From
COL,8,8,58.18,0.00,0,0,75.00,3,1,0.00,0,4,71.43,5,2,50.00,3,3,100.00,3,0,50.00,1,1,COL,8,8,51.94,45.45,5,6,64.10,25,14,58.62,34,24,44.68,42,52,56.52,39,30,45.71,16,19,36.84,7,12,COL,8,8,40.49,44.44,4,5,50.00,10,10,42.11,8,11,38.64,17,27,36.84,14,24,43.75,7,9,20.00,1,4,COL,8,8,51.36,14.29,1,6,66.67,6,3,61.11,11,7,55.10,27,22,54.76,23,19,33.33,3,6,29.41,5,12,2018,Regular,From
DAL,8,10,50.59,100.00,1,0,0.00,0,2,0.00,0,2,70.00,7,3,63.64,7,4,16.67,1,5,33.33,1,2,DAL,8,10,57.11,62.96,17,10,90.91,10,1,51.72,15,14,64.04,73,41,51.45,71,67,32.14,9,19,47.06,8,9,DAL,8,10,57.70,0.00,0,3,50.00,2,2,47.06,8,9,66.67,24,12,52.46,32,29,63.16,12,7,57.14,4,3,DAL,8,10,51.64,70.00,7,3,60.00,3,2,55.00,11,9,61.54,32,20,47.83,33,36,24.00,6,19,33.33,3,6,2018,Regular,From
DET,8,9,49.26,100.00,1,0,60.00,3,2,50.00,4,4,50.00,5,5,37.50,3,5,50.00,1,1,0.00,0,0,DET,8,9,48.63,28.57,2,5,69.81,37,16,50.00,29,29,50.55,92,90,28.57,10,25,35.00,7,13,0.00,0,2,DET,8,9,51.56,50.00,2,2,45.45,10,12,53.33,16,14,60.87,42,27,42.31,11,15,20.00,1,4,0.00,0,0,DET,8,9,50.26,0.00,0,0,63.64,14,8,48.28,14,15,53.25,41,36,42.86,9,12,30.00,3,7,0.00,0,0,2018,Regular,From
EDM,8,5,40.37,50.00,1,1,66.67,2,1,50.00,4,4,18.18,2,9,100.00,1,0,100.00,1,0,0.00,0,0,EDM,8,5,54.60,59.52,25,17,58.10,61,44,60.71,51,33,52.24,70,64,57.50,23,17,75.00,6,2,0.00,0,0,EDM,8,5,61.04,82.35,14,3,62.16,23,14,64.29,18,10,57.45,27,20,55.56,10,8,80.00,4,1,0.00,0,0,EDM,8,5,52.58,68.18,15,7,66.07,37,19,46.67,21,24,52.94,45,40,64.29,9,5,0.00,0,9,0.00,0,0,2018,Regular,From
FLA,8,6,45.86,0.00,0,3,75.00,3,1,50.00,6,6,44.44,4,5,66.67,2,1,50.00,1,1,33.33,1,2,FLA,8,6,51.88,45.16,14,17,66.67,16,8,62.50,75,45,57.14,64,48,27.59,8,21,34.62,18,34,44.44,8,10,FLA,8,6,49.33,57.14,4,3,52.38,11,10,54.17,26,22,51.85,14,13,50.00,3,3,36.36,8,14,66.67,2,1,FLA,8,6,45.47,63.64,7,4,57.14,8,6,45.45,20,24,48.28,28,30,44.44,8,10,39.29,11,17,0.00,0,6,2018,Regular,From
L.A,8,13,62.22,0.00,0,0,100.00,2,0,60.00,3,2,64.29,9,5,45.45,5,6,66.67,2,1,100.00,1,0,L.A,8,13,51.57,0.00,0,0,53.57,15,13,53.97,34,29,54.43,86,72,48.42,46,49,23.08,3,10,43.75,7,9,L.A,8,13,49.86,0.00,0,0,33.33,3,6,47.83,11,12,61.25,49,31,36.67,11,19,33.33,3,6,22.22,2,7,L.A,8,13,49.94,0.00,0,0,45.45,5,6,57.14,16,12,56.25,45,35,44.44,20,25,14.29,2,12,44.44,4,5,2018,Regular,From
MIN,8,8,53.11,0.00,0,0,100.00,2,0,66.67,4,2,54.55,6,5,40.00,4,6,50.00,2,2,33.33,2,4,MIN,8,8,47.90,0.00,0,0,78.95,15,4,66.67,28,14,43.08,84,111,42.86,30,40,25.00,5,15,52.17,12,11,MIN,8,8,45.85,0.00,0,0,60.00,3,2,56.25,9,7,44.93,31,38,32.00,8,17,66.67,6,3,28.57,2,5,MIN,8,8,46.15,0.00,0,0,60.00,3,2,71.43,10,4,49.40,41,42,43.18,19,25,11.11,1,8,17.65,3,14,2018,Regular,From
MTL,8,3,19.68,16.67,1,5,0.00,0,4,33.33,2,4,28.57,4,10,0.00,0,3,0.00,0,0,0.00,0,0,MTL,8,3,53.01,63.64,42,24,62.86,44,26,44.66,46,57,55.71,78,62,65.22,15,8,0.00,0,0,0.00,0,0,MTL,8,3,50.73,60.87,14,9,77.42,24,7,36.00,9,16,44.44,24,30,54.55,6,5,0.00,0,0,0.00,0,0,MTL,8,3,53.57,45.45,10,12,70.00,35,15,59.38,19,13,50.00,36,36,50.00,7,7,0.00,0,0,0.00,0,0,2018,Regular,From
N.J,8,12,58.28,0.00,0,0,66.67,2,1,50.00,3,3,66.67,8,4,20.00,1,4,75.00,3,1,66.67,2,1,N.J,8,12,46.71,45.45,10,12,57.14,12,9,55.77,29,23,46.07,41,48,48.61,35,37,25.49,13,38,45.45,20,24,N.J,8,12,52.67,66.67,6,3,28.57,2,5,53.57,15,13,47.50,19,21,63.16,24,14,42.86,9,12,43.75,7,9,N.J,8,12,44.18,50.00,4,4,57.14,4,3,56.00,14,11,42.55,20,27,41.38,12,17,23.53,4,13,44.44,4,5,2018,Regular,From
NSH,8,9,47.80,0.00,0,1,75.00,3,1,42.86,3,4,16.67,1,5,75.00,3,1,75.00,3,1,0.00,0,1,NSH,8,9,50.85,33.33,8,16,48.28,14,15,63.79,37,21,54.62,71,59,48.48,32,34,0.00,0,5,40.00,4,6,NSH,8,9,61.53,77.78,7,2,55.56,10,8,55.17,16,13,71.43,45,18,48.28,14,15,71.43,5,2,50.00,4,4,NSH,8,9,50.33,42.86,3,4,61.11,11,7,58.82,20,14,49.18,30,31,42.42,14,19,0.00,0,1,55.56,5,4,2018,Regular,From
NYI,8,9,57.40,0.00,0,1,75.00,3,1,71.43,5,2,50.00,5,5,57.14,4,3,50.00,2,2,50.00,1,1,NYI,8,9,47.60,57.69,15,11,48.72,19,20,56.82,50,38,46.81,44,50,35.48,33,60,51.52,17,16,54.55,6,5,NYI,8,9,50.46,46.15,6,7,60.87,14,9,62.16,23,14,53.57,15,13,42.31,11,15,40.00,6,9,25.00,2,6,NYI,8,9,52.36,52.94,9,8,53.85,14,12,68.29,28,13,50.88,29,28,35.71,15,27,61.90,13,8,50.00,2,2,2018,Regular,From
NYR,8,4,36.46,0.00,0,1,80.00,4,1,44.44,4,5,26.67,4,11,25.00,1,3,0.00,0,0,0.00,0,0,NYR,8,4,49.95,54.55,6,5,61.29,38,24,56.10,69,54,50.00,58,58,40.68,24,35,12.50,1,7,0.00,0,0,NYR,8,4,45.97,50.00,5,5,59.38,19,13,60.53,23,15,35.56,16,29,40.00,10,15,0.00,0,2,0.00,0,0,NYR,8,4,47.76,40.00,2,3,61.76,21,13,65.91,29,15,45.00,27,33,20.83,5,19,28.57,2,5,0.00,0,0,2018,Regular,From
OTT,8,11,57.58,0.00,0,0,0.00,0,1,75.00,3,1,58.33,7,5,50.00,5,5,50.00,3,3,60.00,3,2,OTT,8,11,51.74,100.00,1,0,38.46,5,8,54.72,29,24,58.17,89,64,46.67,28,32,28.21,11,28,45.65,21,25,OTT,8,11,44.36,0.00,0,2,80.00,4,1,45.00,9,11,44.44,36,45,50.00,15,15,46.15,6,7,21.74,5,18,OTT,8,11,33.73,100.00,1,0,57.14,4,3,44.44,8,10,36.90,31,53,22.50,9,31,28.57,6,15,20.00,6,24,2018,Regular,From
PHI,8,10,65.04,100.00,1,0,50.00,1,1,0.00,0,2,80.00,8,2,40.00,2,3,50.00,2,2,83.33,5,1,PHI,8,10,51.12,100.00,2,0,100.00,2,0,60.38,32,21,50.00,79,79,36.49,27,47,52.63,10,9,54.05,20,17,PHI,8,10,41.04,0.00,0,0,0.00,0,3,42.86,9,12,41.33,31,44,36.11,13,23,57.14,4,3,36.84,7,12,PHI,8,10,47.46,100.00,2,0,100.00,1,0,65.00,13,7,43.62,41,53,48.89,22,23,36.36,4,7,27.78,5,13,2018,Regular,From
PIT,8,11,38.59,0.00,0,7,66.67,2,1,50.00,5,5,45.45,5,6,50.00,3,3,20.00,1,4,100.00,1,0,PIT,8,11,51.83,44.68,21,26,66.67,24,12,43.64,24,31,53.85,49,42,49.12,56,58,50.00,19,19,66.67,16,8,PIT,8,11,44.10,60.00,6,4,73.68,14,5,41.94,13,18,38.10,8,13,43.48,20,26,26.32,5,14,22.22,2,7,PIT,8,11,45.93,38.46,10,16,37.50,6,10,50.00,10,10,53.49,23,20,47.83,22,24,34.78,8,15,57.14,4,3,2018,Regular,From
S.J,8,8,47.54,0.00,0,0,66.67,2,1,28.57,2,5,50.00,6,6,28.57,2,5,100.00,3,0,50.00,1,1,S.J,8,8,56.35,56.25,9,7,54.55,6,5,69.57,48,21,50.00,53,53,57.63,34,25,51.35,19,18,44.83,13,16,S.J,8,8,59.89,100.00,7,0,80.00,4,1,66.67,16,8,55.81,24,19,64.10,25,14,42.86,6,8,18.18,2,9,S.J,8,8,51.90,62.50,5,3,64.29,9,5,63.16,24,14,45.83,33,39,52.78,19,17,36.00,9,16,54.55,6,5,2018,Regular,From
STL,8,12,65.12,50.00,1,1,50.00,1,1,66.67,2,1,87.50,7,1,60.00,6,4,50.00,3,3,50.00,1,1,STL,8,12,46.87,41.67,5,7,38.10,8,13,47.37,9,10,50.39,65,64,45.78,38,45,30.61,15,34,47.73,21,23,STL,8,12,54.34,100.00,1,0,50.00,2,2,46.15,6,7,58.33,21,15,56.76,21,16,40.00,12,18,50.00,5,5,STL,8,12,39.94,100.00,3,0,16.67,1,5,30.77,4,9,42.25,30,41,41.46,17,24,33.33,9,18,25.00,5,15,2018,Regular,From
T.B,8,13,58.61,0.00,0,0,100.00,3,0,75.00,3,1,63.64,7,4,58.33,7,5,0.00,0,5,0.00,0,0,T.B,8,13,45.12,0.00,0,0,90.91,10,1,60.00,15,10,46.09,59,69,42.31,55,75,25.00,17,51,0.00,0,0,T.B,8,13,54.99,0.00,0,0,77.78,7,2,65.38,17,9,57.45,27,20,53.62,37,32,24.00,6,19,0.00,0,0,T.B,8,13,54.37,0.00,0,0,60.00,3,2,58.33,7,5,46.77,29,33,54.72,29,24,59.09,13,9,0.00,0,0,2018,Regular,From
TOR,8,12,55.88,100.00,1,0,42.86,3,4,42.86,3,4,61.54,8,5,57.14,4,3,57.14,4,3,57.14,4,3,TOR,8,12,50.86,68.18,15,7,73.33,33,12,65.22,30,16,43.85,57,73,37.14,13,22,36.36,16,28,48.57,17,18,TOR,8,12,56.06,57.14,4,3,76.47,13,4,54.55,12,10,58.46,38,27,28.57,2,5,38.46,5,8,52.38,11,10,TOR,8,12,58.28,50.00,3,3,65.22,15,8,70.37,19,8,60.00,45,30,47.06,8,9,46.15,6,7,48.00,12,13,2018,Regular,From
VAN,8,9,56.03,66.67,2,1,50.00,1,1,60.00,3,2,50.00,6,6,50.00,4,4,100.00,2,0,0.00,0,0,VAN,8,9,50.61,70.37,19,8,63.16,12,7,65.00,26,14,45.69,53,63,36.84,28,48,52.38,22,20,50.00,6,6,VAN,8,9,47.20,41.67,5,7,52.94,9,8,50.00,6,6,60.00,30,20,36.36,8,14,33.33,7,14,27.27,3,8,VAN,8,9,49.39,61.54,8,5,64.29,9,5,61.54,8,5,55.32,26,21,42.31,11,15,23.53,4,13,16.67,1,5,2018,Regular,From
VGK,8,14,61.27,0.00,0,0,0.00,0,1,83.33,5,1,64.29,9,5,57.14,4,3,66.67,2,1,25.00,1,3,VGK,8,14,44.98,100.00,2,0,33.33,1,2,52.50,42,38,39.71,54,82,42.62,26,35,40.00,12,18,42.86,24,32,VGK,8,14,50.15,0.00,0,0,100.00,2,0,62.50,30,18,47.17,25,28,42.86,12,16,58.33,7,5,23.81,5,16,VGK,8,14,47.98,0.00,0,0,100.00,3,0,49.12,28,29,50.00,26,26,32.43,12,25,50.00,10,10,46.88,15,17,2018,Regular,From
WPG,8,9,42.22,33.33,2,4,25.00,1,3,33.33,2,4,60.00,6,4,71.43,5,2,0.00,0,4,0.00,0,0,WPG,8,9,47.70,44.44,20,25,100.00,6,0,42.31,11,15,50.93,82,79,33.90,20,39,50.91,28,27,0.00,0,1,WPG,8,9,45.33,37.50,6,10,0.00,0,1,40.00,4,6,44.64,25,31,55.56,10,8,47.37,9,10,0.00,0,0,WPG,8,9,45.63,60.00,24,16,100.00,2,0,71.43,10,4,42.27,41,56,19.05,4,17,43.75,14,18,0.00,0,1,2018,Regular,From
WSH,8,9,49.08,25.00,1,3,60.00,3,2,71.43,5,2,37.50,3,5,50.00,2,2,0.00,0,3,100.00,3,0,WSH,8,9,44.16,44.44,8,10,48.28,14,15,49.21,31,32,46.10,65,76,46.88,15,17,40.00,6,9,28.89,13,32,WSH,8,9,46.01,66.67,8,4,69.23,9,4,55.56,15,12,40.58,28,41,33.33,6,12,54.55,6,5,31.82,7,15,WSH,8,9,56.30,70.00,7,3,35.71,5,9,72.09,31,12,60.87,42,27,35.71,5,9,37.50,3,5,38.89,7,11,2018,Regular,From
ANA,7,7,52.00,100.00,1,0,100.00,2,0,33.33,2,4,40.00,4,6,66.67,2,1,66.67,2,1,50.00,1,1,ANA,7,7,47.75,100.00,1,0,66.67,10,5,50.00,58,58,48.21,54,58,34.09,15,29,41.67,10,14,53.85,14,12,ANA,7,7,49.21,100.00,1,0,54.55,6,5,62.75,32,19,42.86,21,28,43.75,7,9,25.00,3,9,50.00,2,2,ANA,7,7,40.66,0.00,0,0,37.50,3,5,43.40,23,30,41.38,24,34,16.67,3,15,54.55,6,5,80.00,4,1,2018,Regular,From
ARI,7,1,31.93,66.67,2,1,40.00,2,3,25.00,2,6,41.67,5,7,20.00,1,4,0.00,0,2,0.00,0,1,ARI,7,1,45.87,53.45,31,27,57.89,11,8,46.58,34,39,47.57,49,54,42.31,33,45,0.00,0,2,0.00,0,1,ARI,7,1,49.39,66.67,20,10,57.14,8,6,53.33,16,14,52.08,25,23,35.14,13,24,0.00,0,1,0.00,0,1,ARI,7,1,51.45,46.43,13,15,42.86,6,8,53.85,21,18,60.00,24,16,52.27,23,21,100.00,1,0,0.00,0,0,2018,Regular,From
BOS,7,7,41.67,50.00,1,1,25.00,1,3,50.00,3,3,22.22,2,7,50.00,2,2,80.00,4,1,25.00,1,3,BOS,7,7,48.64,63.16,12,7,53.66,22,19,40.00,12,18,51.52,34,32,44.44,12,15,41.51,22,31,44.90,22,27,BOS,7,7,53.54,80.00,4,1,58.82,10,7,61.54,8,5,42.31,22,30,80.00,4,1,55.56,20,16,46.43,13,15,BOS,7,7,53.92,70.59,12,5,58.33,7,5,33.33,6,12,58.33,21,15,46.15,6,7,55.56,15,12,45.83,11,13,2018,Regular,From
BUF,7,4,36.87,40.00,2,3,0.00,0,4,66.67,4,2,40.00,4,6,33.33,1,2,0.00,0,0,0.00,0,0,BUF,7,4,48.34,47.62,20,22,50.00,9,9,48.39,30,32,43.75,35,45,55.56,50,40,0.00,0,0,0.00,0,0,BUF,7,4,43.53,77.27,17,5,25.00,1,3,35.00,14,26,43.24,16,21,40.00,14,21,0.00,0,0,0.00,0,0,BUF,7,4,45.65,71.43,10,4,45.45,5,6,58.14,25,18,29.79,14,33,47.06,16,18,0.00,0,0,0.00,0,0,2018,Regular,From
CAR,7,7,37.09,50.00,2,2,50.00,2,2,42.86,3,4,33.33,3,6,50.00,1,1,0.00,0,2,0.00,0,0,CAR,7,7,52.49,57.89,11,8,70.37,19,8,61.64,45,28,53.97,68,58,47.83,11,12,29.27,12,29,33.33,4,8,CAR,7,7,54.67,33.33,3,6,50.00,4,4,61.11,22,14,65.67,44,23,16.67,1,5,36.36,4,7,0.00,0,3,CAR,7,7,60.65,70.00,7,3,100.00,14,0,70.59,24,10,51.25,41,39,72.73,8,3,47.62,10,11,50.00,2,2,2018,Regular,From
CBJ,7,10,64.07,50.00,1,1,50.00,2,2,60.00,3,2,60.00,6,4,80.00,4,1,66.67,2,1,100.00,2,0,CBJ,7,10,58.53,72.22,13,5,70.00,35,15,62.30,38,23,57.72,71,52,51.16,22,21,50.00,11,11,48.72,19,20,CBJ,7,10,51.30,71.43,5,2,57.14,4,3,55.56,15,12,38.89,14,22,61.54,8,5,50.00,6,6,50.00,9,9,CBJ,7,10,51.87,42.86,3,4,61.11,11,7,56.00,14,11,60.61,40,26,25.00,4,12,45.45,5,6,40.00,12,18,2018,Regular,From
CGY,7,8,48.21,0.00,0,2,66.67,2,1,33.33,1,2,42.86,3,4,66.67,4,2,66.67,2,1,0.00,0,1,CGY,7,8,46.51,50.00,6,6,46.43,13,15,42.86,36,48,52.54,62,56,40.00,10,15,42.50,17,23,45.45,10,12,CGY,7,8,46.51,75.00,6,2,30.77,4,9,43.33,13,17,44.44,28,35,45.45,5,6,50.00,9,9,66.67,6,3,CGY,7,8,52.49,100.00,9,0,75.00,15,5,44.12,15,19,50.79,32,31,33.33,3,6,50.00,9,9,33.33,3,6,2018,Regular,From
CHI,7,9,60.97,0.00,0,2,0.00,0,3,75.00,3,1,50.00,5,5,100.00,2,0,60.00,3,2,88.89,8,1,CHI,7,9,44.81,40.00,8,12,66.67,2,1,30.23,13,30,49.02,50,52,43.33,13,17,36.36,24,42,47.69,31,34,CHI,7,9,40.35,71.43,5,2,28.57,2,5,50.00,7,7,37.50,15,25,58.33,7,5,20.00,4,16,35.29,6,11,CHI,7,9,53.88,81.82,9,2,71.43,5,2,53.33,16,14,53.33,24,21,40.00,6,9,35.14,13,24,60.61,20,13,2018,Regular,From
COL,7,8,66.08,0.00,0,0,50.00,1,1,0.00,0,2,83.33,5,1,60.00,3,2,100.00,3,0,50.00,1,1,COL,7,8,51.76,45.45,5,6,62.07,18,11,55.77,29,23,47.83,33,36,54.69,35,29,45.71,16,19,36.84,7,12,COL,7,8,42.13,44.44,4,5,50.00,5,5,47.06,8,9,43.24,16,21,36.11,13,23,43.75,7,9,20.00,1,4,COL,7,8,52.09,14.29,1,6,60.00,3,2,64.71,11,6,57.89,22,16,56.10,23,18,33.33,3,6,29.41,5,12,2018,Regular,From
DAL,7,8,47.65,100.00,1,0,0.00,0,2,0.00,0,2,66.67,6,3,60.00,6,4,0.00,0,4,0.00,0,0,DAL,7,8,58.61,62.96,17,10,90.91,10,1,51.72,15,14,65.38,68,36,52.00,65,60,38.10,8,13,0.00,0,0,DAL,7,8,58.03,0.00,0,3,50.00,2,2,47.06,8,9,67.65,23,11,53.57,30,26,64.71,11,6,0.00,0,0,DAL,7,8,54.50,70.00,7,3,60.00,3,2,55.00,11,9,62.50,30,18,48.44,31,33,33.33,6,12,0.00,0,0,2018,Regular,From
DET,7,8,49.22,100.00,1,0,60.00,3,2,42.86,3,4,50.00,5,5,42.86,3,4,50.00,1,1,0.00,0,0,DET,7,8,49.20,28.57,2,5,69.81,37,16,50.98,26,25,51.02,75,72,26.92,7,19,35.00,7,13,0.00,0,2,DET,7,8,50.49,50.00,2,2,45.45,10,12,51.72,15,14,61.29,38,24,36.84,7,12,20.00,1,4,0.00,0,0,DET,7,8,52.33,0.00,0,0,63.64,14,8,48.15,13,14,54.55,36,30,57.14,8,6,30.00,3,7,0.00,0,0,2018,Regular,From
EDM,7,4,41.47,50.00,1,1,66.67,2,1,42.86,3,4,22.22,2,7,100.00,1,0,100.00,1,0,0.00,0,0,EDM,7,4,56.86,59.52,25,17,58.10,61,44,65.22,45,24,56.82,50,38,57.50,23,17,75.00,6,2,0.00,0,0,EDM,7,4,59.31,82.35,14,3,62.16,23,14,61.54,16,10,52.50,21,19,55.56,10,8,80.00,4,1,0.00,0,0,EDM,7,4,50.62,68.18,15,7,66.07,37,19,45.95,17,20,45.90,28,33,64.29,9,5,0.00,0,9,0.00,0,0,2018,Regular,From
FLA,7,6,49.02,0.00,0,2,100.00,3,0,54.55,6,5,37.50,3,5,66.67,2,1,50.00,1,1,33.33,1,2,FLA,7,6,52.54,47.37,9,10,68.42,13,6,62.50,75,45,58.89,53,37,15.79,3,16,34.62,18,34,44.44,8,10,FLA,7,6,52.91,57.14,4,3,64.29,9,5,54.17,26,22,60.87,14,9,60.00,3,2,36.36,8,14,66.67,2,1,FLA,7,6,48.10,75.00,6,2,75.00,6,2,45.45,20,24,54.35,25,21,44.44,4,5,39.29,11,17,0.00,0,6,2018,Regular,From
L.A,7,13,65.13,0.00,0,0,100.00,1,0,75.00,3,1,69.23,9,4,45.45,5,6,66.67,2,1,100.00,1,0,L.A,7,13,51.60,0.00,0,0,50.00,11,11,57.69,15,11,53.90,83,71,48.42,46,49,23.08,3,10,43.75,7,9,L.A,7,13,49.89,0.00,0,0,50.00,3,3,42.86,6,8,60.00,45,30,36.67,11,19,33.33,3,6,22.22,2,7,L.A,7,13,49.69,0.00,0,0,37.50,3,5,55.56,10,8,57.14,44,33,44.44,20,25,14.29,2,12,44.44,4,5,2018,Regular,From
MIN,7,6,52.51,0.00,0,0,100.00,2,0,66.67,4,2,50.00,5,5,33.33,3,6,33.33,1,2,100.00,1,0,MIN,7,6,47.82,0.00,0,0,78.95,15,4,66.67,28,14,42.49,82,111,42.65,29,39,40.00,2,3,50.00,1,1,MIN,7,6,45.50,0.00,0,0,60.00,3,2,56.25,9,7,44.12,30,38,32.00,8,17,100.00,3,0,0.00,0,0,MIN,7,6,50.02,0.00,0,0,60.00,3,2,71.43,10,4,49.40,41,42,41.86,18,25,33.33,1,2,0.00,0,0,2018,Regular,From
MTL,7,3,21.05,0.00,0,4,0.00,0,2,40.00,2,3,30.77,4,9,0.00,0,3,0.00,0,0,0.00,0,0,MTL,7,3,54.61,75.00,30,10,63.83,30,17,43.18,38,50,56.93,78,59,65.22,15,8,0.00,0,0,0.00,0,0,MTL,7,3,48.37,63.16,12,7,72.73,16,6,34.78,8,15,43.40,23,30,54.55,6,5,0.00,0,0,0.00,0,0,MTL,7,3,54.71,52.94,9,8,72.09,31,12,58.62,17,12,50.00,36,36,50.00,7,7,0.00,0,0,0.00,0,0,2018,Regular,From
N.J,7,12,64.55,0.00,0,0,100.00,2,0,60.00,3,2,72.73,8,3,20.00,1,4,75.00,3,1,66.67,2,1,N.J,7,12,48.32,40.00,2,3,66.67,10,5,58.70,27,19,48.05,37,40,48.61,35,37,25.49,13,38,45.45,20,24,N.J,7,12,54.17,60.00,3,2,33.33,2,4,56.00,14,11,51.35,19,18,63.16,24,14,42.86,9,12,43.75,7,9,N.J,7,12,45.59,100.00,2,0,66.67,2,1,59.09,13,9,42.86,18,24,41.38,12,17,23.53,4,13,44.44,4,5,2018,Regular,From
NSH,7,9,50.42,0.00,0,1,50.00,1,1,60.00,3,2,20.00,1,4,75.00,3,1,75.00,3,1,0.00,0,1,NSH,7,9,49.42,33.33,8,16,48.15,13,14,59.57,28,19,53.78,64,55,48.48,32,34,0.00,0,5,40.00,4,6,NSH,7,9,60.19,77.78,7,2,57.14,8,6,45.00,9,11,69.49,41,18,48.28,14,15,71.43,5,2,50.00,4,4,NSH,7,9,50.04,42.86,3,4,66.67,8,4,55.56,10,8,50.00,29,29,42.42,14,19,0.00,0,1,55.56,5,4,2018,Regular,From
NYI,7,7,53.37,0.00,0,1,75.00,3,1,66.67,4,2,37.50,3,5,50.00,2,2,66.67,2,1,50.00,1,1,NYI,7,7,48.00,57.69,15,11,48.72,19,20,57.47,50,37,45.07,32,39,37.50,30,50,50.00,15,15,54.55,6,5,NYI,7,7,51.54,46.15,6,7,60.87,14,9,63.89,23,13,50.00,7,7,45.45,10,12,46.15,6,7,25.00,2,6,NYI,7,7,53.36,52.94,9,8,53.85,14,12,71.79,28,11,50.00,20,20,33.33,12,24,70.59,12,5,50.00,2,2,2018,Regular,From
NYR,7,3,33.08,0.00,0,1,75.00,3,1,33.33,2,4,28.57,4,10,25.00,1,3,0.00,0,0,0.00,0,0,NYR,7,3,49.37,54.55,6,5,64.10,25,14,54.95,50,41,50.00,53,53,40.68,24,35,12.50,1,7,0.00,0,0,NYR,7,3,44.24,50.00,5,5,61.90,13,8,58.06,18,13,34.09,15,29,40.00,10,15,0.00,0,2,0.00,0,0,NYR,7,3,48.71,40.00,2,3,76.00,19,6,67.57,25,12,42.86,24,32,20.83,5,19,28.57,2,5,0.00,0,0,2018,Regular,From
OTT,7,9,51.73,0.00,0,0,0.00,0,1,75.00,3,1,54.55,6,5,28.57,2,5,33.33,1,2,75.00,3,1,OTT,7,9,51.19,100.00,1,0,38.46,5,8,54.72,29,24,56.34,80,62,47.37,18,20,20.83,5,19,46.34,19,22,OTT,7,9,43.52,0.00,0,2,80.00,4,1,45.00,9,11,41.89,31,43,52.63,10,9,54.55,6,5,22.73,5,17,OTT,7,9,33.30,100.00,1,0,57.14,4,3,44.44,8,10,35.44,28,51,25.93,7,20,16.67,2,10,19.23,5,21,2018,Regular,From
PHI,7,8,65.92,100.00,1,0,50.00,1,1,0.00,0,2,77.78,7,2,50.00,2,2,50.00,2,2,83.33,5,1,PHI,7,8,51.11,100.00,2,0,100.00,2,0,60.38,32,21,48.61,70,74,34.69,17,32,52.63,10,9,54.05,20,17,PHI,7,8,41.08,0.00,0,0,0.00,0,3,42.86,9,12,40.58,28,41,38.10,8,13,57.14,4,3,36.84,7,12,PHI,7,8,45.31,100.00,2,0,100.00,1,0,65.00,13,7,42.86,33,44,40.00,10,15,36.36,4,7,27.78,5,13,2018,Regular,From
PIT,7,9,40.08,0.00,0,7,66.67,2,1,50.00,4,4,50.00,5,5,60.00,3,2,20.00,1,4,100.00,1,0,PIT,7,9,50.35,44.68,21,26,58.33,14,10,43.64,24,31,50.00,35,35,50.56,45,44,50.00,19,19,66.67,16,8,PIT,7,9,44.14,60.00,6,4,75.00,12,4,41.94,13,18,38.89,7,11,44.74,17,21,26.32,5,14,22.22,2,7,PIT,7,9,46.65,38.46,10,16,40.00,4,6,50.00,10,10,50.00,18,18,54.05,20,17,34.78,8,15,57.14,4,3,2018,Regular,From
S.J,7,6,41.09,0.00,0,0,66.67,2,1,28.57,2,5,45.45,5,6,16.67,1,5,100.00,2,0,0.00,0,0,S.J,7,6,57.49,56.25,9,7,54.55,6,5,69.57,48,21,50.96,53,51,58.00,29,21,54.55,12,10,52.94,9,8,S.J,7,6,62.62,100.00,7,0,80.00,4,1,66.67,16,8,55.81,24,19,64.86,24,13,44.44,4,5,25.00,1,3,S.J,7,6,51.90,62.50,5,3,64.29,9,5,63.16,24,14,45.71,32,38,50.00,17,17,36.84,7,12,66.67,4,2,2018,Regular,From
STL,7,10,64.13,50.00,1,1,50.00,1,1,50.00,1,1,85.71,6,1,50.00,4,4,75.00,3,1,50.00,1,1,STL,7,10,46.85,41.67,5,7,38.10,8,13,57.14,8,6,47.12,49,55,48.05,37,40,30.77,12,27,47.73,21,23,STL,7,10,51.42,100.00,1,0,50.00,2,2,45.45,5,6,51.72,15,14,54.29,19,16,35.00,7,13,50.00,5,5,STL,7,10,38.44,100.00,3,0,16.67,1,5,25.00,3,9,40.00,24,36,40.00,16,24,34.78,8,15,25.00,5,15,2018,Regular,From
T.B,7,11,55.92,0.00,0,0,100.00,3,0,75.00,3,1,60.00,6,4,54.55,6,5,0.00,0,5,0.00,0,0,T.B,7,11,47.82,0.00,0,0,90.91,10,1,60.00,15,10,45.37,49,59,44.83,52,64,31.91,15,32,0.00,0,0,T.B,7,11,52.31,0.00,0,0,77.78,7,2,65.38,17,9,51.28,20,19,50.85,30,29,20.00,4,16,0.00,0,0,T.B,7,11,56.60,0.00,0,0,60.00,3,2,58.33,7,5,49.12,28,29,56.25,27,21,68.75,11,5,0.00,0,0,2018,Regular,From
TOR,7,12,62.80,0.00,0,0,50.00,2,2,75.00,3,1,66.67,8,4,57.14,4,3,57.14,4,3,57.14,4,3,TOR,7,12,51.90,70.59,12,5,80.00,24,6,75.00,18,6,46.22,55,64,37.14,13,22,36.36,16,28,48.57,17,18,TOR,7,12,57.10,50.00,3,3,73.33,11,4,54.55,6,5,62.07,36,22,28.57,2,5,38.46,5,8,52.38,11,10,TOR,7,12,57.19,0.00,0,2,71.43,10,4,57.14,8,6,61.43,43,27,47.06,8,9,46.15,6,7,48.00,12,13,2018,Regular,From
VAN,7,7,51.07,66.67,2,1,50.00,1,1,60.00,3,2,40.00,4,6,50.00,3,3,100.00,1,0,0.00,0,0,VAN,7,7,48.42,70.37,19,8,63.16,12,7,65.00,26,14,42.11,40,55,33.82,23,45,50.00,18,18,0.00,0,1,VAN,7,7,48.09,41.67,5,7,52.94,9,8,50.00,6,6,60.98,25,16,33.33,6,12,30.00,6,14,100.00,2,0,VAN,7,7,50.12,61.54,8,5,64.29,9,5,61.54,8,5,52.78,19,17,43.48,10,13,26.67,4,11,0.00,0,1,2018,Regular,From
VGK,7,12,60.43,0.00,0,0,0.00,0,1,83.33,5,1,61.54,8,5,50.00,3,3,66.67,2,1,33.33,1,2,VGK,7,12,44.34,100.00,2,0,33.33,1,2,52.50,42,38,37.21,48,81,42.86,18,24,42.11,8,11,44.90,22,27,VGK,7,12,48.96,0.00,0,0,100.00,2,0,62.50,30,18,45.10,23,28,40.91,9,13,42.86,3,4,27.78,5,13,VGK,7,12,47.35,0.00,0,0,100.00,3,0,49.12,28,29,48.98,24,25,32.00,8,17,41.67,5,7,48.00,12,13,2018,Regular,From
WPG,7,8,43.11,33.33,2,4,25.00,1,3,20.00,1,4,75.00,6,2,71.43,5,2,0.00,0,4,0.00,0,0,WPG,7,8,46.91,44.44,20,25,100.00,6,0,42.11,8,11,49.57,58,59,33.90,20,39,50.91,28,27,0.00,0,1,WPG,7,8,46.08,37.50,6,10,0.00,0,1,50.00,3,3,43.90,18,23,55.56,10,8,47.37,9,10,0.00,0,0,WPG,7,8,46.16,60.00,24,16,100.00,2,0,80.00,8,2,42.47,31,42,19.05,4,17,43.75,14,18,0.00,0,1,2018,Regular,From
WSH,7,7,49.03,25.00,1,3,60.00,3,2,66.67,4,2,37.50,3,5,66.67,2,1,0.00,0,3,100.00,3,0,WSH,7,7,42.31,44.44,8,10,48.28,14,15,46.30,25,29,44.34,47,59,44.00,11,14,40.00,6,9,28.89,13,32,WSH,7,7,46.75,66.67,8,4,69.23,9,4,60.00,12,8,40.32,25,37,35.29,6,11,54.55,6,5,31.82,7,15,WSH,7,7,55.29,70.00,7,3,35.71,5,9,69.44,25,11,62.07,36,22,33.33,4,8,37.50,3,5,38.89,7,11,2018,Regular,From
ANA,6,5,41.42,100.00,1,0,100.00,2,0,33.33,2,4,33.33,3,6,50.00,1,1,0.00,0,1,0.00,0,0,ANA,6,5,45.96,100.00,1,0,66.67,10,5,50.00,58,58,46.79,51,58,27.59,8,21,100.00,1,0,0.00,0,0,ANA,6,5,51.57,100.00,1,0,54.55,6,5,62.75,32,19,43.75,21,27,42.86,6,8,66.67,2,1,0.00,0,0,ANA,6,5,38.59,0.00,0,0,37.50,3,5,43.40,23,30,41.38,24,34,13.33,2,13,75.00,3,1,0.00,0,0,2018,Regular,From
ARI,6,1,27.51,66.67,2,1,25.00,1,3,0.00,0,5,50.00,4,4,20.00,1,4,0.00,0,2,0.00,0,1,ARI,6,1,46.24,53.45,31,27,55.56,10,8,46.15,24,28,49.38,40,41,42.31,33,45,0.00,0,2,0.00,0,1,ARI,6,1,50.03,66.67,20,10,58.33,7,5,50.00,10,10,56.76,21,16,35.14,13,24,0.00,0,1,0.00,0,1,ARI,6,1,52.34,46.43,13,15,38.46,5,8,57.14,16,12,64.52,20,11,52.27,23,21,100.00,1,0,0.00,0,0,2018,Regular,From
BOS,6,6,41.63,50.00,1,1,25.00,1,3,50.00,3,3,14.29,1,6,66.67,2,1,100.00,2,0,50.00,1,1,BOS,6,6,50.17,63.16,12,7,53.66,22,19,40.00,12,18,54.17,26,22,44.44,8,10,51.43,18,17,43.24,16,21,BOS,6,6,51.60,80.00,4,1,58.82,10,7,61.54,8,5,43.48,20,26,100.00,3,0,48.28,14,15,41.67,10,14,BOS,6,6,55.23,70.59,12,5,58.33,7,5,33.33,6,12,57.69,15,11,66.67,4,2,57.89,11,8,50.00,9,9,2018,Regular,From
BUF,6,3,40.75,40.00,2,3,0.00,0,3,60.00,3,2,50.00,4,4,50.00,1,1,0.00,0,0,0.00,0,0,BUF,6,3,47.97,44.12,15,19,54.55,6,5,47.27,26,29,42.19,27,37,55.06,49,40,0.00,0,0,0.00,0,0,BUF,6,3,38.87,70.59,12,5,0.00,0,1,31.43,11,24,37.93,11,18,36.36,12,21,0.00,0,0,0.00,0,0,BUF,6,3,44.16,70.00,7,3,28.57,2,5,58.33,21,15,28.95,11,27,45.45,15,18,0.00,0,0,0.00,0,0,2018,Regular,From
CAR,6,7,41.94,66.67,2,1,50.00,1,1,60.00,3,2,33.33,3,6,50.00,1,1,0.00,0,2,0.00,0,0,CAR,6,7,52.36,52.94,9,8,77.78,7,2,65.45,36,19,54.78,63,52,47.83,11,12,29.27,12,29,33.33,4,8,CAR,6,7,51.33,42.86,3,4,50.00,1,1,56.00,14,11,60.34,35,23,16.67,1,5,36.36,4,7,0.00,0,3,CAR,6,7,59.30,66.67,6,3,100.00,7,0,70.37,19,8,52.05,38,35,72.73,8,3,47.62,10,11,50.00,2,2,2018,Regular,From
CBJ,6,10,68.56,50.00,1,1,50.00,2,2,75.00,3,1,66.67,6,3,80.00,4,1,66.67,2,1,100.00,2,0,CBJ,6,10,56.45,72.22,13,5,55.17,16,13,57.45,27,20,59.22,61,42,51.16,22,21,50.00,11,11,48.72,19,20,CBJ,6,10,56.99,71.43,5,2,50.00,1,1,70.59,12,5,46.43,13,15,61.54,8,5,50.00,6,6,50.00,9,9,CBJ,6,10,50.50,42.86,3,4,58.33,7,5,55.00,11,9,59.02,36,25,25.00,4,12,45.45,5,6,40.00,12,18,2018,Regular,From
CGY,6,8,48.31,0.00,0,2,50.00,1,1,33.33,1,2,50.00,3,3,66.67,4,2,66.67,2,1,0.00,0,1,CGY,6,8,46.46,50.00,6,6,28.57,4,10,44.12,30,38,53.00,53,47,40.00,10,15,42.50,17,23,45.45,10,12,CGY,6,8,46.27,75.00,6,2,22.22,2,7,37.04,10,17,46.00,23,27,45.45,5,6,50.00,9,9,66.67,6,3,CGY,6,8,57.07,100.00,9,0,87.50,14,2,50.00,13,13,54.90,28,23,33.33,3,6,50.00,9,9,33.33,3,6,2018,Regular,From
CHI,6,9,71.64,0.00,0,1,0.00,0,1,100.00,3,0,55.56,5,4,100.00,2,0,60.00,3,2,88.89,8,1,CHI,6,9,45.68,50.00,1,1,0.00,0,1,28.13,9,23,49.00,49,51,43.33,13,17,36.36,24,42,47.69,31,34,CHI,6,9,40.49,0.00,0,0,0.00,0,1,62.50,5,3,38.46,15,24,58.33,7,5,20.00,4,16,35.29,6,11,CHI,6,9,51.96,0.00,0,0,0.00,0,0,52.63,10,9,53.33,24,21,40.00,6,9,35.14,13,24,60.61,20,13,2018,Regular,From
COL,6,8,77.91,0.00,0,0,100.00,1,0,0.00,0,1,83.33,5,1,75.00,3,1,100.00,3,0,50.00,1,1,COL,6,8,52.40,50.00,2,2,59.26,16,11,54.00,27,23,49.06,26,27,56.45,35,27,45.71,16,19,36.84,7,12,COL,6,8,43.93,0.00,0,1,50.00,4,4,46.67,7,8,48.28,14,15,38.24,13,21,43.75,7,9,20.00,1,4,COL,6,8,52.44,0.00,0,1,50.00,2,2,62.50,10,6,55.17,16,13,56.10,23,18,33.33,3,6,29.41,5,12,2018,Regular,From
DAL,6,6,45.90,100.00,1,0,0.00,0,2,0.00,0,2,60.00,3,2,71.43,5,2,0.00,0,3,0.00,0,0,DAL,6,6,58.93,62.96,17,10,90.91,10,1,51.72,15,14,67.07,55,27,51.92,54,50,40.00,8,12,0.00,0,0,DAL,6,6,58.78,0.00,0,3,50.00,2,2,47.06,8,9,69.57,16,7,56.52,26,20,66.67,10,5,0.00,0,0,DAL,6,6,54.47,70.00,7,3,60.00,3,2,55.00,11,9,64.10,25,14,47.17,25,28,35.29,6,11,0.00,0,0,2018,Regular,From
DET,6,8,54.83,0.00,0,0,100.00,1,0,60.00,3,2,55.56,5,4,42.86,3,4,50.00,1,1,0.00,0,0,DET,6,8,47.72,0.00,0,0,73.91,17,6,50.00,23,23,49.65,71,72,26.92,7,19,35.00,7,13,0.00,0,2,DET,6,8,50.36,0.00,0,0,35.71,5,9,51.72,15,14,62.07,36,22,36.84,7,12,20.00,1,4,0.00,0,0,DET,6,8,51.72,0.00,0,0,60.00,9,6,50.00,13,13,53.97,34,29,57.14,8,6,30.00,3,7,0.00,0,0,2018,Regular,From
EDM,6,4,40.87,50.00,1,1,66.67,2,1,33.33,2,4,25.00,2,6,100.00,1,0,100.00,1,0,0.00,0,0,EDM,6,4,57.86,59.52,25,17,58.10,61,44,68.18,30,14,60.81,45,29,57.50,23,17,75.00,6,2,0.00,0,0,EDM,6,4,59.32,82.35,14,3,62.16,23,14,54.55,6,5,52.94,18,16,55.56,10,8,80.00,4,1,0.00,0,0,EDM,6,4,52.21,68.18,15,7,66.07,37,19,52.94,9,8,43.18,19,25,64.29,9,5,0.00,0,9,0.00,0,0,2018,Regular,From
FLA,6,4,48.77,0.00,0,2,100.00,3,0,54.55,6,5,28.57,2,5,66.67,2,1,50.00,1,1,50.00,1,1,FLA,6,4,56.38,47.37,9,10,68.42,13,6,62.50,75,45,58.89,53,37,33.33,2,4,40.00,12,18,58.33,7,5,FLA,6,4,51.90,57.14,4,3,64.29,9,5,54.17,26,22,60.87,14,9,33.33,1,2,33.33,3,6,0.00,0,1,FLA,6,4,50.92,75.00,6,2,75.00,6,2,45.45,20,24,54.55,24,20,0.00,0,2,66.67,6,3,0.00,0,3,2018,Regular,From
L.A,6,11,64.26,0.00,0,0,100.00,1,0,50.00,1,1,66.67,6,3,50.00,4,4,66.67,2,1,100.00,1,0,L.A,6,11,52.60,0.00,0,0,50.00,11,11,57.14,12,9,53.60,67,58,51.22,42,40,33.33,3,6,43.75,7,9,L.A,6,11,51.46,0.00,0,0,50.00,3,3,50.00,6,6,64.52,40,22,33.33,9,18,33.33,3,6,22.22,2,7,L.A,6,11,51.52,0.00,0,0,37.50,3,5,53.33,8,7,63.16,36,21,48.48,16,17,7.69,1,12,44.44,4,5,2018,Regular,From
MIN,6,6,54.29,0.00,0,0,100.00,2,0,66.67,4,2,55.56,5,4,33.33,3,6,33.33,1,2,100.00,1,0,MIN,6,6,47.19,0.00,0,0,78.95,15,4,66.67,24,12,40.52,62,91,42.65,29,39,40.00,2,3,50.00,1,1,MIN,6,6,43.03,0.00,0,0,60.00,3,2,50.00,7,7,40.82,20,29,32.00,8,17,100.00,3,0,0.00,0,0,MIN,6,6,48.54,0.00,0,0,60.00,3,2,63.64,7,4,48.48,32,34,41.86,18,25,33.33,1,2,0.00,0,0,2018,Regular,From
MTL,6,3,21.65,0.00,0,3,0.00,0,1,50.00,2,2,27.27,3,8,0.00,0,3,0.00,0,0,0.00,0,0,MTL,6,3,56.35,75.00,30,10,63.64,28,16,44.71,38,47,62.22,56,34,66.67,12,6,0.00,0,0,0.00,0,0,MTL,6,3,50.63,70.59,12,5,75.00,15,5,31.82,7,15,46.88,15,17,50.00,4,4,0.00,0,0,0.00,0,0,MTL,6,3,55.74,56.25,9,7,70.00,28,12,65.38,17,9,50.00,28,28,44.44,4,5,0.00,0,0,0.00,0,0,2018,Regular,From
N.J,6,10,62.79,0.00,0,0,100.00,1,0,66.67,2,1,62.50,5,3,25.00,1,3,75.00,3,1,66.67,2,1,N.J,6,10,46.84,40.00,2,3,42.86,3,4,58.33,21,15,47.62,30,33,50.00,26,26,25.49,13,38,45.45,20,24,N.J,6,10,52.40,60.00,3,2,25.00,1,3,52.38,11,10,54.55,18,15,57.14,16,12,42.86,9,12,43.75,7,9,N.J,6,10,46.24,100.00,2,0,66.67,2,1,56.25,9,7,45.71,16,19,43.48,10,13,23.53,4,13,44.44,4,5,2018,Regular,From
NSH,6,7,48.12,0.00,0,1,50.00,1,1,60.00,3,2,0.00,0,4,75.00,3,1,75.00,3,1,0.00,0,1,NSH,6,7,48.71,33.33,8,16,48.15,13,14,59.57,28,19,53.93,48,41,48.08,25,27,0.00,0,5,40.00,4,6,NSH,6,7,60.60,77.78,7,2,57.14,8,6,45.00,9,11,73.17,30,11,50.00,13,13,71.43,5,2,50.00,4,4,NSH,6,7,47.54,42.86,3,4,66.67,8,4,55.56,10,8,42.11,16,22,42.31,11,15,0.00,0,1,55.56,5,4,2018,Regular,From
NYI,6,5,55.48,0.00,0,1,75.00,3,1,66.67,4,2,28.57,2,5,100.00,1,0,100.00,2,0,50.00,1,1,NYI,6,5,48.18,57.69,15,11,48.72,19,20,57.47,50,37,44.26,27,34,35.42,17,31,71.43,5,2,54.55,6,5,NYI,6,5,53.20,46.15,6,7,60.87,14,9,63.89,23,13,53.85,7,6,53.33,8,7,50.00,1,1,25.00,2,6,NYI,6,5,52.61,52.94,9,8,53.85,14,12,71.79,28,11,52.78,19,17,31.03,9,20,62.50,5,3,50.00,2,2,2018,Regular,From
NYR,6,2,33.36,0.00,0,1,66.67,2,1,40.00,2,3,27.27,3,8,33.33,1,2,0.00,0,0,0.00,0,0,NYR,6,2,49.53,54.55,6,5,74.19,23,8,55.70,44,35,46.81,44,50,41.18,21,30,12.50,1,7,0.00,0,0,NYR,6,2,41.76,50.00,5,5,58.82,10,7,58.62,17,12,31.71,13,28,33.33,6,12,0.00,0,2,0.00,0,0,NYR,6,2,47.53,40.00,2,3,73.68,14,5,70.59,24,10,42.00,21,29,11.11,2,16,28.57,2,5,0.00,0,0,2018,Regular,From
OTT,6,8,58.27,0.00,0,0,0.00,0,1,66.67,2,1,75.00,6,2,20.00,1,4,50.00,1,1,75.00,3,1,OTT,6,8,52.55,100.00,1,0,38.46,5,8,54.55,18,15,57.03,73,55,50.00,14,14,25.00,4,12,46.34,19,22,OTT,6,8,44.89,0.00,0,2,80.00,4,1,70.00,7,3,40.00,28,42,60.00,9,6,55.56,5,4,22.73,5,17,OTT,6,8,30.17,100.00,1,0,57.14,4,3,33.33,4,8,31.94,23,49,23.81,5,16,16.67,2,10,19.23,5,21,2018,Regular,From
PHI,6,8,68.29,100.00,1,0,50.00,1,1,0.00,0,2,87.50,7,1,50.00,2,2,50.00,2,2,83.33,5,1,PHI,6,8,51.89,100.00,2,0,100.00,2,0,64.10,25,14,49.12,56,58,34.69,17,32,52.63,10,9,54.05,20,17,PHI,6,8,40.87,0.00,0,0,0.00,0,3,38.89,7,11,41.18,21,30,38.10,8,13,57.14,4,3,36.84,7,12,PHI,6,8,46.52,100.00,2,0,100.00,1,0,69.23,9,4,45.61,26,31,40.00,10,15,36.36,4,7,27.78,5,13,2018,Regular,From
PIT,6,7,35.25,0.00,0,7,66.67,2,1,42.86,3,4,42.86,3,4,50.00,2,2,25.00,1,3,100.00,1,0,PIT,6,7,50.16,44.68,21,26,58.33,14,10,40.43,19,28,55.17,32,26,50.65,39,38,43.33,13,17,66.67,16,8,PIT,6,7,44.98,60.00,6,4,75.00,12,4,41.67,10,14,40.00,6,9,44.44,16,20,26.67,4,11,22.22,2,7,PIT,6,7,47.05,38.46,10,16,40.00,4,6,50.00,7,7,50.00,15,15,52.94,18,16,41.18,7,10,57.14,4,3,2018,Regular,From
S.J,6,6,45.70,0.00,0,0,50.00,1,1,25.00,1,3,55.56,5,4,20.00,1,4,100.00,2,0,0.00,0,0,S.J,6,6,57.74,56.25,9,7,62.50,5,3,67.86,38,18,51.85,42,39,57.14,28,21,54.55,12,10,52.94,9,8,S.J,6,6,63.86,100.00,7,0,66.67,2,1,65.00,13,7,62.07,18,11,63.89,23,13,44.44,4,5,25.00,1,3,S.J,6,6,51.55,62.50,5,3,60.00,6,4,65.63,21,11,45.28,24,29,46.88,15,17,36.84,7,12,66.67,4,2,2018,Regular,From
STL,6,8,55.10,50.00,1,1,50.00,1,1,50.00,1,1,83.33,5,1,42.86,3,4,50.00,1,1,0.00,0,1,STL,6,8,44.90,41.67,5,7,38.10,8,13,57.14,8,6,47.06,48,54,45.45,30,36,32.43,12,25,38.46,10,16,STL,6,8,49.41,100.00,1,0,50.00,2,2,45.45,5,6,50.00,14,14,51.72,15,14,21.43,3,11,100.00,3,0,STL,6,8,38.98,100.00,3,0,16.67,1,5,25.00,3,9,40.00,24,36,37.93,11,18,37.50,6,10,33.33,3,6,2018,Regular,From
T.B,6,10,55.41,0.00,0,0,100.00,3,0,50.00,1,1,71.43,5,2,54.55,6,5,0.00,0,5,0.00,0,0,T.B,6,10,48.05,0.00,0,0,90.91,10,1,61.54,8,5,45.16,42,51,46.32,44,51,31.91,15,32,0.00,0,0,T.B,6,10,50.98,0.00,0,0,77.78,7,2,70.00,7,3,51.43,18,17,50.00,24,24,20.00,4,16,0.00,0,0,T.B,6,10,58.15,0.00,0,0,60.00,3,2,100.00,5,0,46.00,23,27,58.14,25,18,68.75,11,5,0.00,0,0,2018,Regular,From
TOR,6,10,61.71,0.00,0,0,50.00,2,2,75.00,3,1,63.64,7,4,40.00,2,3,66.67,2,1,66.67,4,2,TOR,6,10,53.60,70.59,12,5,80.00,24,6,75.00,18,6,47.83,55,60,36.67,11,19,42.86,6,8,42.86,12,16,TOR,6,10,58.29,50.00,3,3,73.33,11,4,54.55,6,5,62.96,34,20,28.57,2,5,40.00,2,3,52.94,9,8,TOR,6,10,58.44,0.00,0,2,71.43,10,4,57.14,8,6,62.69,42,25,43.75,7,9,66.67,4,2,48.00,12,13,2018,Regular,From
VAN,6,5,49.02,66.67,2,1,50.00,1,1,50.00,2,2,42.86,3,4,40.00,2,3,100.00,1,0,0.00,0,0,VAN,6,5,45.87,70.37,19,8,63.16,12,7,56.00,14,11,37.65,32,53,32.69,17,35,50.00,18,18,0.00,0,1,VAN,6,5,50.52,41.67,5,7,52.94,9,8,55.56,5,4,64.10,25,14,35.71,5,9,31.58,6,13,100.00,2,0,VAN,6,5,52.05,61.54,8,5,64.29,9,5,66.67,6,3,54.55,18,15,47.37,9,10,28.57,4,10,0.00,0,1,2018,Regular,From
VGK,6,10,63.07,0.00,0,0,0.00,0,1,83.33,5,1,63.64,7,4,60.00,3,2,66.67,2,1,33.33,1,2,VGK,6,10,47.07,100.00,2,0,33.33,1,2,57.35,39,29,38.83,40,63,48.15,13,14,42.11,8,11,44.90,22,27,VGK,6,10,48.33,0.00,0,0,100.00,2,0,60.98,25,16,41.86,18,25,50.00,7,7,42.86,3,4,27.78,5,13,VGK,6,10,49.64,0.00,0,0,100.00,3,0,51.02,25,24,47.73,21,23,43.75,7,9,41.67,5,7,48.00,12,13,2018,Regular,From
WPG,6,6,41.80,33.33,2,4,25.00,1,3,20.00,1,4,71.43,5,2,80.00,4,1,0.00,0,3,0.00,0,0,WPG,6,6,45.60,44.44,20,25,100.00,6,0,38.89,7,11,43.48,40,52,33.33,14,28,56.00,28,22,0.00,0,1,WPG,6,6,44.09,37.50,6,10,0.00,0,1,40.00,2,3,42.11,16,22,58.33,7,5,47.06,8,9,0.00,0,0,WPG,6,6,46.29,60.00,24,16,100.00,2,0,87.50,7,1,40.32,25,37,18.75,3,13,43.75,14,18,0.00,0,1,2018,Regular,From
WSH,6,7,52.41,25.00,1,3,60.00,3,2,80.00,4,1,42.86,3,4,66.67,2,1,0.00,0,3,100.00,3,0,WSH,6,7,40.71,44.44,8,10,48.28,14,15,37.50,15,25,44.93,31,38,44.00,11,14,40.00,6,9,28.89,13,32,WSH,6,7,50.43,66.67,8,4,69.23,9,4,58.82,10,7,50.00,21,21,35.29,6,11,54.55,6,5,31.82,7,15,WSH,6,7,53.34,70.00,7,3,35.71,5,9,65.52,19,10,62.79,27,16,33.33,4,8,37.50,3,5,38.89,7,11,2018,Regular,From
ANA,5,5,48.65,100.00,1,0,100.00,2,0,40.00,2,3,42.86,3,4,50.00,1,1,0.00,0,1,0.00,0,0,ANA,5,5,47.17,100.00,1,0,66.67,10,5,51.28,40,38,48.54,50,53,27.59,8,21,100.00,1,0,0.00,0,0,ANA,5,5,48.39,100.00,1,0,54.55,6,5,53.33,16,14,45.65,21,25,42.86,6,8,66.67,2,1,0.00,0,0,ANA,5,5,36.27,0.00,0,0,37.50,3,5,36.36,12,21,41.07,23,33,13.33,2,13,75.00,3,1,0.00,0,0,2018,Regular,From
ARI,5,1,28.47,66.67,2,1,0.00,0,3,0.00,0,3,57.14,4,3,20.00,1,4,0.00,0,2,0.00,0,1,ARI,5,1,47.72,53.45,31,27,66.67,10,5,42.86,3,4,50.00,38,38,42.31,33,45,0.00,0,2,0.00,0,1,ARI,5,1,51.90,66.67,20,10,63.64,7,4,60.00,3,2,58.82,20,14,35.14,13,24,0.00,0,1,0.00,0,1,ARI,5,1,52.32,46.43,13,15,30.00,3,7,66.67,6,3,63.33,19,11,52.27,23,21,100.00,1,0,0.00,0,0,2018,Regular,From
BOS,5,4,39.74,50.00,1,1,25.00,1,3,40.00,2,3,16.67,1,5,66.67,2,1,100.00,2,0,0.00,0,0,BOS,5,4,49.18,63.16,12,7,53.66,22,19,35.71,10,18,51.16,22,21,44.44,8,10,54.17,13,11,47.06,8,9,BOS,5,4,51.33,80.00,4,1,58.82,10,7,61.54,8,5,45.45,20,24,100.00,3,0,52.63,10,9,29.41,5,12,BOS,5,4,56.51,70.59,12,5,58.33,7,5,33.33,6,12,57.69,15,11,66.67,4,2,72.73,8,3,57.14,4,3,2018,Regular,From
BUF,5,1,31.85,40.00,2,3,0.00,0,3,60.00,3,2,33.33,2,4,0.00,0,1,0.00,0,0,0.00,0,0,BUF,5,1,45.41,44.12,15,19,54.55,6,5,47.27,26,29,37.93,22,36,56.86,29,22,0.00,0,0,0.00,0,0,BUF,5,1,40.18,70.59,12,5,0.00,0,1,31.43,11,24,33.33,9,18,58.33,7,5,0.00,0,0,0.00,0,0,BUF,5,1,43.10,70.00,7,3,28.57,2,5,58.33,21,15,27.78,10,26,46.15,6,7,0.00,0,0,0.00,0,0,2018,Regular,From
CAR,5,7,43.86,0.00,0,0,0.00,0,0,75.00,3,1,37.50,3,5,50.00,1,1,0.00,0,2,0.00,0,0,CAR,5,7,52.22,0.00,0,0,50.00,1,1,69.05,29,13,55.24,58,47,47.83,11,12,29.27,12,29,33.33,4,8,CAR,5,7,52.41,0.00,0,0,0.00,0,0,55.00,11,9,60.71,34,22,16.67,1,5,36.36,4,7,0.00,0,3,CAR,5,7,57.65,0.00,0,0,0.00,0,0,72.73,16,6,52.17,36,33,72.73,8,3,47.62,10,11,50.00,2,2,2018,Regular,From
CBJ,5,8,63.81,50.00,1,1,50.00,2,2,75.00,3,1,62.50,5,3,66.67,2,1,100.00,1,0,100.00,1,0,CBJ,5,8,55.88,72.22,13,5,55.17,16,13,57.45,27,20,59.52,50,34,42.86,12,16,64.71,11,6,42.31,11,15,CBJ,5,8,57.55,71.43,5,2,50.00,1,1,70.59,12,5,43.48,10,13,70.00,7,3,45.45,5,6,53.85,7,6,CBJ,5,8,49.75,42.86,3,4,58.33,7,5,55.00,11,9,52.17,24,22,27.27,3,8,50.00,5,5,47.06,8,9,2018,Regular,From
CGY,5,6,44.04,0.00,0,2,50.00,1,1,33.33,1,2,40.00,2,3,75.00,3,1,50.00,1,1,0.00,0,0,CGY,5,6,47.31,50.00,6,6,28.57,4,10,44.12,30,38,52.33,45,41,38.46,5,8,44.44,16,20,66.67,10,5,CGY,5,6,48.20,75.00,6,2,22.22,2,7,37.04,10,17,50.00,22,22,57.14,4,3,50.00,8,8,100.00,4,0,CGY,5,6,58.04,100.00,9,0,87.50,14,2,50.00,13,13,53.49,23,20,16.67,1,5,56.25,9,7,42.86,3,4,2018,Regular,From
CHI,5,7,69.80,0.00,0,1,0.00,0,1,100.00,2,0,50.00,4,4,100.00,2,0,60.00,3,2,88.89,8,1,CHI,5,7,46.46,50.00,1,1,0.00,0,1,26.92,7,19,53.85,28,24,43.33,13,17,36.36,24,42,47.69,31,34,CHI,5,7,42.42,0.00,0,0,0.00,0,1,50.00,3,3,50.00,9,9,58.33,7,5,20.00,4,16,35.29,6,11,CHI,5,7,50.58,0.00,0,0,0.00,0,0,58.33,7,5,44.44,12,15,40.00,6,9,35.14,13,24,60.61,20,13,2018,Regular,From
COL,5,8,87.67,0.00,0,0,0.00,0,0,0.00,0,0,100.00,5,0,75.00,3,1,100.00,3,0,50.00,1,1,COL,5,8,54.32,50.00,2,2,57.69,15,11,50.00,13,13,61.11,22,14,56.45,35,27,45.71,16,19,36.84,7,12,COL,5,8,45.49,0.00,0,1,50.00,4,4,20.00,1,4,60.87,14,9,38.24,13,21,43.75,7,9,20.00,1,4,COL,5,8,53.75,0.00,0,1,50.00,2,2,66.67,4,2,63.64,14,8,56.10,23,18,33.33,3,6,29.41,5,12,2018,Regular,From
DAL,5,4,37.83,100.00,1,0,0.00,0,2,0.00,0,2,50.00,2,2,60.00,3,2,0.00,0,2,0.00,0,0,DAL,5,4,58.61,62.96,17,10,90.91,10,1,51.72,15,14,67.53,52,25,50.85,30,29,29.41,5,12,0.00,0,0,DAL,5,4,58.25,0.00,0,3,50.00,2,2,47.06,8,9,70.00,14,6,58.06,18,13,64.29,9,5,0.00,0,0,DAL,5,4,55.79,70.00,7,3,60.00,3,2,55.00,11,9,65.79,25,13,47.06,16,18,35.71,5,9,0.00,0,0,2018,Regular,From
DET,5,8,55.43,0.00,0,0,100.00,1,0,50.00,2,2,62.50,5,3,42.86,3,4,50.00,1,1,0.00,0,0,DET,5,8,47.23,0.00,0,0,68.75,11,5,50.00,14,14,50.37,68,67,26.92,7,19,35.00,7,13,0.00,0,2,DET,5,8,48.59,0.00,0,0,35.71,5,9,50.00,8,8,59.26,32,22,36.84,7,12,20.00,1,4,0.00,0,0,DET,5,8,50.58,0.00,0,0,64.29,9,5,43.75,7,9,51.67,31,29,57.14,8,6,30.00,3,7,0.00,0,0,2018,Regular,From
EDM,5,2,40.16,50.00,1,1,66.67,2,1,20.00,1,4,28.57,2,5,100.00,1,0,100.00,1,0,0.00,0,0,EDM,5,2,57.21,59.52,25,17,58.10,61,44,71.43,25,10,57.69,15,11,57.50,23,17,75.00,6,2,0.00,0,0,EDM,5,2,62.70,82.35,14,3,62.16,23,14,60.00,6,4,63.16,12,7,55.56,10,8,80.00,4,1,0.00,0,0,EDM,5,2,56.08,68.18,15,7,66.07,37,19,58.33,7,5,52.94,9,8,64.29,9,5,0.00,0,9,0.00,0,0,2018,Regular,From
FLA,5,4,44.60,0.00,0,2,100.00,3,0,50.00,5,5,16.67,1,5,100.00,1,0,50.00,1,1,50.00,1,1,FLA,5,4,60.56,47.37,9,10,68.42,13,6,64.21,61,34,66.67,46,23,33.33,2,4,55.56,10,8,58.33,7,5,FLA,5,4,51.23,57.14,4,3,64.29,9,5,52.50,21,19,60.00,12,8,33.33,1,2,33.33,2,4,0.00,0,1,FLA,5,4,48.99,75.00,6,2,75.00,6,2,37.14,13,22,59.46,22,15,0.00,0,2,66.67,2,1,0.00,0,3,2018,Regular,From
L.A,5,9,59.36,0.00,0,0,100.00,1,0,50.00,1,1,71.43,5,2,42.86,3,4,50.00,1,1,0.00,0,0,L.A,5,9,52.33,0.00,0,0,50.00,11,11,62.50,10,6,53.85,42,36,49.37,39,40,33.33,2,4,43.75,7,9,L.A,5,9,49.06,0.00,0,0,50.00,3,3,55.56,5,4,65.85,27,14,34.62,9,17,28.57,2,5,0.00,0,7,L.A,5,9,51.76,0.00,0,0,37.50,3,5,60.00,6,4,68.29,28,13,43.33,13,17,10.00,1,9,37.50,3,5,2018,Regular,From
MIN,5,4,50.87,0.00,0,0,100.00,2,0,60.00,3,2,50.00,4,4,28.57,2,5,33.33,1,2,100.00,1,0,MIN,5,4,46.18,0.00,0,0,78.95,15,4,73.08,19,7,37.59,50,83,42.59,23,31,40.00,2,3,50.00,1,1,MIN,5,4,43.01,0.00,0,0,60.00,3,2,54.55,6,5,40.00,16,24,31.58,6,13,100.00,2,0,0.00,0,0,MIN,5,4,51.33,0.00,0,0,60.00,3,2,83.33,5,1,47.37,27,30,50.00,15,15,33.33,1,2,0.00,0,0,2018,Regular,From
MTL,5,3,21.40,0.00,0,3,0.00,0,0,33.33,1,2,33.33,3,6,0.00,0,3,0.00,0,0,0.00,0,0,MTL,5,3,57.29,75.00,30,10,71.43,20,8,44.58,37,46,63.51,47,27,66.67,12,6,0.00,0,0,0.00,0,0,MTL,5,3,55.11,70.59,12,5,83.33,10,2,35.00,7,13,57.69,15,11,50.00,4,4,0.00,0,0,0.00,0,0,MTL,5,3,55.88,56.25,9,7,72.00,18,7,70.83,17,7,47.73,21,23,44.44,4,5,0.00,0,0,0.00,0,0,2018,Regular,From
N.J,5,8,68.49,0.00,0,0,100.00,1,0,66.67,2,1,60.00,3,2,50.00,1,1,75.00,3,1,66.67,2,1,N.J,5,8,45.33,40.00,2,3,42.86,3,4,53.33,8,7,45.83,22,26,52.50,21,19,25.49,13,38,45.45,20,24,N.J,5,8,55.52,60.00,3,2,25.00,1,3,60.00,6,4,55.17,16,13,83.33,10,2,42.86,9,12,43.75,7,9,N.J,5,8,44.68,100.00,2,0,66.67,2,1,54.55,6,5,50.00,14,14,31.25,5,11,23.53,4,13,44.44,4,5,2018,Regular,From
NSH,5,5,39.20,0.00,0,1,50.00,1,1,50.00,2,2,0.00,0,4,66.67,2,1,66.67,2,1,0.00,0,1,NSH,5,5,48.06,33.33,8,16,48.15,13,14,57.78,26,19,53.42,39,34,50.00,25,25,0.00,0,3,0.00,0,3,NSH,5,5,59.30,77.78,7,2,57.14,8,6,38.89,7,11,72.73,24,9,50.00,12,12,80.00,4,1,0.00,0,0,NSH,5,5,47.04,42.86,3,4,66.67,8,4,55.56,10,8,44.83,13,16,44.00,11,14,0.00,0,0,0.00,0,3,2018,Regular,From
NYI,5,5,54.24,0.00,0,1,66.67,2,1,60.00,3,2,33.33,2,4,100.00,1,0,100.00,2,0,50.00,1,1,NYI,5,5,47.99,57.69,15,11,47.22,17,19,60.00,36,24,43.14,22,29,35.42,17,31,71.43,5,2,54.55,6,5,NYI,5,5,49.70,46.15,6,7,52.94,9,8,53.85,14,12,70.00,7,3,53.33,8,7,50.00,1,1,25.00,2,6,NYI,5,5,51.90,52.94,9,8,42.11,8,11,76.92,20,6,58.06,18,13,31.03,9,20,62.50,5,3,50.00,2,2,2018,Regular,From
NYR,5,2,30.17,0.00,0,1,50.00,1,1,40.00,2,3,22.22,2,7,50.00,1,1,0.00,0,0,0.00,0,0,NYR,5,2,47.69,54.55,6,5,65.00,13,7,59.46,44,30,41.33,31,44,42.00,21,29,12.50,1,7,0.00,0,0,NYR,5,2,44.06,50.00,5,5,66.67,6,3,60.71,17,11,33.33,9,18,33.33,6,12,0.00,0,2,0.00,0,0,NYR,5,2,44.97,40.00,2,3,58.33,7,5,70.59,24,10,40.54,15,22,6.67,1,14,28.57,2,5,0.00,0,0,2018,Regular,From
OTT,5,8,64.45,0.00,0,0,0.00,0,0,100.00,2,0,75.00,6,2,20.00,1,4,50.00,1,1,75.00,3,1,OTT,5,8,52.92,0.00,0,0,0.00,0,0,66.67,10,5,54.31,63,53,50.00,14,14,25.00,4,12,46.34,19,22,OTT,5,8,43.44,0.00,0,0,0.00,0,0,75.00,3,1,39.39,26,40,60.00,9,6,55.56,5,4,22.73,5,17,OTT,5,8,28.36,0.00,0,0,0.00,0,0,66.67,2,1,30.30,20,46,23.81,5,16,16.67,2,10,19.23,5,21,2018,Regular,From
PHI,5,6,62.34,100.00,1,0,50.00,1,1,0.00,0,2,85.71,6,1,33.33,1,2,50.00,2,2,75.00,3,1,PHI,5,6,54.25,100.00,2,0,100.00,2,0,64.10,25,14,53.06,52,46,38.10,16,26,52.94,9,8,55.56,10,8,PHI,5,6,37.84,0.00,0,0,0.00,0,3,38.89,7,11,40.00,18,27,35.29,6,11,40.00,2,3,33.33,4,8,PHI,5,6,48.50,100.00,2,0,100.00,1,0,69.23,9,4,45.65,21,25,40.91,9,13,40.00,4,6,30.00,3,7,2018,Regular,From
PIT,5,5,32.89,0.00,0,7,66.67,2,1,42.86,3,4,33.33,2,4,50.00,1,1,33.33,1,2,100.00,1,0,PIT,5,5,52.49,44.68,21,26,58.33,14,10,40.43,19,28,65.85,27,14,61.76,21,13,44.83,13,16,66.67,16,8,PIT,5,5,42.67,60.00,6,4,75.00,12,4,41.67,10,14,45.45,5,6,33.33,5,10,21.43,3,11,22.22,2,7,PIT,5,5,42.31,38.46,10,16,40.00,4,6,50.00,7,7,46.15,12,14,35.00,7,13,43.75,7,9,57.14,4,3,2018,Regular,From
S.J,5,4,36.50,0.00,0,0,50.00,1,1,25.00,1,3,50.00,4,4,0.00,0,4,100.00,1,0,0.00,0,0,S.J,5,4,56.27,56.25,9,7,62.50,5,3,67.86,38,18,49.28,34,35,55.81,24,19,50.00,8,8,0.00,0,0,S.J,5,4,63.43,100.00,7,0,66.67,2,1,65.00,13,7,57.69,15,11,63.64,21,12,37.50,3,5,0.00,0,0,S.J,5,4,49.76,62.50,5,3,60.00,6,4,65.63,21,11,43.75,21,27,44.83,13,16,33.33,5,10,0.00,0,0,2018,Regular,From
STL,5,8,56.09,50.00,1,1,0.00,0,1,100.00,1,0,83.33,5,1,42.86,3,4,50.00,1,1,0.00,0,1,STL,5,8,44.89,41.67,5,7,28.57,4,10,100.00,6,0,45.83,33,39,45.45,30,36,32.43,12,25,38.46,10,16,STL,5,8,47.72,100.00,1,0,33.33,1,2,100.00,1,0,38.89,7,11,51.72,15,14,21.43,3,11,100.00,3,0,STL,5,8,46.00,100.00,3,0,33.33,1,2,100.00,2,0,46.67,21,24,37.93,11,18,37.50,6,10,33.33,3,6,2018,Regular,From
T.B,5,8,55.68,0.00,0,0,100.00,3,0,50.00,1,1,66.67,4,2,60.00,6,4,0.00,0,5,0.00,0,0,T.B,5,8,47.94,0.00,0,0,90.91,10,1,61.54,8,5,43.53,37,48,45.45,35,42,35.00,14,26,0.00,0,0,T.B,5,8,53.06,0.00,0,0,77.78,7,2,70.00,7,3,58.06,18,13,51.43,18,17,20.00,4,16,0.00,0,0,T.B,5,8,60.67,0.00,0,0,60.00,3,2,100.00,5,0,48.94,23,24,63.64,21,12,66.67,10,5,0.00,0,0,2018,Regular,From
TOR,5,8,59.17,0.00,0,0,50.00,2,2,75.00,3,1,60.00,6,4,25.00,1,3,66.67,2,1,66.67,4,2,TOR,5,8,54.47,70.59,12,5,80.00,24,6,75.00,18,6,43.59,34,44,43.75,7,9,42.86,6,8,42.86,12,16,TOR,5,8,54.24,50.00,3,3,73.33,11,4,54.55,6,5,52.94,18,16,25.00,1,3,40.00,2,3,52.94,9,8,TOR,5,8,62.98,0.00,0,2,71.43,10,4,57.14,8,6,69.23,36,16,66.67,6,3,66.67,4,2,48.00,12,13,2018,Regular,From
VAN,5,5,49.36,100.00,1,0,50.00,1,1,50.00,2,2,33.33,2,4,50.00,2,2,100.00,1,0,0.00,0,0,VAN,5,5,46.06,100.00,7,0,75.00,6,2,56.00,14,11,38.75,31,49,34.00,17,33,50.00,18,18,0.00,0,1,VAN,5,5,51.31,60.00,3,2,42.86,3,4,55.56,5,4,62.16,23,14,35.71,5,9,31.58,6,13,100.00,2,0,VAN,5,5,52.21,100.00,2,0,66.67,4,2,66.67,6,3,54.55,18,15,47.37,9,10,28.57,4,10,0.00,0,1,2018,Regular,From
VGK,5,8,59.26,0.00,0,0,0.00,0,1,80.00,4,1,55.56,5,4,75.00,3,1,50.00,1,1,33.33,1,2,VGK,5,8,46.70,100.00,2,0,33.33,1,2,58.21,39,28,36.78,32,55,50.00,10,10,33.33,4,8,46.34,19,22,VGK,5,8,51.81,0.00,0,0,100.00,2,0,64.10,25,14,42.86,15,20,55.56,5,4,25.00,1,3,38.46,5,8,VGK,5,8,50.19,0.00,0,0,100.00,3,0,52.08,25,23,42.86,15,20,44.44,4,5,50.00,4,4,52.38,11,10,2018,Regular,From
WPG,5,6,49.01,40.00,2,3,0.00,0,2,33.33,1,2,83.33,5,1,80.00,4,1,0.00,0,3,0.00,0,0,WPG,5,6,46.83,46.88,15,17,100.00,1,0,66.67,2,1,43.84,32,41,33.33,14,28,56.00,28,22,0.00,0,1,WPG,5,6,43.69,27.27,3,8,0.00,0,0,0.00,0,2,42.42,14,19,58.33,7,5,47.06,8,9,0.00,0,0,WPG,5,6,46.18,55.56,15,12,100.00,1,0,100.00,3,0,46.81,22,25,18.75,3,13,43.75,14,18,0.00,0,1,2018,Regular,From
WSH,5,7,64.72,0.00,0,0,100.00,3,0,75.00,3,1,50.00,3,3,66.67,2,1,0.00,0,3,100.00,3,0,WSH,5,7,41.97,0.00,0,0,52.94,9,8,37.14,13,22,47.46,28,31,44.00,11,14,40.00,6,9,28.89,13,32,WSH,5,7,50.59,0.00,0,0,70.00,7,3,64.29,9,5,52.63,20,18,35.29,6,11,54.55,6,5,31.82,7,15,WSH,5,7,53.23,0.00,0,0,22.22,2,7,69.23,18,8,64.86,24,13,33.33,4,8,37.50,3,5,38.89,7,11,2018,Regular,From
ANA,4,5,51.84,100.00,1,0,100.00,2,0,50.00,2,2,42.86,3,4,50.00,1,1,0.00,0,1,0.00,0,0,ANA,4,5,50.23,100.00,1,0,66.67,10,5,58.62,34,24,50.59,43,42,27.59,8,21,100.00,1,0,0.00,0,0,ANA,4,5,49.79,100.00,1,0,54.55,6,5,52.94,9,8,48.72,19,20,42.86,6,8,66.67,2,1,0.00,0,0,ANA,4,5,39.52,0.00,0,0,37.50,3,5,42.11,8,11,45.45,20,24,13.33,2,13,75.00,3,1,0.00,0,0,2018,Regular,From
ARI,4,1,31.18,66.67,2,1,0.00,0,1,0.00,0,2,50.00,3,3,25.00,1,3,0.00,0,2,0.00,0,1,ARI,4,1,47.17,53.66,22,19,80.00,4,1,66.67,2,1,47.62,30,33,42.31,33,45,0.00,0,2,0.00,0,1,ARI,4,1,48.07,61.54,8,5,100.00,1,0,60.00,3,2,58.33,14,10,35.14,13,24,0.00,0,1,0.00,0,1,ARI,4,1,57.61,47.62,10,11,33.33,1,2,83.33,5,1,72.73,16,6,52.27,23,21,100.00,1,0,0.00,0,0,2018,Regular,From
BOS,4,4,43.60,50.00,1,1,0.00,0,3,66.67,2,1,20.00,1,4,66.67,2,1,100.00,2,0,0.00,0,0,BOS,4,4,48.90,63.16,12,7,51.61,16,15,40.91,9,13,43.48,10,13,44.44,8,10,54.17,13,11,47.06,8,9,BOS,4,4,53.13,80.00,4,1,57.14,8,6,60.00,6,4,50.00,12,12,100.00,3,0,52.63,10,9,29.41,5,12,BOS,4,4,60.14,70.59,12,5,60.00,3,2,37.50,6,10,66.67,10,5,66.67,4,2,72.73,8,3,57.14,4,3,2018,Regular,From
BUF,4,1,26.33,40.00,2,3,0.00,0,3,66.67,2,1,20.00,1,4,0.00,0,1,0.00,0,0,0.00,0,0,BUF,4,1,46.01,44.12,15,19,54.55,6,5,45.10,23,28,35.29,12,22,63.41,26,15,0.00,0,0,0.00,0,0,BUF,4,1,40.15,70.59,12,5,0.00,0,1,28.13,9,23,30.00,3,7,71.43,5,2,0.00,0,0,0.00,0,0,BUF,4,1,43.74,70.00,7,3,28.57,2,5,58.33,21,15,22.22,4,14,33.33,2,4,0.00,0,0,0.00,0,0,2018,Regular,From
CAR,4,5,42.61,0.00,0,0,0.00,0,0,75.00,3,1,28.57,2,5,50.00,1,1,0.00,0,1,0.00,0,0,CAR,4,5,51.96,0.00,0,0,50.00,1,1,69.05,29,13,56.32,49,38,14.29,1,6,25.93,7,20,33.33,4,8,CAR,4,5,52.56,0.00,0,0,0.00,0,0,55.00,11,9,60.47,26,17,33.33,1,2,28.57,2,5,0.00,0,3,CAR,4,5,54.02,0.00,0,0,0.00,0,0,72.73,16,6,49.12,28,29,66.67,2,1,41.18,7,10,50.00,2,2,2018,Regular,From
CBJ,4,6,61.74,50.00,1,1,0.00,0,2,100.00,1,0,66.67,4,2,66.67,2,1,100.00,1,0,100.00,1,0,CBJ,4,6,53.60,72.22,13,5,51.85,14,13,51.85,14,13,56.06,37,29,42.86,12,16,64.71,11,6,42.31,11,15,CBJ,4,6,60.44,71.43,5,2,100.00,1,0,80.00,8,2,47.62,10,11,70.00,7,3,45.45,5,6,53.85,7,6,CBJ,4,6,48.81,42.86,3,4,55.56,5,4,80.00,8,2,44.74,17,21,27.27,3,8,50.00,5,5,47.06,8,9,2018,Regular,From
CGY,4,6,53.54,0.00,0,0,50.00,1,1,33.33,1,2,50.00,2,2,75.00,3,1,50.00,1,1,0.00,0,0,CGY,4,6,45.61,0.00,0,0,28.57,4,10,41.67,25,35,48.68,37,39,38.46,5,8,44.44,16,20,66.67,10,5,CGY,4,6,47.67,0.00,0,0,22.22,2,7,42.11,8,11,47.50,19,21,57.14,4,3,50.00,8,8,100.00,4,0,CGY,4,6,52.62,0.00,0,0,87.50,14,2,38.89,7,11,50.00,18,18,16.67,1,5,56.25,9,7,42.86,3,4,2018,Regular,From
CHI,4,7,80.94,0.00,0,0,0.00,0,0,100.00,1,0,66.67,4,2,100.00,2,0,60.00,3,2,88.89,8,1,CHI,4,7,45.32,0.00,0,0,0.00,0,0,21.43,3,11,40.00,6,9,43.33,13,17,36.36,24,42,47.69,31,34,CHI,4,7,41.02,0.00,0,0,0.00,0,0,50.00,3,3,42.86,3,4,58.33,7,5,20.00,4,16,35.29,6,11,CHI,4,7,50.00,0.00,0,0,0.00,0,0,60.00,3,2,35.71,5,9,40.00,6,9,35.14,13,24,60.61,20,13,2018,Regular,From
COL,4,6,86.68,0.00,0,0,0.00,0,0,0.00,0,0,100.00,5,0,66.67,2,1,100.00,3,0,50.00,1,1,COL,4,6,51.30,50.00,2,2,57.69,15,11,50.00,13,13,61.11,11,7,50.00,21,21,45.71,16,19,36.84,7,12,COL,4,6,42.12,0.00,0,1,50.00,4,4,20.00,1,4,56.25,9,7,33.33,7,14,43.75,7,9,20.00,1,4,COL,4,6,46.13,0.00,0,1,50.00,2,2,66.67,4,2,50.00,5,5,48.15,13,14,33.33,3,6,29.41,5,12,2018,Regular,From
DAL,4,2,30.58,100.00,1,0,0.00,0,2,0.00,0,2,33.33,1,2,50.00,2,2,0.00,0,1,0.00,0,0,DAL,4,2,58.95,62.96,17,10,90.91,10,1,51.72,15,14,65.00,39,21,57.14,20,15,31.25,5,11,0.00,0,0,DAL,4,2,56.81,0.00,0,3,50.00,2,2,47.06,8,9,57.14,8,6,66.67,14,7,64.29,9,5,0.00,0,0,DAL,4,2,55.87,70.00,7,3,60.00,3,2,55.00,11,9,64.52,20,11,50.00,12,12,35.71,5,9,0.00,0,0,2018,Regular,From
DET,4,6,46.41,0.00,0,0,100.00,1,0,33.33,1,2,50.00,2,2,50.00,2,2,0.00,0,1,0.00,0,0,DET,4,6,46.83,0.00,0,0,68.75,11,5,43.75,7,9,49.60,62,63,11.11,1,8,29.41,5,12,0.00,0,0,DET,4,6,49.35,0.00,0,0,35.71,5,9,46.15,6,7,57.69,30,22,40.00,2,3,33.33,1,2,0.00,0,0,DET,4,6,49.52,0.00,0,0,64.29,9,5,40.00,6,9,52.63,30,27,0.00,0,2,42.86,3,4,0.00,0,0,2018,Regular,From
EDM,4,2,42.01,50.00,1,1,50.00,1,1,25.00,1,3,33.33,2,4,100.00,1,0,100.00,1,0,0.00,0,0,EDM,4,2,55.36,56.67,17,13,52.56,41,37,70.97,22,9,57.69,15,11,57.50,23,17,75.00,6,2,0.00,0,0,EDM,4,2,61.76,78.57,11,3,60.00,18,12,62.50,5,3,63.16,12,7,55.56,10,8,80.00,4,1,0.00,0,0,EDM,4,2,58.31,72.22,13,5,69.23,27,12,70.00,7,3,52.94,9,8,64.29,9,5,0.00,0,9,0.00,0,0,2018,Regular,From
FLA,4,4,53.60,0.00,0,0,100.00,3,0,55.56,5,4,20.00,1,4,100.00,1,0,50.00,1,1,50.00,1,1,FLA,4,4,60.75,0.00,0,0,70.59,12,5,62.50,55,33,64.15,34,19,33.33,2,4,55.56,10,8,58.33,7,5,FLA,4,4,53.36,0.00,0,0,75.00,9,3,52.78,19,17,64.29,9,5,33.33,1,2,33.33,2,4,0.00,0,1,FLA,4,4,44.84,0.00,0,0,71.43,5,2,34.38,11,21,61.54,16,10,0.00,0,2,66.67,2,1,0.00,0,3,2018,Regular,From
L.A,4,7,63.53,0.00,0,0,100.00,1,0,50.00,1,1,66.67,4,2,50.00,3,3,100.00,1,0,0.00,0,0,L.A,4,7,52.71,0.00,0,0,50.00,11,11,62.50,10,6,54.41,37,31,50.00,26,26,33.33,1,2,43.75,7,9,L.A,4,7,53.78,0.00,0,0,50.00,3,3,55.56,5,4,63.16,24,14,50.00,8,8,100.00,1,0,0.00,0,7,L.A,4,7,54.22,0.00,0,0,37.50,3,5,60.00,6,4,66.67,24,12,47.06,8,9,0.00,0,3,37.50,3,5,2018,Regular,From
MIN,4,4,51.66,0.00,0,0,100.00,1,0,66.67,2,1,57.14,4,3,28.57,2,5,33.33,1,2,100.00,1,0,MIN,4,4,46.24,0.00,0,0,71.43,10,4,88.89,8,1,39.81,43,65,43.40,23,30,40.00,2,3,50.00,1,1,MIN,4,4,43.77,0.00,0,0,66.67,2,1,60.00,3,2,40.54,15,22,33.33,6,12,100.00,2,0,0.00,0,0,MIN,4,4,50.55,0.00,0,0,60.00,3,2,100.00,1,0,47.83,22,24,50.00,14,14,33.33,1,2,0.00,0,0,2018,Regular,From
MTL,4,2,15.42,0.00,0,3,0.00,0,0,33.33,1,2,20.00,1,4,0.00,0,1,0.00,0,0,0.00,0,0,MTL,4,2,55.91,75.00,30,10,71.43,20,8,44.87,35,43,56.41,22,17,78.57,11,3,0.00,0,0,0.00,0,0,MTL,4,2,57.50,70.59,12,5,83.33,10,2,35.00,7,13,71.43,10,4,50.00,3,3,0.00,0,0,0.00,0,0,MTL,4,2,65.70,56.25,9,7,72.00,18,7,83.33,15,3,70.59,12,5,40.00,2,3,0.00,0,0,0.00,0,0,2018,Regular,From
N.J,4,6,73.22,0.00,0,0,100.00,1,0,50.00,1,1,66.67,2,1,50.00,1,1,100.00,3,0,66.67,2,1,N.J,4,6,46.79,40.00,2,3,42.86,3,4,50.00,7,7,55.17,16,13,45.71,16,19,30.00,12,28,45.45,20,24,N.J,4,6,51.81,60.00,3,2,25.00,1,3,60.00,6,4,40.00,6,9,81.82,9,2,38.46,5,8,43.75,7,9,N.J,4,6,46.36,100.00,2,0,66.67,2,1,50.00,4,4,46.67,7,8,31.25,5,11,40.00,4,6,44.44,4,5,2018,Regular,From
NSH,4,4,43.80,0.00,0,1,50.00,1,1,50.00,2,2,0.00,0,3,100.00,2,0,66.67,2,1,0.00,0,1,NSH,4,4,44.99,33.33,8,16,48.15,13,14,57.78,26,19,48.00,12,13,47.73,21,23,0.00,0,3,0.00,0,3,NSH,4,4,57.50,77.78,7,2,57.14,8,6,38.89,7,11,75.00,9,3,54.55,12,10,80.00,4,1,0.00,0,0,NSH,4,4,49.19,42.86,3,4,66.67,8,4,55.56,10,8,63.64,7,4,38.89,7,11,0.00,0,0,0.00,0,3,2018,Regular,From
NYI,4,3,46.32,0.00,0,1,66.67,2,1,50.00,2,2,20.00,1,4,0.00,0,0,100.00,2,0,50.00,1,1,NYI,4,3,52.68,57.69,15,11,47.22,17,19,65.96,31,16,41.86,18,25,61.11,11,7,71.43,5,2,54.55,6,5,NYI,4,3,51.52,46.15,6,7,52.94,9,8,55.56,10,8,70.00,7,3,80.00,4,1,100.00,1,0,25.00,2,6,NYI,4,3,54.72,52.94,9,8,42.11,8,11,84.21,16,3,52.63,10,9,50.00,4,4,60.00,3,2,50.00,2,2,2018,Regular,From
NYR,4,2,31.55,0.00,0,1,50.00,1,1,50.00,2,2,14.29,1,6,100.00,1,0,0.00,0,0,0.00,0,0,NYR,4,2,49.12,54.55,6,5,65.00,13,7,60.94,39,25,47.06,24,27,32.00,8,17,12.50,1,7,0.00,0,0,NYR,4,2,47.64,50.00,5,5,66.67,6,3,68.00,17,8,27.27,6,16,50.00,4,4,0.00,0,2,0.00,0,0,NYR,4,2,44.71,40.00,2,3,58.33,7,5,70.00,21,9,33.33,9,18,0.00,0,7,28.57,2,5,0.00,0,0,2018,Regular,From
OTT,4,6,60.86,0.00,0,0,0.00,0,0,100.00,2,0,71.43,5,2,20.00,1,4,0.00,0,1,100.00,2,0,OTT,4,6,54.37,0.00,0,0,0.00,0,0,66.67,10,5,53.51,61,53,50.00,13,13,0.00,0,1,50.00,6,6,OTT,4,6,44.92,0.00,0,0,0.00,0,0,75.00,3,1,40.32,25,37,64.29,9,5,0.00,0,1,25.00,2,6,OTT,4,6,29.82,0.00,0,0,0.00,0,0,66.67,2,1,31.25,20,44,25.00,5,15,100.00,1,0,0.00,0,9,2018,Regular,From
PHI,4,4,52.81,100.00,1,0,50.00,1,1,0.00,0,2,83.33,5,1,50.00,1,1,0.00,0,2,0.00,0,0,PHI,4,4,51.46,100.00,2,0,100.00,2,0,64.10,25,14,51.14,45,43,35.14,13,24,40.00,2,3,0.00,0,0,PHI,4,4,34.36,0.00,0,0,0.00,0,3,38.89,7,11,36.59,15,26,28.57,4,10,50.00,1,1,0.00,0,0,PHI,4,4,49.21,100.00,2,0,100.00,1,0,69.23,9,4,45.00,18,22,36.84,7,12,40.00,2,3,0.00,0,0,2018,Regular,From
PIT,4,5,29.73,0.00,0,7,0.00,0,1,50.00,2,2,40.00,2,3,50.00,1,1,33.33,1,2,100.00,1,0,PIT,4,5,53.66,44.68,21,26,42.86,3,4,39.13,9,14,70.00,21,9,61.76,21,13,44.83,13,16,66.67,16,8,PIT,4,5,41.93,60.00,6,4,75.00,6,2,42.86,6,8,55.56,5,4,33.33,5,10,21.43,3,11,22.22,2,7,PIT,4,5,44.99,38.46,10,16,75.00,3,1,44.44,4,5,55.00,11,9,35.00,7,13,43.75,7,9,57.14,4,3,2018,Regular,From
S.J,4,2,25.44,0.00,0,0,50.00,1,1,25.00,1,3,33.33,2,4,0.00,0,3,0.00,0,0,0.00,0,0,S.J,4,2,57.45,56.25,9,7,62.50,5,3,67.86,38,18,50.94,27,26,56.10,23,18,0.00,0,0,0.00,0,0,S.J,4,2,61.66,100.00,7,0,66.67,2,1,65.00,13,7,45.00,9,11,61.29,19,12,0.00,0,0,0.00,0,0,S.J,4,2,51.04,62.50,5,3,60.00,6,4,65.63,21,11,44.44,16,20,40.74,11,16,0.00,0,0,0.00,0,0,2018,Regular,From
STL,4,8,65.06,0.00,0,0,0.00,0,0,100.00,1,0,83.33,5,1,50.00,3,3,50.00,1,1,0.00,0,1,STL,4,8,45.49,0.00,0,0,0.00,0,0,100.00,3,0,43.10,25,33,45.45,30,36,32.43,12,25,38.46,10,16,STL,4,8,47.78,0.00,0,0,0.00,0,0,100.00,1,0,33.33,4,8,51.72,15,14,21.43,3,11,100.00,3,0,STL,4,8,42.91,0.00,0,0,0.00,0,0,100.00,1,0,42.86,15,20,37.93,11,18,37.50,6,10,33.33,3,6,2018,Regular,From
T.B,4,6,55.73,0.00,0,0,100.00,3,0,50.00,1,1,66.67,4,2,55.56,5,4,0.00,0,4,0.00,0,0,T.B,4,6,46.14,0.00,0,0,90.91,10,1,61.54,8,5,40.00,22,33,42.03,29,40,33.33,11,22,0.00,0,0,T.B,4,6,55.11,0.00,0,0,77.78,7,2,70.00,7,3,71.43,15,6,48.00,12,13,21.05,4,15,0.00,0,0,T.B,4,6,50.92,0.00,0,0,60.00,3,2,100.00,5,0,34.38,11,21,52.17,12,11,58.33,7,5,0.00,0,0,2018,Regular,From
TOR,4,6,57.64,0.00,0,0,50.00,2,2,50.00,1,1,66.67,4,2,25.00,1,3,66.67,2,1,66.67,4,2,TOR,4,6,59.43,70.59,12,5,80.00,24,6,75.00,15,5,55.81,24,19,36.36,4,7,42.86,6,8,42.86,12,16,TOR,4,6,53.82,50.00,3,3,73.33,11,4,55.56,5,4,50.00,11,11,25.00,1,3,40.00,2,3,52.94,9,8,TOR,4,6,62.09,0.00,0,2,71.43,10,4,60.00,6,4,72.00,18,7,66.67,2,1,66.67,4,2,48.00,12,13,2018,Regular,From
VAN,4,3,42.25,100.00,1,0,50.00,1,1,50.00,2,2,33.33,2,4,33.33,1,2,0.00,0,0,0.00,0,0,VAN,4,3,45.19,100.00,7,0,75.00,6,2,56.00,14,11,42.65,29,39,21.88,7,25,43.48,10,13,0.00,0,0,VAN,4,3,52.68,60.00,3,2,42.86,3,4,55.56,5,4,63.64,21,12,37.50,3,5,35.71,5,9,0.00,0,0,VAN,4,3,49.08,100.00,2,0,66.67,4,2,66.67,6,3,55.56,15,12,20.00,2,8,14.29,1,6,0.00,0,0,2018,Regular,From
VGK,4,6,55.43,0.00,0,0,0.00,0,1,80.00,4,1,50.00,4,4,50.00,1,1,100.00,1,0,33.33,1,2,VGK,4,6,46.15,100.00,2,0,33.33,1,2,58.21,39,28,35.82,24,43,35.71,5,9,0.00,0,2,46.34,19,22,VGK,4,6,50.71,0.00,0,0,100.00,2,0,64.10,25,14,20.00,3,12,66.67,4,2,0.00,0,1,38.46,5,8,VGK,4,6,48.76,0.00,0,0,100.00,3,0,52.08,25,23,37.50,9,15,28.57,2,5,100.00,1,0,52.38,11,10,2018,Regular,From
WPG,4,4,44.49,40.00,2,3,0.00,0,2,33.33,1,2,75.00,3,1,80.00,4,1,0.00,0,3,0.00,0,0,WPG,4,4,48.53,46.88,15,17,100.00,1,0,66.67,2,1,44.90,22,27,34.48,10,19,56.00,28,22,0.00,0,1,WPG,4,4,44.73,27.27,3,8,0.00,0,0,0.00,0,2,52.38,11,10,50.00,3,3,47.06,8,9,0.00,0,0,WPG,4,4,47.37,55.56,15,12,100.00,1,0,100.00,3,0,42.86,12,16,25.00,2,6,43.75,14,18,0.00,0,1,2018,Regular,From
WSH,4,5,63.86,0.00,0,0,100.00,3,0,75.00,3,1,40.00,2,3,50.00,1,1,0.00,0,2,100.00,3,0,WSH,4,5,38.62,0.00,0,0,52.94,9,8,37.14,13,22,46.94,23,26,36.36,4,7,25.00,2,6,25.00,10,30,WSH,4,5,47.85,0.00,0,0,70.00,7,3,64.29,9,5,46.88,15,17,28.57,2,5,42.86,3,4,29.41,5,12,WSH,4,5,53.11,0.00,0,0,22.22,2,7,69.23,18,8,61.76,21,13,0.00,0,4,40.00,2,3,43.75,7,9,2018,Regular,From
ANA,3,3,47.17,100.00,1,0,100.00,2,0,50.00,2,2,20.00,1,4,0.00,0,0,0.00,0,0,0.00,0,0,ANA,3,3,51.97,100.00,1,0,66.67,10,5,58.62,34,24,47.06,32,36,50.00,1,1,0.00,0,0,0.00,0,0,ANA,3,3,51.04,100.00,1,0,54.55,6,5,52.94,9,8,52.94,18,16,33.33,1,2,0.00,0,0,0.00,0,0,ANA,3,3,40.65,0.00,0,0,37.50,3,5,42.11,8,11,45.95,17,20,0.00,0,2,0.00,0,0,0.00,0,0,2018,Regular,From
ARI,3,1,30.80,66.67,2,1,0.00,0,1,0.00,0,1,40.00,2,3,33.33,1,2,0.00,0,2,0.00,0,1,ARI,3,1,47.66,53.66,22,19,100.00,2,0,50.00,1,1,50.00,10,10,44.00,33,42,0.00,0,2,0.00,0,1,ARI,3,1,47.37,61.54,8,5,100.00,1,0,50.00,2,2,85.71,6,1,34.29,12,23,0.00,0,1,0.00,0,1,ARI,3,1,52.57,47.62,10,11,0.00,0,1,75.00,3,1,63.64,7,4,50.00,21,21,100.00,1,0,0.00,0,0,2018,Regular,From
BOS,3,2,28.86,50.00,1,1,0.00,0,3,50.00,1,1,25.00,1,3,50.00,1,1,0.00,0,0,0.00,0,0,BOS,3,2,48.51,63.16,12,7,51.61,16,15,40.91,9,13,50.00,5,5,35.71,5,9,64.29,9,5,0.00,0,0,BOS,3,2,62.00,80.00,4,1,57.14,8,6,60.00,6,4,57.14,8,6,100.00,3,0,66.67,6,3,0.00,0,0,BOS,3,2,56.38,70.59,12,5,60.00,3,2,37.50,6,10,71.43,5,2,66.67,2,1,75.00,3,1,0.00,0,0,2018,Regular,From
BUF,3,1,20.20,40.00,2,3,0.00,0,3,0.00,0,1,33.33,1,2,0.00,0,1,0.00,0,0,0.00,0,0,BUF,3,1,47.61,44.12,15,19,54.55,6,5,43.48,10,13,37.04,10,17,63.41,26,15,0.00,0,0,0.00,0,0,BUF,3,1,46.86,70.59,12,5,0.00,0,1,11.11,1,8,33.33,2,4,71.43,5,2,0.00,0,0,0.00,0,0,BUF,3,1,41.30,70.00,7,3,28.57,2,5,56.25,9,7,23.08,3,10,33.33,2,4,0.00,0,0,0.00,0,0,2018,Regular,From
CAR,3,3,35.02,0.00,0,0,0.00,0,0,75.00,3,1,16.67,1,5,0.00,0,1,0.00,0,0,0.00,0,0,CAR,3,3,57.80,0.00,0,0,50.00,1,1,69.05,29,13,56.32,49,38,0.00,0,3,0.00,0,0,0.00,0,0,CAR,3,3,56.64,0.00,0,0,0.00,0,0,55.00,11,9,60.47,26,17,0.00,0,1,0.00,0,0,0.00,0,0,CAR,3,3,54.02,0.00,0,0,0.00,0,0,72.73,16,6,49.12,28,29,0.00,0,1,0.00,0,0,0.00,0,0,2018,Regular,From
CBJ,3,4,57.51,50.00,1,1,0.00,0,2,0.00,0,0,75.00,3,1,50.00,1,1,100.00,1,0,100.00,1,0,CBJ,3,4,52.42,72.22,13,5,51.85,14,13,100.00,2,0,47.62,20,22,38.89,7,11,64.71,11,6,42.31,11,15,CBJ,3,4,57.02,71.43,5,2,100.00,1,0,0.00,0,0,50.00,8,8,57.14,4,3,45.45,5,6,53.85,7,6,CBJ,3,4,47.43,42.86,3,4,55.56,5,4,50.00,1,1,46.43,13,15,28.57,2,5,50.00,5,5,47.06,8,9,2018,Regular,From
CGY,3,4,54.66,0.00,0,0,50.00,1,1,0.00,0,2,50.00,1,1,100.00,2,0,100.00,1,0,0.00,0,0,CGY,3,4,45.60,0.00,0,0,28.57,4,10,50.00,24,24,46.03,29,34,28.57,2,5,35.71,5,9,66.67,10,5,CGY,3,4,48.47,0.00,0,0,22.22,2,7,47.06,8,9,48.57,17,18,66.67,2,1,50.00,5,5,100.00,4,0,CGY,3,4,56.02,0.00,0,0,87.50,14,2,38.46,5,8,54.84,17,14,33.33,1,2,50.00,4,4,42.86,3,4,2018,Regular,From
CHI,3,5,82.99,0.00,0,0,0.00,0,0,0.00,0,0,75.00,3,1,100.00,2,0,60.00,3,2,88.89,8,1,CHI,3,5,45.88,0.00,0,0,0.00,0,0,0.00,0,0,30.77,4,9,26.32,5,14,38.30,18,29,47.69,31,34,CHI,3,5,39.93,0.00,0,0,0.00,0,0,0.00,0,0,40.00,2,3,42.86,3,4,27.27,3,8,35.29,6,11,CHI,3,5,56.51,0.00,0,0,0.00,0,0,0.00,0,0,41.67,5,7,50.00,5,5,42.11,8,11,60.61,20,13,2018,Regular,From
COL,3,4,100.00,0.00,0,0,0.00,0,0,0.00,0,0,100.00,3,0,100.00,1,0,100.00,1,0,100.00,1,0,COL,3,4,47.57,50.00,2,2,57.69,15,11,50.00,13,13,53.85,7,6,36.00,9,16,44.12,15,19,37.50,3,5,COL,3,4,43.68,0.00,0,1,50.00,4,4,20.00,1,4,54.55,6,5,33.33,5,10,43.75,7,9,100.00,1,0,COL,3,4,45.00,0.00,0,1,50.00,2,2,66.67,4,2,66.67,4,2,40.00,6,9,33.33,3,6,25.00,2,6,2018,Regular,From
DAL,3,2,40.14,100.00,1,0,0.00,0,1,0.00,0,1,33.33,1,2,66.67,2,1,0.00,0,1,0.00,0,0,DAL,3,2,61.63,61.54,16,10,90.00,9,1,100.00,2,0,66.04,35,18,58.33,14,10,31.25,5,11,0.00,0,0,DAL,3,2,57.14,0.00,0,3,100.00,1,0,0.00,0,3,61.54,8,5,60.00,9,6,64.29,9,5,0.00,0,0,DAL,3,2,55.54,66.67,6,3,60.00,3,2,50.00,3,3,64.29,18,10,50.00,10,10,35.71,5,9,0.00,0,0,2018,Regular,From
DET,3,4,40.20,0.00,0,0,100.00,1,0,0.00,0,2,66.67,2,1,33.33,1,2,0.00,0,1,0.00,0,0,DET,3,4,44.04,0.00,0,0,68.75,11,5,30.77,4,9,47.56,39,43,12.50,1,7,28.57,4,10,0.00,0,0,DET,3,4,49.22,0.00,0,0,35.71,5,9,45.45,5,6,60.00,21,14,50.00,2,2,33.33,1,2,0.00,0,0,DET,3,4,56.33,0.00,0,0,64.29,9,5,46.15,6,7,60.87,28,18,0.00,0,0,40.00,2,3,0.00,0,0,2018,Regular,From
EDM,3,2,49.13,0.00,0,0,100.00,1,0,25.00,1,3,40.00,2,3,100.00,1,0,100.00,1,0,0.00,0,0,EDM,3,2,56.26,100.00,1,0,47.62,30,33,72.41,21,8,62.50,15,9,57.50,23,17,75.00,6,2,0.00,0,0,EDM,3,2,61.86,0.00,0,0,68.18,15,7,57.14,4,3,60.00,9,6,55.56,10,8,80.00,4,1,0.00,0,0,EDM,3,2,51.24,100.00,1,0,60.71,17,11,66.67,6,3,46.67,7,8,64.29,9,5,0.00,0,9,0.00,0,0,2018,Regular,From
FLA,3,4,55.14,0.00,0,0,100.00,2,0,57.14,4,3,25.00,1,3,100.00,1,0,50.00,1,1,50.00,1,1,FLA,3,4,61.33,0.00,0,0,68.75,11,5,66.67,30,15,61.11,22,14,33.33,2,4,55.56,10,8,58.33,7,5,FLA,3,4,57.38,0.00,0,0,81.82,9,2,60.00,9,6,60.00,6,4,33.33,1,2,33.33,2,4,0.00,0,1,FLA,3,4,52.52,0.00,0,0,66.67,4,2,44.44,8,10,68.18,15,7,0.00,0,2,66.67,2,1,0.00,0,3,2018,Regular,From
L.A,3,5,69.86,0.00,0,0,100.00,1,0,50.00,1,1,80.00,4,1,50.00,2,2,100.00,1,0,0.00,0,0,L.A,3,5,51.46,0.00,0,0,50.00,11,11,50.00,3,3,52.27,23,21,52.08,25,23,33.33,1,2,43.75,7,9,L.A,3,5,50.91,0.00,0,0,50.00,3,3,50.00,2,2,61.90,13,8,53.85,7,6,100.00,1,0,0.00,0,7,L.A,3,5,52.18,0.00,0,0,37.50,3,5,100.00,3,0,66.67,12,6,47.06,8,9,0.00,0,3,37.50,3,5,2018,Regular,From
MIN,3,3,60.88,0.00,0,0,100.00,1,0,66.67,2,1,60.00,3,2,25.00,1,3,100.00,1,0,100.00,1,0,MIN,3,3,49.98,0.00,0,0,71.43,10,4,88.89,8,1,42.22,38,52,48.48,16,17,66.67,2,1,50.00,1,1,MIN,3,3,40.15,0.00,0,0,66.67,2,1,60.00,3,2,37.14,13,22,27.27,3,8,100.00,1,0,0.00,0,0,MIN,3,3,52.20,0.00,0,0,60.00,3,2,100.00,1,0,55.26,21,17,38.89,7,11,0.00,0,0,0.00,0,0,2018,Regular,From
MTL,3,2,9.68,0.00,0,3,0.00,0,0,33.33,1,2,0.00,0,3,0.00,0,0,0.00,0,0,0.00,0,0,MTL,3,2,55.76,75.00,30,10,77.78,7,2,47.76,32,35,59.46,22,15,0.00,0,0,0.00,0,0,0.00,0,0,MTL,3,2,57.73,70.59,12,5,66.67,2,1,40.00,6,9,75.00,9,3,0.00,0,0,0.00,0,0,0.00,0,0,MTL,3,2,64.98,56.25,9,7,71.43,5,2,84.62,11,2,66.67,10,5,0.00,0,0,0.00,0,0,0.00,0,0,2018,Regular,From
N.J,3,6,84.37,0.00,0,0,0.00,0,0,100.00,1,0,100.00,2,0,50.00,1,1,100.00,3,0,66.67,2,1,N.J,3,6,47.66,0.00,0,0,0.00,0,0,0.00,0,0,57.89,11,8,45.71,16,19,30.00,12,28,45.45,20,24,N.J,3,6,57.78,0.00,0,0,0.00,0,0,0.00,0,0,55.56,5,4,81.82,9,2,38.46,5,8,43.75,7,9,N.J,3,6,46.46,0.00,0,0,0.00,0,0,0.00,0,0,58.33,7,5,31.25,5,11,40.00,4,6,44.44,4,5,2018,Regular,From
NSH,3,2,30.44,0.00,0,1,50.00,1,1,33.33,1,2,0.00,0,3,100.00,1,0,50.00,1,1,0.00,0,1,NSH,3,2,43.69,33.33,8,16,48.15,13,14,61.76,21,13,50.00,9,9,41.18,7,10,0.00,0,2,0.00,0,2,NSH,3,2,63.43,77.78,7,2,57.14,8,6,50.00,6,6,72.73,8,3,75.00,6,2,100.00,2,0,0.00,0,0,NSH,3,2,52.14,42.86,3,4,66.67,8,4,57.14,8,6,75.00,6,2,25.00,1,3,0.00,0,0,0.00,0,2,2018,Regular,From
NYI,3,3,49.96,0.00,0,1,50.00,1,1,50.00,1,1,33.33,1,2,0.00,0,0,100.00,2,0,50.00,1,1,NYI,3,3,51.85,57.69,15,11,48.57,17,18,55.00,11,9,46.15,12,14,61.11,11,7,71.43,5,2,54.55,6,5,NYI,3,3,50.44,46.15,6,7,57.14,8,6,57.14,4,3,60.00,3,2,80.00,4,1,100.00,1,0,25.00,2,6,NYI,3,3,51.58,52.94,9,8,46.67,7,8,83.33,5,1,50.00,6,6,50.00,4,4,60.00,3,2,50.00,2,2,2018,Regular,From
NYR,3,2,36.53,0.00,0,1,50.00,1,1,66.67,2,1,16.67,1,5,100.00,1,0,0.00,0,0,0.00,0,0,NYR,3,2,45.42,54.55,6,5,61.11,11,7,63.33,19,11,41.86,18,25,32.00,8,17,12.50,1,7,0.00,0,0,NYR,3,2,45.49,50.00,5,5,57.14,4,3,78.57,11,3,25.00,5,15,50.00,4,4,0.00,0,2,0.00,0,0,NYR,3,2,35.57,40.00,2,3,50.00,5,5,64.29,9,5,26.32,5,14,0.00,0,7,28.57,2,5,0.00,0,0,2018,Regular,From
OTT,3,4,51.28,0.00,0,0,0.00,0,0,100.00,2,0,66.67,4,2,20.00,1,4,0.00,0,1,0.00,0,0,OTT,3,4,57.40,0.00,0,0,0.00,0,0,66.67,10,5,56.73,59,45,55.56,10,8,0.00,0,1,0.00,0,0,OTT,3,4,43.67,0.00,0,0,0.00,0,0,75.00,3,1,41.38,24,34,50.00,3,3,0.00,0,1,0.00,0,0,OTT,3,4,33.37,0.00,0,0,0.00,0,0,66.67,2,1,31.58,18,39,25.00,3,9,100.00,1,0,0.00,0,0,2018,Regular,From
PHI,3,4,56.59,0.00,0,0,0.00,0,0,0.00,0,1,80.00,4,1,50.00,1,1,0.00,0,1,0.00,0,0,PHI,3,4,53.14,0.00,0,0,0.00,0,0,68.18,15,7,53.33,40,35,40.74,11,16,40.00,2,3,0.00,0,0,PHI,3,4,40.78,0.00,0,0,0.00,0,1,50.00,5,5,38.89,14,22,40.00,4,6,50.00,1,1,0.00,0,0,PHI,3,4,51.39,0.00,0,0,100.00,1,0,66.67,6,3,48.57,17,18,45.45,5,6,40.00,2,3,0.00,0,0,2018,Regular,From
PIT,3,3,32.07,0.00,0,7,0.00,0,1,50.00,2,2,40.00,2,3,50.00,1,1,100.00,1,0,100.00,1,0,PIT,3,3,49.92,44.68,21,26,42.86,3,4,39.13,9,14,69.23,18,8,46.15,6,7,38.46,5,8,66.67,16,8,PIT,3,3,46.32,60.00,6,4,75.00,6,2,42.86,6,8,71.43,5,2,50.00,3,3,0.00,0,5,22.22,2,7,PIT,3,3,43.07,38.46,10,16,75.00,3,1,44.44,4,5,55.56,10,8,50.00,2,2,12.50,1,7,57.14,4,3,2018,Regular,From
S.J,3,2,31.83,0.00,0,0,50.00,1,1,33.33,1,2,40.00,2,3,0.00,0,2,0.00,0,0,0.00,0,0,S.J,3,2,52.45,56.25,9,7,62.50,5,3,53.85,14,12,51.11,23,22,53.57,15,13,0.00,0,0,0.00,0,0,S.J,3,2,63.00,100.00,7,0,50.00,1,1,70.00,7,3,45.00,9,11,65.22,15,8,0.00,0,0,0.00,0,0,S.J,3,2,49.12,62.50,5,3,71.43,5,2,45.45,5,6,50.00,12,12,40.00,8,12,0.00,0,0,0.00,0,0,2018,Regular,From
STL,3,6,59.77,0.00,0,0,0.00,0,0,100.00,1,0,80.00,4,1,40.00,2,3,50.00,1,1,0.00,0,1,STL,3,6,47.27,0.00,0,0,0.00,0,0,100.00,3,0,46.00,23,27,50.00,16,16,34.29,12,23,38.46,10,16,STL,3,6,49.19,0.00,0,0,0.00,0,0,100.00,1,0,30.00,3,7,55.56,10,8,25.00,3,9,100.00,3,0,STL,3,6,46.80,0.00,0,0,0.00,0,0,100.00,1,0,40.74,11,16,53.85,7,6,42.86,6,8,33.33,3,6,2018,Regular,From
T.B,3,4,56.31,0.00,0,0,100.00,3,0,50.00,1,1,60.00,3,2,50.00,3,3,0.00,0,2,0.00,0,0,T.B,3,4,43.74,0.00,0,0,90.91,10,1,61.54,8,5,38.64,17,27,33.33,15,30,31.25,5,11,0.00,0,0,T.B,3,4,55.31,0.00,0,0,77.78,7,2,70.00,7,3,68.42,13,6,40.00,6,9,18.18,2,9,0.00,0,0,T.B,3,4,44.30,0.00,0,0,60.00,3,2,100.00,5,0,23.08,6,20,55.56,10,8,33.33,2,4,0.00,0,0,2018,Regular,From
TOR,3,6,67.64,0.00,0,0,100.00,2,0,0.00,0,1,80.00,4,1,33.33,1,2,66.67,2,1,66.67,4,2,TOR,3,6,57.09,0.00,0,0,75.00,15,5,75.00,12,4,58.06,18,13,36.36,4,7,42.86,6,8,42.86,12,16,TOR,3,6,56.27,0.00,0,0,70.00,7,3,57.14,4,3,58.82,10,7,25.00,1,3,40.00,2,3,52.94,9,8,TOR,3,6,61.17,0.00,0,0,60.00,6,4,50.00,4,4,76.47,13,4,66.67,2,1,66.67,4,2,48.00,12,13,2018,Regular,From
VAN,3,3,45.21,0.00,0,0,100.00,1,0,50.00,1,1,40.00,2,3,33.33,1,2,0.00,0,0,0.00,0,0,VAN,3,3,41.10,0.00,0,0,75.00,3,1,53.85,7,6,42.59,23,31,21.88,7,25,43.48,10,13,0.00,0,0,VAN,3,3,48.55,0.00,0,0,40.00,2,3,40.00,2,3,59.26,16,11,37.50,3,5,35.71,5,9,0.00,0,0,VAN,3,3,48.45,0.00,0,0,50.00,2,2,83.33,5,1,63.16,12,7,20.00,2,8,14.29,1,6,0.00,0,0,2018,Regular,From
VGK,3,6,74.89,0.00,0,0,0.00,0,0,100.00,2,0,75.00,3,1,100.00,1,0,100.00,1,0,33.33,1,2,VGK,3,6,44.72,0.00,0,0,0.00,0,0,56.00,28,22,35.09,20,37,0.00,0,2,0.00,0,2,46.34,19,22,VGK,3,6,49.22,0.00,0,0,0.00,0,0,64.00,16,9,23.08,3,10,100.00,3,0,0.00,0,1,38.46,5,8,VGK,3,6,49.81,0.00,0,0,0.00,0,0,58.33,21,15,33.33,7,14,33.33,2,4,100.00,1,0,52.38,11,10,2018,Regular,From
WPG,3,2,37.64,40.00,2,3,0.00,0,2,0.00,0,2,66.67,2,1,75.00,3,1,0.00,0,2,0.00,0,0,WPG,3,2,50.05,46.88,15,17,100.00,1,0,0.00,0,1,45.16,14,17,38.10,8,13,58.70,27,19,0.00,0,1,WPG,3,2,42.45,27.27,3,8,0.00,0,0,0.00,0,2,56.25,9,7,50.00,2,2,41.67,5,7,0.00,0,0,WPG,3,2,48.35,55.56,15,12,100.00,1,0,0.00,0,0,47.62,10,11,40.00,2,3,42.86,12,16,0.00,0,1,2018,Regular,From
WSH,3,5,60.09,0.00,0,0,100.00,1,0,75.00,3,1,40.00,2,3,50.00,1,1,0.00,0,2,100.00,3,0,WSH,3,5,40.86,0.00,0,0,100.00,1,0,50.00,7,7,48.89,22,23,36.36,4,7,25.00,2,6,25.00,10,30,WSH,3,5,41.01,0.00,0,0,100.00,1,0,40.00,2,3,43.33,13,17,28.57,2,5,42.86,3,4,29.41,5,12,WSH,3,5,54.56,0.00,0,0,0.00,0,1,70.00,7,3,62.50,20,12,0.00,0,4,40.00,2,3,43.75,7,9,2018,Regular,From
ANA,2,3,52.00,100.00,1,0,100.00,2,0,66.67,2,1,20.00,1,4,0.00,0,0,0.00,0,0,0.00,0,0,ANA,2,3,48.76,100.00,1,0,100.00,2,0,56.86,29,22,38.24,13,21,50.00,1,1,0.00,0,0,0.00,0,0,ANA,2,3,58.36,100.00,1,0,100.00,1,0,53.33,8,7,66.67,10,5,33.33,1,2,0.00,0,0,0.00,0,0,ANA,2,3,41.39,0.00,0,0,0.00,0,1,37.50,6,10,52.17,12,11,0.00,0,2,0.00,0,0,0.00,0,0,2018,Regular,From
ARI,2,1,32.16,0.00,0,0,0.00,0,0,0.00,0,0,50.00,2,2,33.33,1,2,0.00,0,2,0.00,0,1,ARI,2,1,47.47,0.00,0,0,0.00,0,0,50.00,1,1,52.94,9,8,44.00,33,42,0.00,0,2,0.00,0,1,ARI,2,1,46.37,0.00,0,0,0.00,0,0,66.67,2,1,100.00,6,0,34.29,12,23,0.00,0,1,0.00,0,1,ARI,2,1,57.56,0.00,0,0,0.00,0,0,100.00,2,0,60.00,6,4,50.00,21,21,100.00,1,0,0.00,0,0,2018,Regular,From
BOS,2,2,33.05,0.00,0,1,0.00,0,1,0.00,0,0,50.00,1,1,50.00,1,1,0.00,0,0,0.00,0,0,BOS,2,2,55.04,62.50,5,3,53.33,16,14,80.00,4,1,80.00,4,1,35.71,5,9,64.29,9,5,0.00,0,0,BOS,2,2,61.27,0.00,0,1,57.14,8,6,50.00,2,2,66.67,6,3,100.00,3,0,66.67,6,3,0.00,0,0,BOS,2,2,60.70,75.00,6,2,60.00,3,2,25.00,1,3,66.67,2,1,66.67,2,1,75.00,3,1,0.00,0,0,2018,Regular,From
BUF,2,1,25.94,50.00,1,1,0.00,0,2,0.00,0,0,50.00,1,1,0.00,0,1,0.00,0,0,0.00,0,0,BUF,2,1,48.71,45.45,5,6,28.57,2,5,38.89,7,11,38.10,8,13,63.41,26,15,0.00,0,0,0.00,0,0,BUF,2,1,51.89,75.00,6,2,0.00,0,1,20.00,1,4,40.00,2,3,71.43,5,2,0.00,0,0,0.00,0,0,BUF,2,1,38.55,50.00,2,2,40.00,2,3,50.00,4,4,33.33,3,6,33.33,2,4,0.00,0,0,0.00,0,0,2018,Regular,From
CAR,2,3,42.98,0.00,0,0,0.00,0,0,75.00,3,1,25.00,1,3,0.00,0,1,0.00,0,0,0.00,0,0,CAR,2,3,56.61,0.00,0,0,50.00,1,1,68.97,20,9,55.56,35,28,0.00,0,3,0.00,0,0,0.00,0,0,CAR,2,3,55.45,0.00,0,0,0.00,0,0,64.29,9,5,54.84,17,14,0.00,0,1,0.00,0,0,0.00,0,0,CAR,2,3,51.88,0.00,0,0,0.00,0,0,64.29,9,5,50.00,19,19,0.00,0,1,0.00,0,0,0.00,0,0,2018,Regular,From
CBJ,2,2,54.24,50.00,1,1,0.00,0,2,0.00,0,0,50.00,1,1,100.00,1,0,100.00,1,0,100.00,1,0,CBJ,2,2,57.15,72.22,13,5,51.85,14,13,100.00,2,0,50.00,1,1,60.00,6,4,64.71,11,6,42.31,11,15,CBJ,2,2,59.01,71.43,5,2,100.00,1,0,0.00,0,0,0.00,0,0,50.00,2,2,45.45,5,6,53.85,7,6,CBJ,2,2,48.72,42.86,3,4,55.56,5,4,50.00,1,1,50.00,2,2,25.00,1,3,50.00,5,5,47.06,8,9,2018,Regular,From
CGY,2,2,48.83,0.00,0,0,50.00,1,1,0.00,0,2,50.00,1,1,100.00,1,0,100.00,1,0,0.00,0,0,CGY,2,2,47.04,0.00,0,0,28.57,4,10,50.00,24,24,48.28,14,15,0.00,0,0,0.00,0,1,66.67,10,5,CGY,2,2,42.93,0.00,0,0,22.22,2,7,47.06,8,9,37.50,6,10,100.00,1,0,0.00,0,0,100.00,4,0,CGY,2,2,53.91,0.00,0,0,87.50,14,2,38.46,5,8,47.06,8,9,0.00,0,0,0.00,0,1,42.86,3,4,2018,Regular,From
CHI,2,4,94.71,0.00,0,0,0.00,0,0,0.00,0,0,100.00,2,0,100.00,1,0,100.00,3,0,88.89,8,1,CHI,2,4,53.17,0.00,0,0,0.00,0,0,0.00,0,0,42.86,3,4,33.33,1,2,48.15,13,14,47.69,31,34,CHI,2,4,40.66,0.00,0,0,0.00,0,0,0.00,0,0,50.00,1,1,0.00,0,0,0.00,0,1,35.29,6,11,CHI,2,4,61.86,0.00,0,0,0.00,0,0,0.00,0,0,55.56,5,4,50.00,1,1,44.44,4,5,60.61,20,13,2018,Regular,From
COL,2,2,100.00,0.00,0,0,0.00,0,0,0.00,0,0,100.00,2,0,100.00,1,0,0.00,0,0,0.00,0,0,COL,2,2,47.39,50.00,2,2,57.69,15,11,50.00,13,13,53.85,7,6,40.00,8,12,25.00,1,3,0.00,0,0,COL,2,2,43.44,0.00,0,1,50.00,4,4,20.00,1,4,85.71,6,1,27.27,3,8,50.00,1,1,0.00,0,0,COL,2,2,45.41,0.00,0,1,50.00,2,2,66.67,4,2,80.00,4,1,27.27,3,8,25.00,1,3,0.00,0,0,2018,Regular,From
DAL,2,0,14.59,100.00,1,0,0.00,0,1,0.00,0,1,0.00,0,2,0.00,0,1,0.00,0,0,0.00,0,0,DAL,2,0,63.41,61.54,16,10,90.00,9,1,100.00,2,0,65.22,30,16,45.45,5,6,0.00,0,0,0.00,0,0,DAL,2,0,51.13,0.00,0,3,100.00,1,0,0.00,0,3,70.00,7,3,75.00,3,1,0.00,0,0,0.00,0,0,DAL,2,0,55.41,66.67,6,3,60.00,3,2,50.00,3,3,59.09,13,9,42.86,3,4,0.00,0,0,0.00,0,0,2018,Regular,From
DET,2,4,52.96,0.00,0,0,0.00,0,0,0.00,0,0,100.00,2,0,33.33,1,2,0.00,0,1,0.00,0,0,DET,2,4,44.43,0.00,0,0,0.00,0,0,0.00,0,0,49.33,37,38,12.50,1,7,28.57,4,10,0.00,0,0,DET,2,4,57.30,0.00,0,0,0.00,0,0,0.00,0,0,59.38,19,13,50.00,2,2,33.33,1,2,0.00,0,0,DET,2,4,65.15,0.00,0,0,0.00,0,0,0.00,0,0,67.50,27,13,0.00,0,0,40.00,2,3,0.00,0,0,2018,Regular,From
EDM,2,2,66.97,0.00,0,0,0.00,0,0,0.00,0,1,66.67,2,1,100.00,1,0,100.00,1,0,0.00,0,0,EDM,2,2,65.40,0.00,0,0,56.52,13,10,88.24,15,2,68.75,11,5,57.50,23,17,75.00,6,2,0.00,0,0,EDM,2,2,59.62,0.00,0,0,64.29,9,5,50.00,2,2,54.55,6,5,55.56,10,8,80.00,4,1,0.00,0,0,EDM,2,2,55.88,0.00,0,0,85.71,6,1,75.00,3,1,60.00,6,4,64.29,9,5,0.00,0,9,0.00,0,0,2018,Regular,From
FLA,2,2,48.17,0.00,0,0,100.00,2,0,50.00,3,3,25.00,1,3,100.00,1,0,0.00,0,1,0.00,0,0,FLA,2,2,63.17,0.00,0,0,68.75,11,5,66.67,30,15,72.73,16,6,66.67,2,1,0.00,0,4,0.00,0,0,FLA,2,2,58.77,0.00,0,0,81.82,9,2,60.00,9,6,75.00,3,1,33.33,1,2,0.00,0,3,0.00,0,0,FLA,2,2,59.29,0.00,0,0,66.67,4,2,44.44,8,10,91.67,11,1,0.00,0,1,0.00,0,0,0.00,0,0,2018,Regular,From
L.A,2,4,87.21,0.00,0,0,0.00,0,0,0.00,0,0,100.00,3,0,66.67,2,1,100.00,1,0,0.00,0,0,L.A,2,4,49.62,0.00,0,0,0.00,0,0,0.00,0,0,58.06,18,13,38.89,14,22,33.33,1,2,43.75,7,9,L.A,2,4,48.32,0.00,0,0,0.00,0,0,0.00,0,0,62.50,10,6,45.45,5,6,100.00,1,0,0.00,0,7,L.A,2,4,47.66,0.00,0,0,0.00,0,0,0.00,0,0,61.54,8,5,41.67,5,7,0.00,0,3,37.50,3,5,2018,Regular,From
MIN,2,1,49.43,0.00,0,0,100.00,1,0,66.67,2,1,33.33,1,2,33.33,1,2,0.00,0,0,0.00,0,0,MIN,2,1,50.27,0.00,0,0,71.43,10,4,88.89,8,1,43.40,23,30,38.10,8,13,50.00,1,1,0.00,0,0,MIN,2,1,37.17,0.00,0,0,66.67,2,1,60.00,3,2,33.33,8,16,27.27,3,8,0.00,0,0,0.00,0,0,MIN,2,1,54.99,0.00,0,0,60.00,3,2,100.00,1,0,60.00,15,10,36.36,4,7,0.00,0,0,0.00,0,0,2018,Regular,From
MTL,2,2,12.38,0.00,0,3,0.00,0,0,50.00,1,1,0.00,0,2,0.00,0,0,0.00,0,0,0.00,0,0,MTL,2,2,51.59,75.00,30,10,0.00,0,1,35.71,15,27,61.90,13,8,0.00,0,0,0.00,0,0,0.00,0,0,MTL,2,2,51.80,70.59,12,5,0.00,0,1,28.57,2,5,60.00,3,2,0.00,0,0,0.00,0,0,0.00,0,0,MTL,2,2,58.98,56.25,9,7,0.00,0,0,66.67,4,2,75.00,6,2,0.00,0,0,0.00,0,0,0.00,0,0,2018,Regular,From
N.J,2,4,86.28,0.00,0,0,0.00,0,0,0.00,0,0,100.00,1,0,100.00,1,0,100.00,1,0,66.67,2,1,N.J,2,4,53.64,0.00,0,0,0.00,0,0,0.00,0,0,71.43,5,2,48.39,15,16,36.67,11,19,55.56,15,12,N.J,2,4,59.67,0.00,0,0,0.00,0,0,0.00,0,0,25.00,1,3,88.89,8,1,50.00,4,4,40.00,4,6,N.J,2,4,52.92,0.00,0,0,0.00,0,0,0.00,0,0,100.00,4,0,35.71,5,9,66.67,4,2,28.57,2,5,2018,Regular,From
NSH,2,0,12.52,0.00,0,1,0.00,0,1,33.33,1,2,0.00,0,2,0.00,0,0,0.00,0,0,0.00,0,0,NSH,2,0,38.54,33.33,8,16,48.15,13,14,54.17,13,11,20.00,1,4,0.00,0,0,0.00,0,0,0.00,0,0,NSH,2,0,51.95,77.78,7,2,57.14,8,6,25.00,2,6,66.67,4,2,0.00,0,0,0.00,0,0,0.00,0,0,NSH,2,0,48.33,42.86,3,4,66.67,8,4,33.33,2,4,66.67,2,1,0.00,0,0,0.00,0,0,0.00,0,0,2018,Regular,From
NYI,2,2,45.76,0.00,0,1,0.00,0,1,0.00,0,1,50.00,1,1,0.00,0,0,100.00,2,0,50.00,1,1,NYI,2,2,51.83,57.69,15,11,35.29,6,11,40.00,4,6,100.00,1,0,61.11,11,7,71.43,5,2,54.55,6,5,NYI,2,2,47.73,46.15,6,7,54.55,6,5,50.00,2,2,0.00,0,0,80.00,4,1,100.00,1,0,25.00,2,6,NYI,2,2,51.92,52.94,9,8,50.00,5,5,75.00,3,1,50.00,1,1,50.00,4,4,60.00,3,2,50.00,2,2,2018,Regular,From
NYR,2,0,24.63,0.00,0,1,50.00,1,1,66.67,2,1,0.00,0,5,0.00,0,0,0.00,0,0,0.00,0,0,NYR,2,0,51.13,54.55,6,5,61.11,11,7,63.33,19,11,40.74,11,16,0.00,0,0,0.00,0,0,0.00,0,0,NYR,2,0,50.78,50.00,5,5,57.14,4,3,78.57,11,3,30.77,4,9,0.00,0,0,0.00,0,0,0.00,0,0,NYR,2,0,40.19,40.00,2,3,50.00,5,5,64.29,9,5,16.67,2,10,0.00,0,0,0.00,0,0,0.00,0,0,2018,Regular,From
OTT,2,2,51.78,0.00,0,0,0.00,0,0,100.00,1,0,75.00,3,1,25.00,1,3,0.00,0,1,0.00,0,0,OTT,2,2,53.59,0.00,0,0,0.00,0,0,100.00,2,0,52.94,36,32,50.00,7,7,0.00,0,1,0.00,0,0,OTT,2,2,43.77,0.00,0,0,0.00,0,0,0.00,0,0,42.11,16,22,60.00,3,2,0.00,0,1,0.00,0,0,OTT,2,2,30.06,0.00,0,0,0.00,0,0,0.00,0,0,27.66,13,34,30.00,3,7,100.00,1,0,0.00,0,0,2018,Regular,From
PHI,2,2,41.22,0.00,0,0,0.00,0,0,0.00,0,1,50.00,1,1,100.00,1,0,0.00,0,1,0.00,0,0,PHI,2,2,51.12,0.00,0,0,0.00,0,0,68.18,15,7,46.67,21,24,41.67,5,7,40.00,2,3,0.00,0,0,PHI,2,2,45.67,0.00,0,0,0.00,0,1,50.00,5,5,50.00,12,12,33.33,3,6,50.00,1,1,0.00,0,0,PHI,2,2,54.24,0.00,0,0,100.00,1,0,66.67,6,3,50.00,9,9,50.00,4,4,40.00,2,3,0.00,0,0,2018,Regular,From
PIT,2,1,15.69,0.00,0,7,0.00,0,1,50.00,2,2,25.00,1,3,0.00,0,1,0.00,0,0,0.00,0,0,PIT,2,1,43.94,44.68,21,26,42.86,3,4,39.13,9,14,69.23,18,8,0.00,0,3,0.00,0,0,0.00,0,0,PIT,2,1,54.71,60.00,6,4,75.00,6,2,42.86,6,8,83.33,5,1,0.00,0,1,0.00,0,0,0.00,0,0,PIT,2,1,43.29,38.46,10,16,75.00,3,1,44.44,4,5,58.82,10,7,0.00,0,1,0.00,0,0,0.00,0,0,2018,Regular,From
S.J,2,0,22.32,0.00,0,0,50.00,1,1,33.33,1,2,0.00,0,3,0.00,0,0,0.00,0,0,0.00,0,0,S.J,2,0,49.31,56.25,9,7,62.50,5,3,53.85,14,12,47.37,18,20,0.00,0,0,0.00,0,0,0.00,0,0,S.J,2,0,57.57,100.00,7,0,50.00,1,1,70.00,7,3,37.50,6,10,0.00,0,0,0.00,0,0,0.00,0,0,S.J,2,0,47.99,62.50,5,3,71.43,5,2,45.45,5,6,42.11,8,11,0.00,0,0,0.00,0,0,0.00,0,0,2018,Regular,From
STL,2,4,65.98,0.00,0,0,0.00,0,0,100.00,1,0,75.00,3,1,50.00,2,2,100.00,1,0,0.00,0,1,STL,2,4,46.79,0.00,0,0,0.00,0,0,100.00,3,0,36.00,9,16,59.09,13,9,29.41,5,12,38.46,10,16,STL,2,4,52.53,0.00,0,0,0.00,0,0,100.00,1,0,20.00,1,4,60.00,9,6,22.22,2,7,100.00,3,0,STL,2,4,45.84,0.00,0,0,0.00,0,0,100.00,1,0,35.29,6,11,63.64,7,4,33.33,3,6,33.33,3,6,2018,Regular,From
T.B,2,2,51.83,0.00,0,0,100.00,1,0,0.00,0,1,75.00,3,1,50.00,3,3,0.00,0,2,0.00,0,0,T.B,2,2,36.83,0.00,0,0,100.00,4,0,33.33,1,2,27.27,6,16,33.33,15,30,31.25,5,11,0.00,0,0,T.B,2,2,41.23,0.00,0,0,100.00,3,0,66.67,2,1,25.00,1,3,40.00,6,9,18.18,2,9,0.00,0,0,T.B,2,2,40.71,0.00,0,0,0.00,0,0,100.00,1,0,8.33,1,11,55.56,10,8,33.33,2,4,0.00,0,0,2018,Regular,From
TOR,2,4,70.95,0.00,0,0,0.00,0,0,0.00,0,0,100.00,3,0,33.33,1,2,66.67,2,1,66.67,4,2,TOR,2,4,48.96,0.00,0,0,0.00,0,0,0.00,0,0,52.00,13,12,36.36,4,7,42.86,6,8,42.86,12,16,TOR,2,4,54.08,0.00,0,0,0.00,0,0,0.00,0,0,57.14,8,6,25.00,1,3,40.00,2,3,52.94,9,8,TOR,2,4,62.77,0.00,0,0,0.00,0,0,0.00,0,0,71.43,10,4,66.67,2,1,66.67,4,2,48.00,12,13,2018,Regular,From
VAN,2,3,57.83,0.00,0,0,0.00,0,0,100.00,1,0,50.00,2,2,50.00,1,1,0.00,0,0,0.00,0,0,VAN,2,3,35.39,0.00,0,0,0.00,0,0,20.00,1,4,36.11,13,23,23.33,7,23,43.48,10,13,0.00,0,0,VAN,2,3,49.04,0.00,0,0,0.00,0,0,33.33,1,2,59.09,13,9,37.50,3,5,35.71,5,9,0.00,0,0,VAN,2,3,43.13,0.00,0,0,0.00,0,0,66.67,2,1,58.33,7,5,28.57,2,5,14.29,1,6,0.00,0,0,2018,Regular,From
VGK,2,4,79.39,0.00,0,0,0.00,0,0,100.00,2,0,66.67,2,1,0.00,0,0,0.00,0,0,0.00,0,0,VGK,2,4,41.57,0.00,0,0,0.00,0,0,56.00,28,22,33.33,18,36,0.00,0,2,0.00,0,0,0.00,0,0,VGK,2,4,48.99,0.00,0,0,0.00,0,0,64.00,16,9,16.67,2,10,100.00,2,0,0.00,0,0,0.00,0,0,VGK,2,4,46.20,0.00,0,0,0.00,0,0,58.33,21,15,35.00,7,13,25.00,1,3,0.00,0,0,0.00,0,0,2018,Regular,From
WPG,2,0,22.49,40.00,2,3,0.00,0,2,0.00,0,2,0.00,0,1,100.00,1,0,0.00,0,1,0.00,0,0,WPG,2,0,42.35,46.88,15,17,100.00,1,0,0.00,0,1,43.48,10,13,22.22,2,7,66.67,4,2,0.00,0,0,WPG,2,0,48.18,27.27,3,8,0.00,0,0,0.00,0,2,66.67,8,4,100.00,1,0,75.00,3,1,0.00,0,0,WPG,2,0,44.17,55.56,15,12,100.00,1,0,0.00,0,0,37.50,6,10,0.00,0,0,28.57,2,5,0.00,0,0,2018,Regular,From
WSH,2,4,69.29,0.00,0,0,100.00,1,0,75.00,3,1,25.00,1,3,100.00,1,0,0.00,0,0,100.00,3,0,WSH,2,4,41.13,0.00,0,0,100.00,1,0,50.00,7,7,47.83,11,12,100.00,1,0,100.00,1,0,25.00,10,30,WSH,2,4,51.08,0.00,0,0,100.00,1,0,40.00,2,3,66.67,10,5,0.00,0,0,100.00,1,0,29.41,5,12,WSH,2,4,56.95,0.00,0,0,0.00,0,1,70.00,7,3,61.11,11,7,0.00,0,0,0.00,0,0,43.75,7,9,2018,Regular,From
ANA,1,2,68.72,100.00,1,0,100.00,2,0,50.00,1,1,50.00,1,1,0.00,0,0,0.00,0,0,0.00,0,0,ANA,1,2,54.44,100.00,1,0,100.00,2,0,55.56,20,16,50.00,2,2,50.00,1,1,0.00,0,0,0.00,0,0,ANA,1,2,47.45,100.00,1,0,100.00,1,0,57.14,8,6,0.00,0,3,33.33,1,2,0.00,0,0,0.00,0,0,ANA,1,2,29.83,0.00,0,0,0.00,0,1,30.77,4,9,50.00,3,3,0.00,0,2,0.00,0,0,0.00,0,0,2018,Regular,From
ARI,1,0,31.28,0.00,0,0,0.00,0,0,0.00,0,0,50.00,1,1,50.00,1,1,0.00,0,2,0.00,0,1,ARI,1,0,45.56,0.00,0,0,0.00,0,0,50.00,1,1,50.00,2,2,44.44,16,20,0.00,0,2,0.00,0,1,ARI,1,0,52.55,0.00,0,0,0.00,0,0,66.67,2,1,100.00,3,0,42.86,6,8,0.00,0,1,0.00,0,1,ARI,1,0,70.17,0.00,0,0,0.00,0,0,100.00,2,0,50.00,3,3,69.23,9,4,100.00,1,0,0.00,0,0,2018,Regular,From
BOS,1,2,69.25,0.00,0,0,0.00,0,0,0.00,0,0,100.00,1,0,50.00,1,1,0.00,0,0,0.00,0,0,BOS,1,2,58.88,0.00,0,0,0.00,0,0,0.00,0,0,80.00,4,1,35.71,5,9,64.29,9,5,0.00,0,0,BOS,1,2,68.15,0.00,0,0,0.00,0,0,0.00,0,0,40.00,2,3,100.00,3,0,66.67,6,3,0.00,0,0,BOS,1,2,70.12,0.00,0,0,0.00,0,0,0.00,0,0,50.00,1,1,66.67,2,1,75.00,3,1,0.00,0,0,2018,Regular,From
BUF,1,1,51.91,0.00,0,0,0.00,0,0,0.00,0,0,100.00,1,0,0.00,0,1,0.00,0,0,0.00,0,0,BUF,1,1,57.41,0.00,0,0,0.00,0,0,0.00,0,0,38.10,8,13,63.41,26,15,0.00,0,0,0.00,0,0,BUF,1,1,60.50,0.00,0,0,0.00,0,0,0.00,0,0,40.00,2,3,71.43,5,2,0.00,0,0,0.00,0,0,BUF,1,1,30.07,0.00,0,0,0.00,0,0,0.00,0,0,25.00,2,6,33.33,2,4,0.00,0,0,0.00,0,0,2018,Regular,From
CAR,1,2,48.64,0.00,0,0,0.00,0,0,66.67,2,1,50.00,1,1,0.00,0,1,0.00,0,0,0.00,0,0,CAR,1,2,55.48,0.00,0,0,50.00,1,1,61.90,13,8,60.87,14,9,0.00,0,3,0.00,0,0,0.00,0,0,CAR,1,2,61.70,0.00,0,0,0.00,0,0,72.73,8,3,60.00,9,6,0.00,0,1,0.00,0,0,0.00,0,0,CAR,1,2,48.47,0.00,0,0,0.00,0,0,63.64,7,4,42.86,6,8,0.00,0,1,0.00,0,0,0.00,0,0,2018,Regular,From
CBJ,1,2,100.00,0.00,0,0,0.00,0,0,0.00,0,0,100.00,1,0,100.00,1,0,100.00,1,0,100.00,1,0,CBJ,1,2,57.77,0.00,0,0,0.00,0,0,0.00,0,0,0.00,0,1,60.00,6,4,64.71,11,6,42.31,11,15,CBJ,1,2,56.17,0.00,0,0,0.00,0,0,0.00,0,0,0.00,0,0,50.00,2,2,45.45,5,6,53.85,7,6,CBJ,1,2,49.85,0.00,0,0,0.00,0,0,0.00,0,0,0.00,0,1,25.00,1,3,50.00,5,5,47.06,8,9,2018,Regular,From
CGY,1,0,0.00,0.00,0,0,0.00,0,1,0.00,0,1,0.00,0,1,0.00,0,0,0.00,0,0,0.00,0,0,CGY,1,0,35.04,0.00,0,0,25.00,2,6,43.59,17,22,31.25,5,11,0.00,0,0,0.00,0,0,0.00,0,0,CGY,1,0,40.24,0.00,0,0,20.00,1,4,50.00,8,8,44.44,4,5,0.00,0,0,0.00,0,0,0.00,0,0,CGY,1,0,49.89,0.00,0,0,100.00,9,0,38.46,5,8,25.00,2,6,0.00,0,0,0.00,0,0,0.00,0,0,2018,Regular,From
CHI,1,2,100.00,0.00,0,0,0.00,0,0,0.00,0,0,100.00,1,0,100.00,1,0,100.00,1,0,100.00,7,0,CHI,1,2,61.35,0.00,0,0,0.00,0,0,0.00,0,0,50.00,3,3,100.00,1,0,0.00,0,0,55.32,26,21,CHI,1,2,47.21,0.00,0,0,0.00,0,0,0.00,0,0,50.00,1,1,0.00,0,0,0.00,0,0,40.00,4,6,CHI,1,2,67.54,0.00,0,0,0.00,0,0,0.00,0,0,66.67,4,2,0.00,0,0,0.00,0,0,61.54,16,10,2018,Regular,From
COL,1,2,100.00,0.00,0,0,0.00,0,0,0.00,0,0,100.00,2,0,100.00,1,0,0.00,0,0,0.00,0,0,COL,1,2,47.27,0.00,0,0,0.00,0,0,0.00,0,0,58.33,7,5,40.00,8,12,25.00,1,3,0.00,0,0,COL,1,2,44.32,0.00,0,0,0.00,0,0,0.00,0,0,75.00,3,1,27.27,3,8,50.00,1,1,0.00,0,0,COL,1,2,43.14,0.00,0,0,0.00,0,0,0.00,0,0,80.00,4,1,27.27,3,8,25.00,1,3,0.00,0,0,2018,Regular,From
DAL,1,0,0.00,0.00,0,0,0.00,0,0,0.00,0,0,0.00,0,1,0.00,0,1,0.00,0,0,0.00,0,0,DAL,1,0,67.39,0.00,0,0,0.00,0,0,100.00,2,0,70.73,29,12,45.45,5,6,0.00,0,0,0.00,0,0,DAL,1,0,66.80,0.00,0,0,0.00,0,0,0.00,0,2,77.78,7,2,75.00,3,1,0.00,0,0,0.00,0,0,DAL,1,0,59.78,0.00,0,0,0.00,0,0,75.00,3,1,62.50,10,6,42.86,3,4,0.00,0,0,0.00,0,0,2018,Regular,From
DET,1,2,53.48,0.00,0,0,0.00,0,0,0.00,0,0,100.00,1,0,50.00,1,1,0.00,0,1,0.00,0,0,DET,1,2,44.05,0.00,0,0,0.00,0,0,0.00,0,0,53.33,16,14,16.67,1,5,28.57,4,10,0.00,0,0,DET,1,2,64.70,0.00,0,0,0.00,0,0,0.00,0,0,77.78,7,2,50.00,2,2,33.33,1,2,0.00,0,0,DET,1,2,39.42,0.00,0,0,0.00,0,0,0.00,0,0,36.36,4,7,0.00,0,0,40.00,2,3,0.00,0,0,2018,Regular,From
EDM,1,2,100.00,0.00,0,0,0.00,0,0,0.00,0,0,100.00,1,0,100.00,1,0,100.00,1,0,0.00,0,0,EDM,1,2,64.96,0.00,0,0,0.00,0,0,0.00,0,0,68.75,11,5,56.41,22,17,75.00,6,2,0.00,0,0,EDM,1,2,59.76,0.00,0,0,0.00,0,0,0.00,0,0,55.56,5,4,50.00,8,8,80.00,4,1,0.00,0,0,EDM,1,2,50.11,0.00,0,0,0.00,0,0,0.00,0,0,75.00,6,2,61.54,8,5,0.00,0,9,0.00,0,0,2018,Regular,From
FLA,1,0,38.82,0.00,0,0,100.00,2,0,25.00,1,3,0.00,0,1,0.00,0,0,0.00,0,0,0.00,0,0,FLA,1,0,59.23,0.00,0,0,73.33,11,4,61.11,11,7,50.00,5,5,0.00,0,0,0.00,0,0,0.00,0,0,FLA,1,0,68.11,0.00,0,0,77.78,7,2,62.50,5,3,100.00,1,0,0.00,0,0,0.00,0,0,0.00,0,0,FLA,1,0,53.23,0.00,0,0,66.67,4,2,36.36,4,7,100.00,4,0,0.00,0,0,0.00,0,0,0.00,0,0,2018,Regular,From
L.A,1,2,100.00,0.00,0,0,0.00,0,0,0.00,0,0,100.00,1,0,100.00,1,0,0.00,0,0,0.00,0,0,L.A,1,2,43.47,0.00,0,0,0.00,0,0,0.00,0,0,52.63,10,9,31.82,7,15,0.00,0,0,0.00,0,0,L.A,1,2,58.50,0.00,0,0,0.00,0,0,0.00,0,0,58.33,7,5,50.00,5,5,100.00,1,0,0.00,0,0,L.A,1,2,52.59,0.00,0,0,0.00,0,0,0.00,0,0,83.33,5,1,33.33,3,6,0.00,0,1,0.00,0,0,2018,Regular,From
MIN,1,0,46.52,0.00,0,0,100.00,1,0,50.00,1,1,0.00,0,1,0.00,0,0,0.00,0,0,0.00,0,0,MIN,1,0,55.95,0.00,0,0,71.43,10,4,83.33,5,1,46.67,14,16,0.00,0,0,0.00,0,0,0.00,0,0,MIN,1,0,35.30,0.00,0,0,66.67,2,1,50.00,2,2,22.22,2,7,0.00,0,0,0.00,0,0,0.00,0,0,MIN,1,0,60.58,0.00,0,0,60.00,3,2,0.00,0,0,63.64,7,4,0.00,0,0,0.00,0,0,0.00,0,0,2018,Regular,From
MTL,1,2,48.09,0.00,0,0,0.00,0,0,100.00,1,0,0.00,0,1,0.00,0,0,0.00,0,0,0.00,0,0,MTL,1,2,42.59,0.00,0,0,0.00,0,0,36.59,15,26,61.90,13,8,0.00,0,0,0.00,0,0,0.00,0,0,MTL,1,2,39.50,0.00,0,0,0.00,0,0,28.57,2,5,60.00,3,2,0.00,0,0,0.00,0,0,0.00,0,0,MTL,1,2,69.93,0.00,0,0,0.00,0,0,66.67,4,2,75.00,6,2,0.00,0,0,0.00,0,0,0.00,0,0,2018,Regular,From
N.J,1,2,0.00,0.00,0,0,0.00,0,0,0.00,0,0,0.00,0,0,0.00,0,0,0.00,0,0,0.00,0,0,N.J,1,2,52.53,0.00,0,0,0.00,0,0,0.00,0,0,100.00,1,0,50.00,13,13,42.31,11,15,50.00,2,2,N.J,1,2,57.40,0.00,0,0,0.00,0,0,0.00,0,0,0.00,0,3,80.00,4,1,50.00,4,4,100.00,1,0,N.J,1,2,50.61,0.00,0,0,0.00,0,0,0.00,0,0,0.00,0,0,33.33,2,4,50.00,2,2,100.00,1,0,2018,Regular,From
NSH,1,0,30.75,0.00,0,0,0.00,0,0,50.00,1,1,0.00,0,1,0.00,0,0,0.00,0,0,0.00,0,0,NSH,1,0,41.12,0.00,0,0,35.71,5,9,64.29,9,5,20.00,1,4,0.00,0,0,0.00,0,0,0.00,0,0,NSH,1,0,31.85,0.00,0,0,33.33,3,6,0.00,0,3,60.00,3,2,0.00,0,0,0.00,0,0,0.00,0,0,NSH,1,0,29.88,0.00,0,0,25.00,1,3,33.33,1,2,50.00,1,1,0.00,0,0,0.00,0,0,0.00,0,0,2018,Regular,From
NYI,1,0,0.00,0.00,0,1,0.00,0,1,0.00,0,1,0.00,0,1,0.00,0,0,0.00,0,0,0.00,0,0,NYI,1,0,42.23,57.69,15,11,35.29,6,11,40.00,4,6,100.00,1,0,0.00,0,0,0.00,0,0,0.00,0,0,NYI,1,0,43.83,46.15,6,7,54.55,6,5,50.00,2,2,0.00,0,0,0.00,0,0,0.00,0,0,0.00,0,0,NYI,1,0,50.15,52.94,9,8,50.00,5,5,75.00,3,1,100.00,1,0,0.00,0,0,0.00,0,0,0.00,0,0,2018,Regular,From
NYR,1,0,0.00,0.00,0,0,0.00,0,0,0.00,0,1,0.00,0,2,0.00,0,0,0.00,0,0,0.00,0,0,NYR,1,0,52.73,0.00,0,0,75.00,3,1,60.00,12,8,41.67,5,7,0.00,0,0,0.00,0,0,0.00,0,0,NYR,1,0,55.68,0.00,0,0,50.00,1,1,72.73,8,3,25.00,1,3,0.00,0,0,0.00,0,0,0.00,0,0,NYR,1,0,56.86,0.00,0,0,75.00,3,1,72.73,8,3,20.00,1,4,0.00,0,0,0.00,0,0,0.00,0,0,2018,Regular,From
OTT,1,1,52.70,0.00,0,0,0.00,0,0,0.00,0,0,100.00,3,0,25.00,1,3,0.00,0,1,0.00,0,0,OTT,1,1,51.62,0.00,0,0,0.00,0,0,0.00,0,0,52.17,12,11,50.00,7,7,0.00,0,1,0.00,0,0,OTT,1,1,39.33,0.00,0,0,0.00,0,0,0.00,0,0,33.33,5,10,60.00,3,2,0.00,0,1,0.00,0,0,OTT,1,1,39.47,0.00,0,0,0.00,0,0,0.00,0,0,38.89,7,11,30.00,3,7,100.00,1,0,0.00,0,0,2018,Regular,From
PHI,1,2,70.14,0.00,0,0,0.00,0,0,0.00,0,0,100.00,1,0,100.00,1,0,0.00,0,1,0.00,0,0,PHI,1,2,46.00,0.00,0,0,0.00,0,0,0.00,0,0,46.15,12,14,41.67,5,7,40.00,2,3,0.00,0,0,PHI,1,2,49.91,0.00,0,0,0.00,0,0,0.00,0,0,58.33,7,5,33.33,3,6,50.00,1,1,0.00,0,0,PHI,1,2,58.53,0.00,0,0,0.00,0,0,0.00,0,0,66.67,8,4,50.00,4,4,40.00,2,3,0.00,0,0,2018,Regular,From
PIT,1,1,41.55,0.00,0,0,0.00,0,0,66.67,2,1,33.33,1,2,0.00,0,1,0.00,0,0,0.00,0,0,PIT,1,1,49.55,0.00,0,0,42.86,3,4,40.91,9,13,75.00,15,5,0.00,0,3,0.00,0,0,0.00,0,0,PIT,1,1,55.57,0.00,0,0,75.00,6,2,42.86,6,8,100.00,4,0,0.00,0,1,0.00,0,0,0.00,0,0,PIT,1,1,57.78,0.00,0,0,75.00,3,1,44.44,4,5,72.73,8,3,0.00,0,1,0.00,0,0,0.00,0,0,2018,Regular,From
S.J,1,0,29.86,0.00,0,0,100.00,1,0,0.00,0,1,0.00,0,1,0.00,0,0,0.00,0,0,0.00,0,0,S.J,1,0,54.00,0.00,0,0,60.00,3,2,58.33,7,5,53.85,14,12,0.00,0,0,0.00,0,0,0.00,0,0,S.J,1,0,50.09,0.00,0,0,50.00,1,1,66.67,6,3,41.67,5,7,0.00,0,0,0.00,0,0,0.00,0,0,S.J,1,0,41.47,0.00,0,0,60.00,3,2,50.00,4,4,33.33,4,8,0.00,0,0,0.00,0,0,0.00,0,0,2018,Regular,From
STL,1,2,58.45,0.00,0,0,0.00,0,0,100.00,1,0,66.67,2,1,33.33,1,2,0.00,0,0,0.00,0,0,STL,1,2,50.45,0.00,0,0,0.00,0,0,100.00,3,0,25.00,5,15,59.09,13,9,57.14,4,3,0.00,0,0,STL,1,2,44.43,0.00,0,0,0.00,0,0,100.00,1,0,0.00,0,4,57.14,8,6,25.00,2,6,0.00,0,0,STL,1,2,42.22,0.00,0,0,0.00,0,0,100.00,1,0,27.27,3,8,55.56,5,4,25.00,1,3,0.00,0,0,2018,Regular,From
T.B,1,2,61.18,0.00,0,0,0.00,0,0,0.00,0,0,100.00,1,0,75.00,3,1,0.00,0,2,0.00,0,0,T.B,1,2,40.77,0.00,0,0,0.00,0,0,0.00,0,0,50.00,5,5,38.89,7,11,26.67,4,11,0.00,0,0,T.B,1,2,31.89,0.00,0,0,0.00,0,0,0.00,0,0,0.00,0,1,37.50,3,5,22.22,2,7,0.00,0,0,T.B,1,2,46.77,0.00,0,0,0.00,0,0,0.00,0,0,0.00,0,4,63.64,7,4,33.33,2,4,0.00,0,0,2018,Regular,From
TOR,1,2,76.38,0.00,0,0,0.00,0,0,0.00,0,0,0.00,0,0,100.00,1,0,100.00,1,0,60.00,3,2,TOR,1,2,47.08,0.00,0,0,0.00,0,0,0.00,0,0,40.00,4,6,100.00,1,0,0.00,0,0,41.18,7,10,TOR,1,2,57.74,0.00,0,0,0.00,0,0,0.00,0,0,40.00,2,3,100.00,1,0,0.00,0,0,57.14,4,3,TOR,1,2,53.15,0.00,0,0,0.00,0,0,0.00,0,0,57.14,4,3,0.00,0,0,0.00,0,0,45.00,9,11,2018,Regular,From
VAN,1,2,67.60,0.00,0,0,0.00,0,0,0.00,0,0,50.00,1,1,100.00,1,0,0.00,0,0,0.00,0,0,VAN,1,2,33.91,0.00,0,0,0.00,0,0,0.00,0,1,0.00,0,0,11.76,2,15,43.48,10,13,0.00,0,0,VAN,1,2,40.58,0.00,0,0,0.00,0,0,0.00,0,2,50.00,1,1,50.00,2,2,35.71,5,9,0.00,0,0,VAN,1,2,31.51,0.00,0,0,0.00,0,0,0.00,0,1,100.00,2,0,25.00,1,3,14.29,1,6,0.00,0,0,2018,Regular,From
VGK,1,2,100.00,0.00,0,0,0.00,0,0,100.00,1,0,100.00,1,0,0.00,0,0,0.00,0,0,0.00,0,0,VGK,1,2,32.61,0.00,0,0,0.00,0,0,54.55,6,5,29.27,12,29,0.00,0,2,0.00,0,0,0.00,0,0,VGK,1,2,33.20,0.00,0,0,0.00,0,0,25.00,1,3,22.22,2,7,100.00,2,0,0.00,0,0,0.00,0,0,VGK,1,2,40.22,0.00,0,0,0.00,0,0,57.14,4,3,37.50,6,10,25.00,1,3,0.00,0,0,0.00,0,0,2018,Regular,From
WPG,1,0,23.62,40.00,2,3,0.00,0,1,0.00,0,1,0.00,0,0,0.00,0,0,0.00,0,0,0.00,0,0,WPG,1,0,52.92,58.82,10,7,0.00,0,0,0.00,0,1,60.00,6,4,0.00,0,0,0.00,0,0,0.00,0,0,WPG,1,0,42.26,42.86,3,4,0.00,0,0,0.00,0,1,60.00,3,2,0.00,0,0,0.00,0,0,0.00,0,0,WPG,1,0,46.85,55.00,11,9,0.00,0,0,0.00,0,0,42.86,3,4,0.00,0,0,0.00,0,0,0.00,0,0,2018,Regular,From
WSH,1,2,47.30,0.00,0,0,100.00,1,0,75.00,3,1,0.00,0,3,0.00,0,0,0.00,0,0,0.00,0,0,WSH,1,2,48.38,0.00,0,0,100.00,1,0,50.00,7,7,47.83,11,12,0.00,0,0,0.00,0,0,0.00,0,0,WSH,1,2,60.67,0.00,0,0,100.00,1,0,40.00,2,3,66.67,10,5,0.00,0,0,0.00,0,0,0.00,0,0,WSH,1,2,60.53,0.00,0,0,0.00,0,1,70.00,7,3,61.11,11,7,0.00,0,0,0.00,0,0,0.00,0,0,2018,Regular,From
